0 1
0 2
0 6
0 9
0 21
0 97
0 76
0 31
0 67
0 61
0 17
0 87
0 19
0 56
0 54
0 33
0 15
0 80
0 43
0 92
0 28
0 18
0 52
0 94
0 44
0 69
0 45
0 86
0 72
0 68
0 51
0 99
0 83
0 25
0 73
0 74
0 91
0 29
0 39
0 57
0 50
0 81
0 5
0 63
0 38
0 7
0 93
0 95
0 40
0 78
0 49
0 71
0 32
0 58
0 98
0 16
0 75
0 77
1 3
1 5
1 14
1 54
1 25
1 60
1 80
1 12
1 37
1 35
1 47
1 45
1 33
1 49
1 99
1 82
1 81
1 59
1 95
1 64
1 28
1 68
1 77
1 57
1 83
1 84
1 56
1 53
1 29
1 91
1 91
1 41
1 50
1 74
1 13
1 87
1 8
1 46
1 39
1 67
1 22
1 94
1 48
1 20
1 88
1 79
1 10
1 97
1 85
1 2
1 4
1 58
1 71
1 98
1 7
1 86
1 73
1 51
1 6
1 30
1 89
2 92
2 10
2 24
2 63
2 41
2 18
2 45
2 26
2 34
2 93
2 72
2 54
2 60
2 81
2 65
2 27
2 68
2 36
2 11
2 89
2 89
2 19
2 61
2 83
2 58
2 3
2 59
2 74
2 17
2 91
2 38
2 37
2 14
2 6
2 43
2 21
2 56
2 28
2 75
2 95
2 15
2 39
2 22
2 13
2 84
2 71
2 32
2 70
2 66
2 94
2 67
2 64
2 33
2 12
3 4
3 7
3 8
3 11
3 57
3 83
3 69
3 46
3 56
3 74
3 82
3 16
3 17
3 95
3 9
3 85
3 44
3 93
3 25
3 14
3 55
3 67
3 94
3 12
3 22
3 76
3 38
3 10
3 42
3 47
3 29
3 60
3 39
3 61
3 40
3 97
3 70
3 24
3 84
3 15
3 18
3 72
3 68
3 34
3 96
3 49
3 73
3 58
3 71
3 99
3 45
3 20
3 64
3 50
3 19
3 28
4 44
4 22
4 52
4 61
4 34
4 42
4 13
4 63
4 88
4 88
4 30
4 84
4 25
4 31
4 80
4 89
4 76
4 57
4 28
4 58
4 73
4 81
4 50
4 99
4 11
4 72
4 69
4 94
4 21
4 47
4 93
4 98
4 82
4 19
4 96
4 75
4 36
4 97
4 48
4 65
4 37
4 14
4 33
4 74
4 62
4 92
4 16
4 12
4 15
4 32
4 46
4 78
4 60
4 91
4 59
4 64
4 45
4 5
4 51
4 17
4 71
4 55
4 10
4 24
4 9
4 53
5 54
5 92
5 29
5 55
5 63
5 36
5 91
5 58
5 39
5 32
5 48
5 73
5 79
5 41
5 74
5 40
5 65
5 18
5 14
5 94
5 83
5 38
5 86
5 15
5 96
5 8
5 64
5 21
5 51
5 37
5 85
5 9
5 88
5 87
5 28
5 70
5 30
5 95
5 43
5 67
5 44
5 60
5 52
5 72
5 81
5 49
5 26
5 31
5 11
5 20
5 12
6 23
6 98
6 47
6 68
6 92
6 87
6 89
6 83
6 83
6 91
6 45
6 37
6 28
6 20
6 84
6 22
6 80
6 71
6 97
6 17
6 19
6 24
6 99
6 41
6 63
6 60
6 34
6 62
6 64
6 12
6 55
6 96
6 69
6 93
6 72
6 38
6 42
6 13
6 76
6 74
6 39
6 53
6 61
6 81
6 44
7 25
7 49
7 8
7 80
7 12
7 28
7 31
7 40
7 85
7 46
7 96
7 32
7 73
7 56
7 68
7 45
7 11
7 63
7 48
7 52
7 62
7 60
7 24
7 72
7 41
7 16
7 82
7 90
7 37
7 78
7 91
7 58
7 34
7 20
7 83
7 70
7 22
7 79
7 30
7 61
7 97
7 47
7 98
7 69
7 55
7 81
7 54
7 27
7 14
7 10
7 74
8 10
8 12
8 18
8 49
8 30
8 97
8 13
8 98
8 57
8 76
8 52
8 37
8 24
8 61
8 51
8 79
8 11
8 85
8 86
8 56
8 19
8 25
8 54
8 38
8 89
8 62
8 34
8 20
8 69
8 99
8 46
8 28
8 91
8 94
8 41
8 63
8 75
8 73
8 67
8 31
8 40
8 60
8 74
8 48
9 16
9 17
9 92
9 10
9 74
9 72
9 66
9 30
9 84
9 44
9 90
9 47
9 75
9 93
9 35
9 19
9 80
9 53
9 46
9 87
9 79
9 25
9 23
9 32
9 39
9 51
9 50
9 59
9 15
9 98
9 64
9 78
9 89
9 68
9 99
9 22
9 37
9 61
9 71
9 26
9 20
9 40
9 28
9 43
9 21
9 65
9 14
9 97
9 24
9 60
10 27
10 31
10 32
10 34
10 97
10 93
10 51
10 88
10 45
10 90
10 90
10 74
10 37
10 85
10 41
10 92
10 72
10 86
10 35
10 21
10 75
10 19
10 26
10 47
10 13
10 60
10 80
10 94
10 28
10 20
10 12
10 89
10 81
10 76
10 36
10 78
10 25
10 30
10 40
10 55
10 84
10 14
10 50
10 52
10 71
10 56
10 11
10 46
10 62
10 77
10 22
10 39
10 73
10 68
10 17
11 19
11 40
11 76
11 46
11 32
11 38
11 99
11 34
11 17
11 85
11 35
11 64
11 62
11 82
11 20
11 92
11 49
11 55
11 93
11 22
11 89
11 90
11 48
11 73
11 15
11 96
11 45
11 29
11 74
11 84
11 63
11 79
11 72
11 52
11 27
11 69
11 98
11 83
11 59
11 65
11 12
11 97
11 77
11 80
11 61
11 13
11 36
11 95
11 75
11 91
11 51
11 78
11 54
11 68
11 88
12 13
12 30
12 51
12 78
12 65
12 70
12 74
12 74
12 79
12 85
12 59
12 55
12 47
12 45
12 96
12 92
12 99
12 67
12 75
12 49
12 77
12 94
12 84
12 15
12 97
12 72
12 24
12 98
12 89
12 42
12 63
12 26
12 18
12 76
12 66
12 87
12 88
12 58
12 73
12 23
12 62
12 71
12 36
12 50
12 39
12 56
12 57
12 54
12 28
12 90
12 27
12 93
13 15
13 67
13 41
13 65
13 29
13 98
13 87
13 94
13 44
13 45
13 28
13 30
13 79
13 77
13 48
13 52
13 18
13 81
13 49
13 90
13 68
13 32
13 58
13 27
13 23
13 66
13 85
13 61
13 26
13 37
13 33
13 50
13 43
13 76
13 63
13 24
13 75
13 80
13 96
13 95
13 69
13 69
13 20
13 42
14 20
14 59
14 46
14 85
14 77
14 94
14 66
14 97
14 53
14 60
14 91
14 42
14 78
14 52
14 30
14 47
14 25
14 19
14 51
14 65
14 74
14 21
14 63
14 56
14 26
14 37
14 15
14 41
14 31
14 55
14 89
14 48
14 34
14 50
14 33
14 49
14 44
14 93
14 35
14 72
14 87
14 61
14 73
14 62
14 18
14 68
14 36
14 86
14 86
14 23
14 29
14 96
15 24
15 70
15 61
15 53
15 32
15 54
15 31
15 86
15 81
15 99
15 39
15 60
15 57
15 79
15 92
15 26
15 38
15 41
15 59
15 75
15 44
15 96
15 83
15 77
15 29
15 65
15 43
15 90
15 51
15 87
15 28
15 78
15 98
15 27
15 47
15 94
15 46
15 88
15 25
15 63
15 55
15 40
15 49
15 45
15 80
15 95
16 30
16 34
16 91
16 55
16 99
16 25
16 84
16 78
16 86
16 88
16 67
16 53
16 29
16 68
16 19
16 57
16 56
16 58
16 63
16 17
16 87
16 41
16 76
16 47
16 97
16 94
16 83
16 37
16 72
16 59
16 33
16 73
16 21
16 85
16 39
16 74
16 79
16 27
16 50
16 65
16 36
16 89
16 69
16 28
16 93
17 56
17 25
17 52
17 24
17 94
17 66
17 60
17 36
17 85
17 95
17 21
17 62
17 30
17 54
17 97
17 32
17 46
17 44
17 83
17 99
17 31
17 29
17 28
17 80
17 22
17 65
17 90
17 41
17 68
17 35
17 76
17 98
17 49
17 45
17 81
17 67
17 40
17 18
17 79
17 39
17 92
17 53
17 38
17 69
17 61
17 37
17 64
17 34
17 42
18 43
18 63
18 33
18 66
18 78
18 96
18 20
18 53
18 99
18 68
18 31
18 26
18 59
18 97
18 72
18 83
18 80
18 85
18 77
18 93
18 22
18 73
18 73
18 47
18 35
18 34
18 81
18 95
18 39
18 48
18 91
18 29
18 76
18 88
18 19
18 23
18 90
18 79
18 49
18 58
18 92
18 64
18 30
18 21
18 54
18 98
18 40
18 55
18 37
19 22
19 28
19 61
19 79
19 82
19 32
19 85
19 97
19 98
19 38
19 81
19 29
19 45
19 74
19 83
19 34
19 78
19 39
19 50
19 64
19 51
19 91
19 62
19 21
19 70
19 93
19 37
19 57
19 26
19 60
19 65
19 80
19 92
19 59
19 75
19 35
19 89
19 76
19 55
19 41
19 30
19 66
19 42
19 27
19 73
19 49
19 20
19 56
20 46
20 55
20 90
20 60
20 95
20 80
20 53
20 85
20 36
20 32
20 26
20 25
20 23
20 67
20 66
20 66
20 29
20 98
20 39
20 87
20 40
20 38
20 94
20 99
20 71
20 93
20 89
20 54
20 63
20 24
20 70
20 59
20 58
20 75
20 49
20 69
20 79
20 72
20 48
20 27
20 50
20 42
20 37
20 33
20 21
21 84
21 42
21 26
21 58
21 43
21 37
21 99
21 85
21 70
21 97
21 66
21 38
21 57
21 34
21 75
21 79
21 44
21 22
21 54
21 74
21 76
21 82
21 53
21 41
21 69
21 78
21 94
21 28
21 56
21 73
21 92
21 81
21 33
21 45
21 52
21 50
22 67
22 97
22 33
22 58
22 76
22 49
22 94
22 96
22 61
22 98
22 34
22 79
22 23
22 99
22 66
22 46
22 35
22 92
22 60
22 78
22 38
22 83
22 25
22 86
22 73
22 91
22 26
22 52
22 57
22 69
22 59
22 28
22 62
22 74
22 40
22 50
22 55
22 36
22 64
22 64
22 85
22 84
22 43
22 95
22 63
23 37
23 46
23 33
23 38
23 93
23 61
23 36
23 83
23 80
23 28
23 58
23 54
23 78
23 62
23 51
23 95
23 40
23 24
23 64
23 45
23 91
23 42
23 98
23 63
23 55
23 66
23 96
23 79
23 57
23 49
23 77
23 32
23 59
23 50
23 27
23 26
23 73
23 30
23 47
23 29
23 44
23 74
23 94
23 82
24 26
24 64
24 87
24 44
24 35
24 55
24 62
24 25
24 60
24 84
24 43
24 50
24 81
24 91
24 49
24 32
24 57
24 57
24 66
24 76
24 36
24 86
24 78
24 79
24 71
24 45
24 90
24 94
24 41
24 83
24 95
24 72
24 29
24 53
24 33
24 28
24 37
24 70
24 75
24 48
24 31
25 38
25 90
25 45
25 92
25 98
25 68
25 66
25 43
25 48
25 51
25 79
25 52
25 74
25 30
25 94
25 81
25 32
25 73
25 91
25 62
25 56
25 86
25 78
25 63
25 44
25 54
25 55
25 72
25 31
25 65
25 40
25 64
25 85
25 26
25 95
25 88
25 77
26 88
26 93
26 92
26 60
26 53
26 41
26 34
26 77
26 71
26 96
26 43
26 37
26 74
26 27
26 46
26 48
26 48
26 81
26 61
26 63
26 73
26 84
26 28
26 50
26 85
26 44
26 75
26 38
26 98
26 87
26 78
26 86
26 66
26 99
26 36
26 59
26 76
26 40
26 39
26 45
27 29
27 36
27 68
27 41
27 33
27 28
27 55
27 91
27 72
27 64
27 40
27 48
27 34
27 53
27 50
27 93
27 78
27 86
27 95
27 81
27 65
27 39
27 51
27 82
27 82
27 49
27 69
27 88
27 54
27 73
27 99
27 71
27 35
27 98
27 87
27 94
27 38
27 63
27 80
27 76
27 92
27 30
27 43
27 97
28 33
28 48
28 77
28 65
28 51
28 55
28 35
28 90
28 74
28 39
28 75
28 79
28 95
28 86
28 49
28 32
28 83
28 31
28 54
28 67
28 29
28 66
28 38
28 99
28 30
28 78
28 59
28 89
28 91
28 82
28 52
28 45
28 60
28 36
28 46
28 47
28 73
29 42
29 65
29 45
29 74
29 39
29 55
29 40
29 78
29 37
29 30
29 99
29 85
29 83
29 71
29 94
29 33
29 76
29 44
29 86
29 52
29 46
29 64
29 67
29 54
29 54
29 59
29 49
29 92
29 97
29 63
29 57
29 35
29 90
29 93
29 56
29 61
29 79
29 80
29 68
30 61
30 87
30 37
30 57
30 81
30 74
30 77
30 64
30 49
30 89
30 46
30 56
30 69
30 75
30 70
30 66
30 58
30 78
30 93
30 99
30 96
30 59
30 52
30 84
30 63
30 48
30 31
30 88
30 95
30 50
30 86
30 71
30 73
30 42
30 94
30 34
30 53
31 50
31 61
31 72
31 56
31 59
31 74
31 49
31 33
31 78
31 97
31 82
31 65
31 84
31 40
31 95
31 32
31 91
31 75
31 42
31 89
31 39
31 68
31 69
31 57
31 64
31 98
31 52
31 73
31 80
31 48
31 99
31 62
31 76
31 71
32 71
32 72
32 99
32 53
32 68
32 70
32 64
32 85
32 51
32 33
32 44
32 98
32 95
32 48
32 59
32 62
32 82
32 40
32 67
32 50
32 84
32 60
32 91
32 47
32 69
32 79
32 35
32 74
32 97
32 77
32 45
32 65
32 83
32 54
33 35
33 39
33 53
33 60
33 75
33 77
33 83
33 59
33 96
33 34
33 47
33 57
33 43
33 44
33 93
33 79
33 56
33 54
33 70
33 97
33 48
33 90
33 95
33 49
33 55
33 84
33 67
33 85
33 71
33 91
33 88
33 74
33 58
33 46
33 51
33 36
34 45
34 40
34 64
34 93
34 94
34 76
34 73
34 85
34 82
34 89
34 54
34 79
34 77
34 75
34 39
34 98
34 69
34 49
34 58
34 58
34 50
34 46
34 86
34 43
34 47
34 44
34 78
34 41
34 38
34 68
34 56
34 66
34 48
35 43
35 37
35 85
35 87
35 74
35 44
35 76
35 65
35 79
35 58
35 96
35 69
35 93
35 38
35 73
35 46
35 42
35 67
35 41
35 49
35 81
35 70
35 56
35 61
35 66
36 72
36 70
36 84
36 73
36 40
36 59
36 71
36 41
36 55
36 96
36 42
36 82
36 76
36 83
36 46
36 92
36 80
36 68
36 63
36 75
36 37
36 60
36 91
36 87
36 39
36 94
36 86
36 81
36 88
36 97
36 67
36 99
36 69
36 78
36 44
37 89
37 49
37 62
37 68
37 50
37 42
37 78
37 39
37 58
37 77
37 45
37 94
37 96
37 73
37 87
37 61
37 81
37 66
37 53
37 79
37 83
37 38
37 48
37 90
37 56
37 70
37 63
37 99
37 43
37 57
37 85
37 98
38 44
38 88
38 81
38 68
38 72
38 87
38 41
38 61
38 59
38 79
38 52
38 76
38 91
38 89
38 99
38 98
38 53
38 90
38 75
38 96
38 49
38 42
38 85
38 39
38 46
38 46
38 71
38 78
38 69
38 80
38 70
39 41
39 95
39 56
39 40
39 65
39 89
39 50
39 87
39 86
39 46
39 68
39 81
39 91
39 61
39 72
39 93
39 52
39 84
39 75
39 94
39 43
39 43
39 88
39 67
39 57
39 63
39 78
39 71
39 77
40 56
40 58
40 86
40 74
40 43
40 41
40 50
40 53
40 96
40 46
40 93
40 45
40 45
40 90
40 72
40 95
40 81
40 82
40 75
40 47
40 59
40 76
40 85
40 55
40 78
40 44
40 60
40 79
40 49
40 42
40 97
40 99
40 70
41 83
41 81
41 66
41 85
41 74
41 97
41 64
41 45
41 84
41 76
41 94
41 68
41 88
41 62
41 80
41 93
41 60
41 61
41 70
41 92
41 52
41 42
41 79
41 87
41 95
41 73
41 59
42 47
42 74
42 87
42 48
42 60
42 77
42 73
42 95
42 99
42 49
42 43
42 76
42 86
42 82
42 51
42 58
42 70
42 80
42 91
42 63
42 72
42 45
42 79
42 53
42 50
42 78
42 96
42 85
42 88
42 46
42 55
42 71
43 80
43 61
43 62
43 72
43 87
43 97
43 90
43 82
43 67
43 64
43 73
43 48
43 53
43 88
43 50
43 92
43 94
43 91
43 75
43 51
43 78
43 89
43 47
43 44
43 98
43 68
43 57
44 68
44 91
44 83
44 75
44 78
44 73
44 77
44 66
44 94
44 67
44 56
44 90
44 60
44 81
44 85
44 70
44 53
44 87
44 74
44 96
44 89
44 99
44 72
44 58
44 98
44 71
44 49
44 61
44 63
44 88
45 46
45 48
45 74
45 97
45 66
45 52
45 56
45 89
45 69
45 75
45 61
45 57
45 77
45 58
45 99
45 92
45 79
45 95
45 70
45 50
45 94
45 88
45 60
45 47
45 49
45 98
45 90
45 65
45 68
45 55
46 60
46 96
46 71
46 75
46 70
46 73
46 92
46 66
46 88
46 64
46 49
46 98
46 86
46 55
46 48
46 76
46 67
46 77
46 84
46 54
46 47
46 87
46 62
46 58
46 56
46 93
46 89
46 53
46 95
46 83
46 51
46 80
46 72
46 94
47 52
47 61
47 88
47 96
47 73
47 83
47 86
47 99
47 57
47 64
47 66
47 72
47 95
47 74
47 53
47 76
47 97
47 63
47 59
47 78
47 67
47 71
47 84
47 58
47 98
47 48
47 90
47 82
48 62
48 90
48 61
48 79
48 89
48 77
48 74
48 49
48 53
48 69
48 55
48 71
48 87
48 85
48 75
48 91
48 86
48 78
48 70
48 60
48 52
48 59
48 68
48 54
48 83
48 56
48 88
48 95
48 98
48 92
48 57
49 81
49 51
49 67
49 65
49 94
49 52
49 74
49 82
49 95
49 72
49 50
49 85
49 89
49 73
49 68
49 69
49 64
49 63
49 97
49 90
49 58
49 91
49 96
49 60
49 83
49 55
49 86
49 78
49 92
49 57
50 92
50 84
50 82
50 85
50 59
50 53
50 63
50 54
50 94
50 79
50 89
50 70
50 91
50 51
50 75
50 67
50 57
50 68
50 97
50 77
50 83
50 76
50 95
50 52
50 86
51 90
51 95
51 60
51 64
51 54
51 69
51 96
51 62
51 89
51 91
51 59
51 75
51 93
51 80
51 98
51 83
51 53
51 61
51 76
51 71
51 56
51 52
51 74
51 68
51 85
51 81
51 82
52 87
52 78
52 99
52 96
52 93
52 60
52 59
52 68
52 69
52 74
52 90
52 85
52 53
52 62
52 82
52 66
52 71
52 86
52 94
52 80
52 89
52 76
52 84
52 95
52 63
52 65
53 97
53 59
53 69
53 84
53 54
53 67
53 70
53 71
53 83
53 74
53 94
53 75
53 95
53 63
53 58
53 81
53 65
53 72
53 90
53 85
53 57
53 61
53 66
53 96
53 55
53 56
53 86
54 69
54 59
54 73
54 71
54 64
54 88
54 93
54 65
54 97
54 56
54 80
54 95
54 79
54 98
54 70
54 86
54 96
54 66
54 63
54 94
54 57
54 81
54 74
54 67
54 61
54 60
54 58
54 83
54 68
55 85
55 91
55 72
55 63
55 88
55 82
55 61
55 95
55 89
55 77
55 58
55 93
55 74
55 57
55 66
55 81
55 71
55 83
55 67
55 98
55 68
55 56
55 64
55 69
55 75
55 73
55 97
55 90
55 70
55 59
56 80
56 86
56 67
56 94
56 60
56 89
56 57
56 78
56 64
56 72
56 58
56 82
56 87
56 75
56 88
56 81
56 68
56 91
56 73
56 76
56 97
56 92
56 71
56 83
56 61
57 71
57 58
57 79
57 61
57 72
57 69
57 68
57 85
57 96
57 65
57 74
57 67
57 73
57 70
57 95
57 87
57 78
57 97
57 88
57 60
57 80
57 75
57 91
57 66
58 60
58 98
58 63
58 90
58 74
58 66
58 85
58 77
58 93
58 88
58 95
58 75
58 94
58 64
58 91
58 67
58 62
58 84
58 70
59 72
59 74
59 82
59 86
59 73
59 89
59 65
59 71
59 83
59 76
59 63
59 91
59 62
59 61
59 80
59 92
59 68
59 99
59 60
59 98
59 85
60 86
60 66
60 75
60 84
60 98
60 97
60 95
60 78
60 91
60 61
60 63
60 69
60 71
60 67
60 83
60 96
60 65
60 64
60 68
61 96
61 79
61 87
61 89
61 69
61 99
61 71
61 90
61 73
61 85
61 80
61 93
61 75
61 64
61 82
61 97
61 81
61 88
61 68
61 94
61 95
61 83
62 75
62 81
62 76
62 86
62 93
62 64
62 77
62 94
62 89
62 96
62 65
62 73
62 99
62 88
62 68
62 84
62 69
62 95
62 79
62 70
62 87
63 88
63 77
63 82
63 96
63 91
63 65
63 89
63 76
63 95
63 83
63 94
63 93
63 99
63 70
63 98
63 81
63 84
63 78
63 64
63 73
63 79
63 67
63 97
64 70
64 77
64 92
64 66
64 91
64 65
64 73
64 88
64 72
64 96
64 95
64 99
64 93
64 78
64 89
64 74
64 71
64 80
64 83
64 84
65 66
65 76
65 69
65 78
65 94
65 88
65 86
65 87
65 99
65 90
65 74
65 85
65 81
66 73
66 86
66 74
66 99
66 80
66 67
66 95
66 84
66 75
66 70
66 77
66 98
66 91
66 72
66 85
66 82
66 94
67 91
67 80
67 96
67 84
67 94
67 82
67 69
67 76
67 95
67 75
67 77
67 98
67 72
67 85
67 78
67 83
68 94
68 98
68 78
68 75
68 79
68 82
68 85
68 73
68 89
68 87
68 70
68 93
68 99
68 83
68 92
68 84
68 91
69 90
69 81
69 79
69 91
69 85
69 72
69 92
69 87
69 78
69 70
69 82
69 71
69 97
69 73
69 98
69 94
70 96
70 80
70 71
70 74
70 82
70 81
70 99
70 76
70 85
70 91
70 77
70 94
70 97
70 79
71 75
71 78
71 99
71 88
71 91
71 83
71 90
71 81
71 72
71 87
71 82
71 94
71 92
71 74
71 86
72 91
72 89
72 73
72 78
72 93
72 82
72 75
72 77
72 88
72 76
72 84
72 94
72 96
72 83
73 74
73 95
73 82
73 75
73 78
73 97
73 76
73 84
73 80
73 77
73 96
73 91
73 83
73 89
73 99
73 90
73 98
73 85
74 75
74 82
74 91
74 95
74 78
74 80
74 99
74 86
74 87
75 88
75 96
75 98
75 81
75 95
75 99
76 86
76 87
76 78
76 89
76 93
76 83
76 99
76 77
76 85
76 80
76 81
76 98
76 97
76 82
76 96
77 94
77 96
77 88
77 85
77 93
77 97
77 87
77 83
77 84
77 89
77 91
77 81
78 89
78 96
78 87
78 95
78 82
78 98
78 84
78 88
78 80
78 79
78 86
78 97
79 96
79 94
79 83
79 86
79 93
79 91
79 80
79 84
79 88
79 90
80 84
80 82
80 96
80 85
80 93
80 97
80 88
80 83
80 89
80 99
81 88
81 91
81 97
81 95
81 82
81 98
81 87
81 83
81 93
82 90
82 95
82 97
82 88
82 89
82 84
82 98
82 91
82 83
82 86
82 92
83 84
83 92
83 91
83 99
83 89
83 88
83 97
83 90
83 98
84 91
84 98
84 94
84 85
84 93
84 92
84 95
84 90
85 88
85 92
85 89
85 91
85 87
85 86
85 96
85 98
85 99
85 94
86 96
86 90
86 91
86 94
86 87
87 92
87 90
87 88
87 99
88 97
88 93
88 92
88 90
88 96
88 95
88 99
88 94
89 99
89 91
89 95
89 94
89 98
89 92
89 96
90 94
90 95
90 93
90 99
90 91
90 98
91 92
91 96
91 95
91 97
92 93
92 97
92 99
93 96
93 98
94 99
94 95
95 98
95 99
95 96
96 98
96 97
96 99
97 98
98 99
