0 1
0 3
0 5
0 16
0 19
0 46
0 59
0 13
0 39
0 72
0 15
0 78
0 23
0 98
0 53
0 36
0 55
0 33
0 14
0 90
0 65
0 88
0 48
0 21
0 77
0 45
0 62
0 71
0 84
0 22
0 42
0 10
0 86
0 86
0 11
0 82
0 38
0 25
0 73
0 7
0 4
0 35
1 2
1 4
1 12
1 22
1 43
1 52
1 60
1 69
1 10
1 89
1 53
1 85
1 25
1 91
1 93
1 62
1 38
1 86
1 18
1 16
1 75
1 96
1 96
1 51
1 66
1 45
1 83
1 99
1 67
1 84
1 21
1 49
1 76
1 98
1 55
1 40
1 42
1 19
1 34
1 95
1 90
1 6
1 82
1 79
1 81
1 20
1 31
1 41
1 27
1 87
1 15
2 6
2 9
2 49
2 83
2 87
2 30
2 71
2 26
2 76
2 27
2 43
2 3
2 50
2 35
2 25
2 69
2 52
2 90
2 39
2 63
2 58
2 73
2 75
2 16
2 81
2 68
2 21
2 72
2 61
2 19
2 89
2 51
2 92
2 80
2 67
2 94
2 7
2 10
2 77
2 45
2 98
2 85
2 14
2 11
2 99
2 41
2 48
3 34
3 95
3 46
3 76
3 16
3 13
3 84
3 90
3 39
3 88
3 20
3 73
3 72
3 45
3 32
3 60
3 96
3 30
3 15
3 48
3 75
3 36
3 50
3 97
3 44
3 66
3 23
3 52
3 98
3 94
3 80
3 38
3 28
3 53
3 91
3 49
3 54
3 11
3 41
3 82
3 81
3 51
3 31
3 6
4 18
4 31
4 42
4 95
4 95
4 52
4 48
4 91
4 44
4 49
4 28
4 89
4 69
4 61
4 43
4 81
4 13
4 33
4 78
4 5
4 7
4 10
4 27
4 73
4 50
4 92
4 15
4 60
4 55
4 30
4 29
4 98
4 20
4 32
4 21
4 79
4 65
4 45
5 11
5 23
5 39
5 13
5 41
5 56
5 38
5 28
5 89
5 92
5 82
5 34
5 91
5 30
5 94
5 70
5 95
5 83
5 75
5 22
5 80
5 46
5 25
5 55
5 35
5 90
5 16
5 60
5 78
5 42
5 64
5 62
5 27
5 72
5 57
5 26
5 49
5 63
5 71
5 40
6 7
6 51
6 56
6 79
6 42
6 25
6 63
6 77
6 93
6 57
6 57
6 39
6 9
6 17
6 46
6 91
6 18
6 40
6 35
6 41
6 26
6 81
6 92
6 23
6 29
6 67
6 73
6 8
6 10
6 48
6 20
6 21
6 14
6 47
6 83
6 88
6 38
6 16
6 65
6 45
6 31
6 60
6 24
6 98
6 27
7 8
7 14
7 25
7 27
7 54
7 68
7 71
7 81
7 67
7 39
7 99
7 37
7 34
7 11
7 94
7 13
7 59
7 17
7 93
7 98
7 20
7 38
7 41
7 80
7 76
7 52
7 83
7 22
7 23
7 97
7 43
7 78
7 53
7 49
7 91
7 36
7 21
7 89
7 30
7 50
8 10
8 65
8 42
8 9
8 18
8 71
8 23
8 73
8 44
8 62
8 66
8 30
8 41
8 67
8 28
8 61
8 99
8 94
8 26
8 98
8 77
8 40
8 27
8 64
8 43
8 54
8 19
8 96
8 84
8 87
8 72
8 59
8 29
8 17
8 25
8 24
8 35
8 31
8 75
8 97
8 52
8 32
8 22
8 93
8 15
8 58
9 13
9 19
9 66
9 67
9 76
9 65
9 40
9 29
9 41
9 82
9 49
9 42
9 75
9 44
9 53
9 73
9 43
9 87
9 64
9 92
9 27
9 56
9 99
9 52
9 62
9 59
9 90
9 32
9 54
9 55
9 86
9 23
9 31
9 18
9 61
9 17
9 71
9 20
9 39
9 30
9 84
9 94
9 70
9 88
9 15
10 30
10 82
10 41
10 60
10 94
10 94
10 91
10 35
10 74
10 70
10 99
10 31
10 32
10 88
10 12
10 55
10 38
10 73
10 15
10 92
10 49
10 53
10 68
10 95
10 58
10 45
10 65
10 28
10 50
10 26
10 25
10 17
10 66
10 85
10 51
10 90
10 87
10 86
10 64
10 16
10 75
10 72
11 21
11 26
11 90
11 58
11 44
11 75
11 76
11 51
11 19
11 82
11 28
11 69
11 54
11 59
11 55
11 52
11 67
11 84
11 37
11 57
11 49
11 45
11 25
11 43
11 87
11 50
11 89
11 63
11 68
11 93
11 56
11 35
11 99
12 15
12 75
12 29
12 81
12 35
12 48
12 71
12 73
12 56
12 97
12 97
12 18
12 20
12 37
12 51
12 94
12 69
12 52
12 90
12 62
12 86
12 26
12 43
12 88
12 53
12 76
12 17
12 61
12 93
12 19
12 87
12 65
12 54
12 92
12 84
12 68
13 30
13 69
13 50
13 56
13 67
13 87
13 90
13 89
13 57
13 82
13 33
13 64
13 65
13 31
13 20
13 25
13 14
13 35
13 95
13 38
13 44
13 66
13 23
13 24
13 94
13 43
13 29
13 62
13 98
13 18
13 40
13 78
13 84
13 17
13 34
13 74
13 59
13 37
13 39
13 55
14 89
14 89
14 98
14 80
14 36
14 22
14 38
14 57
14 15
14 69
14 47
14 94
14 52
14 72
14 63
14 59
14 99
14 19
14 27
14 64
14 21
14 78
14 87
14 73
14 20
14 83
14 71
14 93
14 46
14 62
14 58
14 67
14 23
14 43
14 97
14 17
14 42
14 49
14 88
15 17
15 20
15 88
15 45
15 97
15 74
15 86
15 95
15 48
15 55
15 90
15 31
15 29
15 56
15 32
15 57
15 83
15 33
15 61
15 75
15 96
15 72
15 34
15 21
15 54
15 68
15 98
15 47
15 46
15 16
15 59
15 76
15 53
15 18
15 63
15 71
15 99
15 26
15 91
15 73
15 38
15 77
15 62
16 38
16 83
16 31
16 47
16 69
16 52
16 61
16 33
16 43
16 73
16 91
16 25
16 53
16 63
16 40
16 96
16 65
16 98
16 68
16 57
16 85
16 85
16 50
16 30
16 56
16 87
16 36
16 67
16 24
16 76
16 60
16 79
16 39
16 64
16 75
16 49
16 95
16 46
16 21
16 51
17 62
17 86
17 84
17 80
17 22
17 97
17 65
17 57
17 92
17 92
17 91
17 93
17 68
17 58
17 53
17 27
17 54
17 99
17 64
17 34
17 79
17 81
17 47
17 98
17 23
17 94
17 39
17 41
17 50
17 18
17 61
18 70
18 19
18 56
18 21
18 80
18 42
18 75
18 34
18 32
18 40
18 87
18 95
18 67
18 86
18 90
18 76
18 43
18 45
18 93
18 93
18 52
18 20
18 48
18 73
18 25
18 58
18 36
18 50
18 68
18 27
18 89
18 37
18 99
19 81
19 99
19 83
19 21
19 41
19 74
19 98
19 48
19 92
19 79
19 29
19 69
19 54
19 64
19 49
19 28
19 52
19 70
19 25
19 45
19 94
19 60
19 93
19 46
19 35
19 31
19 78
19 22
19 75
20 73
20 67
20 93
20 69
20 47
20 32
20 65
20 89
20 34
20 54
20 56
20 82
20 82
20 70
20 26
20 21
20 66
20 71
20 91
20 85
20 24
20 57
20 42
20 79
20 94
20 60
20 83
20 52
20 74
20 62
20 72
21 24
21 36
21 41
21 71
21 74
21 98
21 47
21 84
21 62
21 67
21 78
21 85
21 64
21 33
21 31
21 81
21 89
21 87
21 51
21 55
21 83
21 90
21 46
21 63
21 82
21 70
21 53
21 52
21 37
21 60
21 61
21 29
21 58
21 59
21 97
22 29
22 62
22 51
22 64
22 77
22 77
22 40
22 79
22 48
22 71
22 54
22 27
22 56
22 92
22 37
22 67
22 86
22 94
22 84
22 45
22 38
22 52
22 87
22 89
22 91
22 50
22 99
22 23
22 25
22 57
22 31
22 44
22 39
22 32
22 95
22 58
22 75
22 76
23 29
23 46
23 89
23 33
23 93
23 87
23 38
23 86
23 91
23 43
23 56
23 75
23 36
23 51
23 53
23 49
23 94
23 26
23 24
23 55
23 84
23 54
23 27
23 39
23 47
23 95
23 34
23 48
23 42
23 52
23 99
23 62
23 67
23 65
23 98
23 30
23 31
23 41
23 64
23 72
23 37
23 81
23 28
23 44
23 32
24 28
24 32
24 52
24 65
24 75
24 33
24 78
24 64
24 99
24 88
24 47
24 36
24 86
24 57
24 59
24 69
24 55
24 97
24 66
24 40
24 25
24 44
24 54
24 48
24 90
24 31
24 45
24 92
24 62
24 37
24 77
24 89
24 72
24 27
24 94
24 82
24 83
25 82
25 68
25 29
25 56
25 70
25 99
25 32
25 92
25 52
25 77
25 43
25 49
25 73
25 36
25 67
25 47
25 26
25 31
25 96
25 66
25 98
25 79
25 35
25 55
25 62
25 84
25 38
25 60
25 91
25 53
25 81
26 32
26 33
26 40
26 53
26 78
26 38
26 96
26 95
26 29
26 85
26 92
26 49
26 39
26 56
26 58
26 64
26 86
26 48
26 41
26 43
26 51
26 50
26 94
26 89
26 45
26 82
26 81
26 60
26 55
26 73
26 87
26 27
26 71
26 79
26 74
26 65
26 80
26 77
26 63
26 31
26 54
27 50
27 55
27 73
27 74
27 99
27 68
27 81
27 81
27 97
27 34
27 33
27 86
27 67
27 30
27 29
27 31
27 46
27 76
27 56
27 39
27 66
27 40
27 79
27 84
27 32
27 61
27 53
27 71
27 51
27 98
27 54
28 89
28 71
28 42
28 38
28 69
28 44
28 98
28 97
28 29
28 58
28 37
28 90
28 60
28 79
28 57
28 33
28 70
28 52
28 83
28 68
28 62
29 35
29 63
29 36
29 90
29 39
29 53
29 89
29 85
29 38
29 30
29 88
29 31
29 47
29 74
29 67
29 58
29 49
29 62
29 69
29 86
29 34
29 83
29 61
29 56
29 76
29 33
29 97
29 45
29 50
30 37
30 86
30 94
30 92
30 42
30 44
30 74
30 53
30 33
30 76
30 70
30 79
30 65
30 93
30 49
30 95
30 32
30 41
30 62
30 72
30 46
30 51
30 87
30 90
30 59
31 35
31 44
31 77
31 61
31 52
31 69
31 69
31 72
31 79
31 74
31 32
31 95
31 91
31 93
31 38
31 56
31 47
31 53
31 85
31 88
31 58
31 63
31 92
32 53
32 62
32 47
32 92
32 51
32 68
32 95
32 87
32 38
32 37
32 91
32 84
32 86
32 85
32 39
32 76
32 44
32 77
32 82
32 41
32 57
32 61
32 60
32 73
32 71
32 36
32 99
32 98
33 61
33 50
33 41
33 98
33 48
33 83
33 96
33 49
33 82
33 35
33 76
33 34
33 67
33 37
33 78
33 84
33 74
33 89
33 92
33 95
33 88
33 66
33 46
34 85
34 49
34 56
34 78
34 66
34 68
34 46
34 55
34 60
34 42
34 97
34 39
34 44
34 41
34 37
34 96
34 90
34 63
34 74
34 53
34 70
34 58
34 51
34 61
34 72
34 71
34 80
34 69
34 47
34 91
34 59
34 89
34 54
34 81
34 57
35 70
35 95
35 57
35 64
35 37
35 88
35 45
35 67
35 39
35 38
35 78
35 51
35 40
35 85
35 90
35 72
35 46
35 66
35 44
35 60
35 76
35 98
35 62
35 91
35 52
35 75
35 59
35 82
35 97
35 36
35 96
35 87
36 75
36 95
36 82
36 72
36 71
36 65
36 94
36 43
36 38
36 54
36 51
36 42
36 66
36 37
36 89
36 45
36 87
36 77
36 59
36 41
36 80
36 56
36 93
37 57
37 56
37 73
37 84
37 96
37 61
37 70
37 64
37 89
37 81
37 87
37 88
37 40
37 41
37 58
37 75
37 83
37 62
37 45
37 42
37 86
37 60
37 63
37 49
37 85
37 54
37 94
37 90
37 65
37 78
38 63
38 84
38 96
38 68
38 53
38 80
38 66
38 78
38 90
38 93
38 39
38 58
38 95
38 60
38 62
38 43
38 82
38 69
38 56
38 72
38 81
38 61
38 40
38 97
38 70
39 58
39 43
39 96
39 91
39 44
39 45
39 61
39 51
39 40
39 63
39 95
39 88
39 62
39 82
39 67
39 98
39 56
39 92
39 89
39 48
39 76
39 76
39 69
39 97
39 77
39 86
39 83
40 45
40 64
40 96
40 95
40 69
40 41
40 44
40 77
40 82
40 70
40 88
40 49
40 85
40 47
40 65
40 75
40 75
40 62
40 86
40 91
40 67
40 60
40 81
40 97
40 51
40 80
40 55
40 74
40 63
40 98
40 48
40 94
41 59
41 42
41 47
41 54
41 48
41 72
41 96
41 45
41 91
41 44
41 82
41 58
41 46
41 53
41 73
41 51
41 55
41 83
41 99
41 81
41 66
41 63
41 78
41 78
41 65
42 61
42 84
42 64
42 51
42 93
42 52
42 89
42 98
42 55
42 56
42 79
42 58
42 48
42 78
42 45
42 82
42 67
42 60
42 75
42 68
42 68
42 47
42 53
42 62
42 63
42 66
42 95
43 64
43 86
43 97
43 78
43 89
43 66
43 48
43 91
43 72
43 70
43 70
43 88
43 85
43 63
43 82
43 74
43 53
43 49
43 98
43 73
43 65
43 99
43 44
43 76
43 75
43 56
43 61
43 67
44 46
44 47
44 48
44 72
44 59
44 63
44 76
44 66
44 97
44 77
44 57
44 81
44 69
44 52
44 94
44 78
44 91
44 84
44 50
44 96
44 85
44 71
44 45
45 80
45 91
45 60
45 56
45 87
45 93
45 89
45 46
45 63
45 74
45 70
45 47
45 84
45 66
45 75
45 97
45 79
45 58
45 54
45 73
45 69
45 65
45 76
45 48
45 62
45 51
45 55
45 67
45 72
46 58
46 76
46 70
46 51
46 92
46 78
46 55
46 85
46 75
46 90
46 62
46 74
46 79
46 52
46 71
46 71
46 98
46 67
46 95
46 53
46 49
46 65
46 47
46 81
46 94
46 72
47 82
47 93
47 72
47 92
47 85
47 66
47 64
47 99
47 73
47 49
47 48
47 86
47 75
47 51
47 79
47 68
47 58
47 63
47 54
47 52
48 53
48 51
48 75
48 98
48 83
48 73
48 93
48 78
48 82
48 96
48 57
48 80
48 76
48 92
48 56
48 68
48 50
48 81
48 99
48 90
48 49
48 87
48 86
48 62
49 96
49 59
49 66
49 73
49 55
49 98
49 77
49 68
49 72
49 80
49 79
49 82
49 91
49 76
49 97
49 93
49 75
49 69
49 89
50 71
50 89
50 82
50 98
50 97
50 65
50 75
50 70
50 88
50 68
50 72
50 84
50 95
50 57
50 80
50 86
50 51
50 96
50 74
50 60
50 91
50 99
50 69
50 67
50 92
50 76
50 87
50 73
50 79
51 83
51 98
51 91
51 65
51 69
51 95
51 52
51 79
51 58
51 81
51 89
51 71
51 59
51 85
51 57
51 63
51 72
51 55
51 68
52 82
52 65
52 89
52 53
52 57
52 91
52 62
52 59
52 70
52 55
52 72
52 85
52 64
52 98
52 76
52 78
52 92
52 79
52 63
52 95
52 84
52 68
52 61
52 88
52 69
53 71
53 60
53 68
53 73
53 89
53 91
53 75
53 97
53 56
53 63
53 81
53 64
53 64
53 80
53 55
53 65
53 62
53 74
53 66
53 77
53 96
53 92
53 94
54 97
54 69
54 79
54 64
54 98
54 67
54 95
54 74
54 78
54 82
54 96
54 85
54 93
54 89
54 57
54 80
54 77
54 55
54 76
54 63
54 59
55 63
55 65
55 68
55 76
55 83
55 66
55 64
55 82
55 93
55 86
55 89
55 80
55 56
55 95
55 87
55 84
55 59
55 85
56 84
56 94
56 87
56 88
56 78
56 97
56 99
56 73
56 74
56 72
56 68
56 67
56 81
56 69
56 90
56 76
56 80
56 91
56 98
56 65
56 79
56 93
56 95
56 66
57 92
57 86
57 69
57 63
57 88
57 64
57 80
57 75
57 71
57 84
57 58
57 77
57 60
57 89
57 66
57 97
57 82
57 91
57 85
57 98
57 65
58 81
58 99
58 60
58 78
58 68
58 85
58 96
58 64
58 77
58 66
58 72
58 82
58 69
58 95
58 92
58 67
58 90
58 98
58 62
58 80
59 79
59 82
59 96
59 72
59 90
59 67
59 60
59 75
59 61
59 71
59 97
59 89
59 70
59 98
59 63
60 67
60 67
60 98
60 68
60 83
60 86
60 89
60 69
60 94
60 99
60 85
60 72
60 70
60 97
60 71
60 79
60 96
60 84
61 78
61 71
61 95
61 94
61 98
61 98
61 62
61 80
61 85
61 73
61 70
61 68
61 74
61 79
61 76
61 89
61 75
61 91
61 97
61 64
61 72
61 90
62 85
62 98
62 82
62 66
62 99
62 84
62 92
62 81
62 79
62 75
62 83
62 96
62 74
62 76
62 67
62 71
62 95
63 70
63 94
63 88
63 69
63 85
63 90
63 72
63 92
63 99
63 71
63 84
63 65
63 68
63 74
63 93
63 87
63 82
63 83
63 78
63 89
63 91
63 76
63 66
64 88
64 69
64 73
64 91
64 75
64 83
64 74
64 70
64 94
64 97
64 78
64 92
64 98
64 65
65 81
65 92
65 74
65 80
65 90
65 99
65 71
65 96
65 84
65 91
65 73
65 68
65 75
65 83
65 93
65 69
65 95
65 89
65 94
66 80
66 68
66 98
66 86
66 91
66 96
66 87
66 81
66 67
66 76
66 69
66 85
66 79
66 90
66 71
66 83
66 77
66 92
66 73
67 70
67 77
67 98
67 82
67 95
67 71
67 68
67 84
67 75
67 83
67 76
67 99
67 73
67 90
67 97
67 96
67 79
68 70
68 99
68 92
68 95
68 79
68 88
68 97
68 86
68 94
68 98
68 82
68 81
68 91
69 91
69 95
69 89
69 71
69 83
69 87
69 81
69 72
69 78
69 94
69 80
69 85
69 92
69 77
70 71
70 88
70 78
70 75
70 87
70 82
71 75
71 94
71 84
71 78
71 89
71 93
71 95
71 80
71 92
71 96
71 90
72 90
72 88
72 94
72 97
72 93
72 95
72 74
72 77
72 78
72 91
72 81
72 73
72 92
72 89
73 96
73 94
73 84
73 95
73 78
73 85
73 76
73 83
73 75
73 81
73 99
73 74
73 87
73 86
73 79
73 77
74 82
74 95
74 77
74 92
74 97
74 75
74 99
74 90
74 78
74 94
74 88
74 80
75 82
75 78
75 87
75 76
75 79
75 90
75 94
75 98
75 84
76 86
76 99
76 88
76 92
76 82
76 81
76 94
76 79
76 77
76 97
76 84
76 95
76 83
77 78
77 86
77 87
77 85
77 92
77 99
77 81
77 94
78 82
78 98
78 88
78 81
78 83
78 85
78 80
79 87
79 92
79 81
79 98
80 94
80 88
80 85
80 89
80 81
80 87
80 92
80 98
80 86
80 99
80 84
80 96
80 97
81 87
81 88
81 97
81 85
81 92
81 82
81 94
81 99
81 96
82 96
82 97
82 84
82 87
82 94
82 95
82 90
82 88
83 94
83 91
83 88
83 98
84 95
84 92
84 85
84 93
84 97
84 90
84 96
85 94
85 90
85 98
85 99
85 96
85 86
85 91
86 97
86 87
86 98
86 90
86 95
86 88
87 99
87 97
87 95
87 90
87 93
88 93
88 91
89 91
89 93
89 90
90 97
90 92
90 96
90 98
90 95
91 93
91 98
91 97
92 94
92 99
93 98
93 99
94 96
94 99
95 96
95 97
95 98
96 98
96 99
96 97
98 99
