0 1
0 5
0 21
0 92
0 15
0 89
0 19
0 60
0 4
0 34
0 48
0 29
0 97
0 90
0 75
0 20
0 77
0 55
0 96
0 96
0 25
0 69
0 46
0 18
0 50
0 22
0 76
0 51
1 2
1 4
1 7
1 19
1 20
1 34
1 65
1 99
1 99
1 41
1 25
1 49
1 36
1 77
1 57
1 97
1 29
1 45
1 22
1 80
1 32
1 88
1 82
1 39
1 94
1 23
1 18
2 3
2 47
2 87
2 81
2 62
2 77
2 19
2 51
2 18
2 78
2 80
2 80
2 60
2 10
2 24
2 55
2 99
2 38
2 69
2 43
2 15
2 26
2 27
2 66
2 35
2 76
2 88
3 6
3 18
3 39
3 48
3 51
3 15
3 54
3 66
3 34
3 36
3 40
3 32
3 8
3 52
3 7
3 42
3 91
3 69
3 50
3 94
3 95
3 95
3 59
3 71
3 38
3 37
3 14
3 17
3 41
4 11
4 29
4 42
4 58
4 63
4 75
4 16
4 82
4 19
4 68
4 79
4 71
4 34
4 15
4 46
4 61
4 88
4 17
4 40
4 52
4 62
4 84
4 50
4 13
4 7
4 33
4 99
4 54
5 16
5 22
5 87
5 23
5 70
5 21
5 29
5 7
5 15
5 38
5 41
5 6
5 99
5 59
5 18
5 71
5 72
5 48
5 43
5 97
5 57
6 8
6 79
6 16
6 30
6 11
6 20
6 51
6 50
6 78
6 54
6 83
6 96
6 38
6 81
6 75
6 34
6 46
6 99
6 52
6 91
6 7
6 55
7 9
7 23
7 24
7 33
7 16
7 12
7 21
7 80
7 73
7 87
7 54
7 94
7 13
7 67
7 95
7 97
7 68
7 68
7 35
7 37
7 39
7 96
7 47
8 27
8 37
8 38
8 70
8 66
8 46
8 54
8 17
8 96
8 36
8 69
8 78
8 26
8 87
8 25
8 52
8 93
8 59
8 74
8 16
8 55
8 92
9 10
9 50
9 60
9 79
9 45
9 70
9 61
9 23
9 18
9 11
9 93
9 16
9 80
9 30
9 64
9 96
9 14
9 75
9 44
9 49
9 97
9 69
9 77
9 98
9 83
10 31
10 43
10 78
10 95
10 83
10 69
10 45
10 60
10 20
10 86
10 74
10 87
10 42
10 14
10 89
10 66
10 82
10 97
10 11
10 50
10 79
10 58
10 13
10 94
11 12
11 13
11 73
11 77
11 81
11 26
11 92
11 63
11 78
11 50
11 69
11 24
11 32
11 44
11 27
11 86
11 83
11 88
11 17
11 54
11 18
11 22
12 14
12 17
12 32
12 74
12 51
12 40
12 67
12 62
12 93
12 27
12 65
12 81
12 20
12 68
12 78
12 87
12 25
12 54
12 49
12 73
12 90
12 90
12 70
12 96
13 15
13 86
13 18
13 93
13 39
13 30
13 24
13 75
13 64
13 49
13 90
13 91
13 88
13 31
13 26
13 23
13 27
13 76
14 93
14 65
14 21
14 71
14 80
14 25
14 42
14 59
14 70
14 92
14 41
14 36
14 94
14 51
14 53
14 89
14 43
14 38
14 73
14 24
14 99
14 19
15 35
15 69
15 44
15 25
15 93
15 62
15 66
15 66
15 78
15 36
15 33
15 28
15 49
15 65
15 89
15 19
15 42
15 31
16 26
16 30
16 53
16 42
16 84
16 37
16 28
16 19
16 78
16 47
16 71
16 32
16 97
16 61
16 95
16 79
16 38
16 29
16 72
16 91
17 40
17 68
17 38
17 62
17 47
17 56
17 94
17 35
17 64
17 24
17 18
17 22
17 93
17 52
17 88
17 27
17 90
17 21
17 42
17 19
17 49
17 20
17 59
17 77
17 83
18 25
18 81
18 77
18 85
18 85
18 59
18 38
18 83
18 36
18 19
18 34
18 53
18 31
18 66
18 26
18 32
18 76
18 20
18 65
18 70
18 44
18 40
18 30
19 72
19 55
19 20
19 39
19 27
19 91
19 25
19 23
19 54
19 46
19 66
19 68
19 89
19 87
19 50
19 76
19 96
20 90
20 21
20 26
20 81
20 63
20 66
20 39
20 41
20 51
20 68
20 85
20 94
20 25
20 64
20 60
20 67
20 55
20 53
20 28
20 36
20 74
20 98
21 45
21 37
21 81
21 48
21 64
21 60
21 43
21 67
21 83
21 71
21 41
21 78
21 35
21 52
21 22
21 39
21 58
21 75
21 85
21 74
22 71
22 80
22 84
22 51
22 23
22 86
22 58
22 69
22 81
22 96
22 77
22 77
22 29
22 67
22 38
22 40
23 61
23 38
23 95
23 70
23 55
23 81
23 86
23 28
23 34
23 48
23 92
23 79
23 44
23 51
23 67
23 84
23 40
23 37
23 50
24 28
24 67
24 70
24 75
24 78
24 89
24 93
24 45
24 49
24 63
24 53
24 91
24 44
24 96
24 43
24 35
24 79
24 61
24 38
24 26
24 37
24 33
25 59
25 49
25 63
25 85
25 74
25 94
25 81
25 47
25 90
25 37
25 32
25 43
25 33
25 61
25 98
25 27
25 64
25 73
25 42
25 55
25 52
26 58
26 86
26 45
26 41
26 42
26 51
26 56
26 74
26 40
26 80
26 99
26 39
26 96
26 89
26 52
26 48
26 75
26 28
26 36
26 47
26 95
26 82
27 51
27 86
27 73
27 57
27 84
27 40
27 35
27 50
27 82
27 70
27 83
27 61
27 49
27 88
27 78
27 85
28 37
28 38
28 89
28 84
28 82
28 48
28 41
28 45
28 66
28 57
28 39
28 33
28 52
28 87
28 29
28 42
28 50
28 69
28 79
28 31
29 49
29 96
29 74
29 46
29 84
29 58
29 58
29 36
29 44
29 87
29 51
29 40
29 41
30 50
30 81
30 89
30 73
30 44
30 67
30 61
30 86
30 83
30 83
30 52
30 36
30 68
30 43
30 55
30 96
30 51
30 38
30 42
31 36
31 52
31 84
31 98
31 65
31 42
31 77
31 78
31 45
31 53
31 92
31 32
31 87
31 62
31 66
31 46
31 99
31 82
31 59
31 96
31 90
31 79
31 89
32 93
32 36
32 55
32 65
32 50
32 44
32 92
32 86
32 78
32 84
32 40
32 37
32 80
32 75
33 41
33 34
33 76
33 48
33 48
33 95
33 99
33 80
33 35
33 56
33 55
33 38
34 57
34 89
34 97
34 83
34 66
34 76
34 58
34 65
34 35
34 38
34 49
34 39
34 87
34 48
35 36
35 89
35 56
35 65
35 82
35 41
35 96
35 69
35 68
35 59
35 92
35 92
35 77
35 90
35 75
36 47
36 56
36 51
36 71
36 63
36 65
36 65
36 59
36 95
36 78
36 88
36 84
36 93
36 76
36 89
36 74
36 82
36 72
36 46
36 79
36 55
37 66
37 39
37 54
37 52
37 51
37 80
37 44
37 98
37 98
37 57
37 96
37 41
37 83
37 60
37 67
37 48
38 44
38 89
38 47
38 82
38 42
38 76
38 40
38 49
38 73
38 70
38 85
38 69
38 58
38 81
38 61
38 61
38 84
38 72
38 52
38 83
39 56
39 80
39 70
39 81
39 64
39 64
39 76
39 83
39 78
39 66
39 54
39 47
39 40
39 74
39 68
40 46
40 82
40 72
40 98
40 88
40 61
40 57
40 51
40 84
40 66
40 41
40 87
40 47
40 94
40 80
40 67
40 78
40 53
40 99
40 74
40 76
41 44
41 87
41 93
41 73
41 70
41 68
41 59
41 71
41 98
41 88
41 64
41 74
41 90
41 72
41 92
41 67
41 91
42 55
42 89
42 67
42 87
42 78
42 51
42 72
42 91
42 99
42 85
42 84
42 70
42 74
42 49
42 75
42 62
42 59
43 45
43 88
43 54
43 49
43 66
43 98
43 53
43 73
43 59
43 93
43 47
43 55
43 48
43 97
43 70
43 51
43 83
43 56
43 92
43 94
43 86
43 91
43 91
43 67
43 44
43 84
44 66
44 96
44 55
44 58
44 63
44 46
44 99
44 92
44 83
44 88
44 77
44 70
44 89
44 49
44 74
44 51
44 79
44 61
44 98
45 53
45 86
45 51
45 94
45 60
45 87
45 88
45 57
45 61
45 98
45 59
45 99
45 84
46 62
46 72
46 47
46 59
46 67
46 83
46 77
46 70
46 48
46 73
46 93
46 95
46 80
46 98
46 61
46 87
46 60
46 60
46 85
46 84
47 54
47 88
47 51
47 69
47 59
47 53
47 58
47 81
47 82
47 87
47 57
47 63
48 93
48 78
48 76
48 73
48 49
48 56
48 71
49 88
49 97
49 86
49 85
49 53
49 98
49 74
49 90
49 93
49 58
49 96
49 63
50 66
50 55
50 89
50 83
50 75
50 75
50 51
50 65
50 84
50 82
50 97
50 58
50 64
50 53
50 52
51 77
51 57
51 57
51 85
51 89
51 92
51 54
51 80
52 60
52 53
52 80
52 90
52 77
52 59
52 59
52 63
52 73
52 86
52 78
52 83
52 94
52 76
53 89
53 70
53 62
53 67
53 83
53 80
53 54
53 54
53 87
53 68
53 94
53 65
53 71
53 63
53 64
54 98
54 86
54 88
54 62
54 89
54 59
54 82
54 94
54 99
55 57
55 85
55 65
55 87
55 64
55 98
55 77
55 56
56 76
56 64
56 77
56 73
56 75
56 85
56 81
56 62
56 89
56 99
56 82
56 96
56 61
56 60
56 92
57 88
57 87
57 74
57 70
57 92
57 84
57 60
57 77
58 64
58 86
58 91
58 92
58 82
58 73
58 78
58 87
58 79
58 96
58 83
58 70
58 59
59 79
59 84
59 62
59 93
59 73
59 75
59 87
59 77
60 63
60 94
60 80
60 68
60 67
60 82
60 73
60 74
60 61
61 77
61 99
61 78
61 95
61 81
61 91
61 65
61 67
61 93
61 68
61 75
61 73
61 88
61 85
62 85
62 80
62 93
62 88
62 72
62 91
62 75
62 82
63 85
63 87
63 68
63 71
63 81
63 70
63 93
63 66
64 83
64 88
64 82
64 92
64 67
64 79
64 76
64 73
64 70
64 95
64 97
64 99
65 81
65 72
65 98
65 73
65 97
65 69
65 78
66 74
66 94
66 98
66 80
66 96
67 69
67 93
67 89
67 72
67 76
67 91
67 94
67 87
68 95
68 73
68 75
68 69
68 92
68 99
68 77
68 93
68 78
68 82
68 84
69 78
69 94
69 88
69 89
70 77
70 88
70 79
70 99
70 91
70 93
70 71
71 79
71 78
71 75
71 72
71 99
71 90
71 98
71 77
71 73
72 85
72 98
72 92
72 73
72 87
72 82
72 96
73 91
73 78
73 76
73 88
73 81
74 82
74 79
74 88
74 75
74 99
74 80
75 90
75 98
75 91
75 84
76 91
76 96
76 94
76 88
76 93
76 97
76 86
76 98
76 81
77 90
77 88
77 92
77 97
77 96
77 94
77 79
78 83
78 88
78 85
78 89
79 88
79 85
80 97
80 86
80 99
80 92
80 81
81 93
81 94
81 89
82 89
82 83
82 97
82 94
82 84
82 86
83 89
83 94
83 85
83 88
84 87
84 88
84 95
84 89
85 88
85 86
85 97
85 94
86 93
87 99
87 94
88 89
89 99
89 94
89 98
89 92
89 96
90 97
90 93
90 92
91 97
91 95
91 96
91 94
92 96
92 95
92 94
93 98
93 94
94 95
95 97
96 97
97 99
97 98
