0 1
0 2
0 3
0 4
0 34
0 95
0 72
0 37
0 13
0 14
0 76
0 52
0 15
0 6
0 70
0 90
0 84
0 24
0 7
0 99
0 19
0 54
1 5
1 6
1 26
1 19
1 22
1 71
1 28
1 41
1 64
1 61
1 14
1 60
1 94
1 33
1 78
1 4
1 80
1 99
1 29
1 77
1 77
2 7
2 10
2 57
2 9
2 54
2 94
2 17
2 16
2 36
2 82
2 71
2 70
2 4
2 62
2 37
2 96
2 32
2 22
2 47
2 44
2 87
3 8
3 18
3 49
3 21
3 15
3 64
3 12
3 41
3 82
3 85
3 35
3 93
3 79
3 39
3 40
4 22
4 28
4 85
4 63
4 21
4 88
4 53
4 11
4 27
4 77
4 7
4 69
4 58
4 5
4 54
4 93
4 80
4 99
4 97
5 9
5 16
5 31
5 91
5 87
5 27
5 65
5 51
5 83
5 30
5 96
5 96
5 10
5 45
5 84
5 39
6 54
6 18
6 91
6 92
6 40
6 55
6 55
6 16
6 94
6 60
6 8
6 80
6 7
6 10
6 74
6 51
6 28
6 89
6 35
6 86
6 31
6 25
7 29
7 32
7 91
7 67
7 72
7 83
7 79
7 95
7 33
7 22
7 52
7 15
7 94
7 73
8 12
8 15
8 21
8 84
8 10
8 33
8 80
8 92
8 97
8 43
8 57
8 52
8 31
8 30
8 81
8 11
9 11
9 24
9 60
9 74
9 74
9 91
9 71
9 10
9 66
9 37
9 20
9 29
9 46
9 34
9 30
9 45
10 13
10 40
10 69
10 33
10 42
10 53
10 31
10 75
10 92
10 97
10 17
10 30
10 82
10 18
10 89
10 89
10 72
11 42
11 62
11 94
11 40
11 83
11 39
11 79
11 80
11 61
11 18
11 25
11 17
11 36
11 89
11 52
11 29
11 13
11 22
11 74
11 86
11 92
12 14
12 17
12 25
12 41
12 61
12 35
12 84
12 87
12 43
12 22
12 42
12 73
12 85
12 79
12 98
12 19
13 30
13 37
13 99
13 88
13 58
13 58
13 14
13 62
13 94
13 22
13 90
13 59
13 70
13 31
13 64
14 92
14 26
14 61
14 53
14 17
14 52
14 75
14 27
15 19
15 20
15 27
15 56
15 59
15 92
15 46
15 90
15 87
15 33
15 41
15 44
15 75
15 75
15 84
15 61
16 66
16 52
16 91
16 81
16 67
16 67
16 99
16 95
16 51
16 44
16 53
16 63
16 34
16 37
16 68
16 55
16 82
16 32
16 33
16 80
16 39
16 21
16 84
17 36
17 94
17 28
17 29
17 84
17 70
17 76
17 66
17 37
17 89
17 61
17 67
17 35
17 96
17 87
18 68
18 96
18 31
18 32
18 71
18 77
18 41
18 59
18 42
18 27
18 74
18 88
18 66
18 53
18 82
18 82
18 45
18 61
18 97
18 75
19 93
19 51
19 70
19 90
19 81
19 34
19 43
19 26
19 69
19 99
19 63
19 30
20 39
20 61
20 97
20 57
20 28
20 81
20 33
20 94
20 48
20 77
20 29
20 44
20 89
20 96
20 93
20 91
20 37
20 40
21 23
21 90
21 31
21 37
21 59
21 74
21 89
21 43
21 45
21 93
21 32
21 34
21 51
21 69
21 28
21 58
21 64
21 87
21 61
21 80
22 48
22 73
22 30
22 58
22 69
22 82
22 78
22 52
22 66
22 45
22 26
22 65
22 44
23 35
23 55
23 84
23 78
23 37
23 77
23 65
23 75
23 74
23 97
23 24
23 59
23 73
24 51
24 80
24 57
24 28
24 66
24 29
24 74
24 25
24 46
24 87
24 79
24 98
24 93
24 68
24 81
24 81
24 88
25 45
25 53
25 99
25 71
25 66
25 78
25 92
25 26
25 97
25 62
25 98
25 42
25 79
25 79
25 57
25 49
26 28
26 65
26 48
26 41
26 29
26 27
26 27
26 55
26 94
26 80
26 84
26 56
26 73
27 75
27 92
27 32
27 28
27 99
27 40
27 57
27 41
27 29
27 48
27 97
27 46
27 80
27 65
27 73
28 33
28 80
28 69
28 46
28 49
28 52
28 39
29 39
29 63
29 50
29 34
29 68
29 32
29 64
29 98
29 60
29 49
29 72
30 53
30 87
30 85
30 83
30 42
30 76
30 31
30 33
30 60
30 50
30 84
31 37
31 44
31 44
31 57
31 94
31 93
31 90
31 55
31 51
31 43
32 52
32 75
32 33
32 56
32 84
32 73
32 82
32 77
32 66
32 66
32 39
32 51
32 91
32 62
32 93
33 57
33 75
33 78
33 96
33 89
33 87
33 35
33 71
33 84
33 65
34 43
34 58
34 71
34 71
34 97
34 69
34 95
34 46
34 53
34 93
35 47
35 63
35 71
35 49
35 91
35 95
35 96
35 41
36 81
36 48
36 91
36 91
36 53
36 92
36 66
36 89
36 59
36 47
36 51
36 40
36 65
37 38
37 54
37 91
37 42
37 64
37 53
37 79
37 81
37 59
37 90
37 78
37 97
37 92
37 75
38 47
38 57
38 73
38 72
38 41
38 96
38 43
38 79
38 98
38 80
38 59
38 54
38 64
38 89
38 91
39 64
39 77
39 94
39 47
39 93
39 93
39 49
39 98
39 80
39 99
39 52
39 50
40 77
40 86
40 82
40 73
40 93
40 98
40 79
40 45
40 59
41 99
41 69
41 81
41 87
41 79
41 91
41 44
41 88
41 50
41 92
41 63
41 77
41 98
42 63
42 63
42 87
42 84
42 71
42 43
42 54
42 49
42 56
42 55
42 75
42 61
42 99
42 91
42 86
42 57
42 82
43 62
43 58
43 66
43 95
43 86
43 60
43 44
43 48
43 56
43 73
44 82
44 65
44 75
44 91
44 73
44 85
44 45
44 63
44 83
44 86
44 81
45 46
45 81
45 53
45 48
45 70
45 67
45 90
45 69
45 78
45 94
45 83
45 76
46 50
46 76
46 47
46 73
46 87
46 85
46 54
46 54
46 75
47 63
47 48
47 56
47 65
47 85
47 81
47 50
47 49
47 74
47 68
48 68
48 89
48 87
48 51
48 58
48 49
48 90
48 61
48 75
48 77
49 98
49 87
49 61
49 99
49 80
49 89
49 52
49 96
49 53
49 53
49 94
49 55
49 54
50 87
50 54
50 72
50 79
50 98
50 67
50 65
50 63
51 82
51 76
51 94
51 78
51 73
51 74
51 96
51 68
52 93
52 64
52 61
53 59
53 60
53 63
53 92
53 97
53 65
53 94
53 84
53 93
54 57
54 55
54 87
54 67
54 62
54 71
54 98
54 70
54 63
55 73
55 94
55 89
55 61
55 79
56 60
56 74
56 64
56 93
56 83
56 65
56 88
56 94
57 96
57 69
57 69
58 59
58 72
58 94
58 82
58 87
58 89
58 70
58 77
59 83
59 99
59 60
59 96
59 64
60 78
60 79
60 93
60 87
60 67
60 65
60 75
60 85
60 63
61 72
61 80
61 67
61 75
61 76
61 99
62 67
62 89
62 68
62 66
62 64
62 99
62 96
62 77
62 81
63 65
63 71
63 67
63 76
64 97
64 73
65 85
65 76
65 77
65 78
65 66
65 83
65 79
65 71
66 77
67 68
67 70
67 85
67 81
67 86
67 74
67 90
68 73
68 82
68 76
68 88
68 69
68 72
68 72
68 90
68 94
69 85
69 73
69 91
69 84
69 76
69 90
70 79
70 95
70 77
71 86
71 89
71 80
71 82
71 81
71 79
71 94
72 77
72 97
73 90
74 75
74 77
74 84
74 79
75 79
75 83
75 92
75 76
75 78
76 88
76 95
76 97
76 84
77 95
77 88
77 94
77 80
77 90
77 78
78 81
78 95
78 97
78 99
79 82
79 89
79 91
79 87
79 98
79 84
79 94
80 90
80 88
80 96
81 82
81 98
81 94
81 99
82 87
83 88
83 95
83 87
83 85
84 96
84 90
85 89
85 91
86 97
86 98
87 92
87 99
87 91
88 90
89 96
89 90
90 97
90 99
91 98
91 97
91 92
92 95
93 99
93 96
94 98
