0 1
0 3
0 57
0 29
0 36
0 14
0 68
0 55
0 4
0 69
0 98
0 7
0 44
0 66
0 99
0 6
0 34
0 43
0 18
0 47
0 75
0 20
0 25
0 13
0 84
0 2
0 17
0 32
0 89
0 12
0 52
0 79
0 93
0 93
1 2
1 5
1 79
1 91
1 70
1 13
1 96
1 96
1 16
1 25
1 42
1 82
1 45
1 46
1 44
1 29
1 40
1 52
1 7
1 64
1 8
1 93
1 33
1 74
1 73
1 54
1 50
1 38
1 89
1 78
1 97
1 41
1 11
1 92
1 88
1 24
1 95
2 15
2 26
2 56
2 47
2 7
2 57
2 60
2 62
2 30
2 48
2 18
2 78
2 4
2 95
2 77
2 81
2 44
2 20
2 50
2 10
2 98
2 32
2 89
2 74
2 64
2 67
2 53
2 45
3 4
3 6
3 7
3 8
3 28
3 89
3 77
3 49
3 31
3 57
3 26
3 54
3 81
3 46
3 85
3 76
3 42
3 40
3 22
3 25
3 30
3 93
3 27
3 69
3 68
3 34
3 48
3 59
3 52
3 47
3 13
3 63
3 62
3 94
3 94
4 10
4 53
4 70
4 90
4 90
4 37
4 74
4 81
4 36
4 48
4 34
4 9
4 55
4 15
4 72
4 29
4 59
4 5
4 47
4 65
4 73
4 61
4 41
4 75
4 14
4 18
4 17
4 8
4 50
4 96
4 51
4 69
4 66
4 60
4 12
5 9
5 14
5 27
5 30
5 55
5 56
5 95
5 95
5 48
5 15
5 91
5 78
5 84
5 22
5 33
5 7
5 63
5 17
5 32
5 89
5 69
5 12
5 8
5 52
5 94
5 57
5 59
5 45
5 54
5 97
5 77
5 6
6 12
6 24
6 27
6 97
6 90
6 43
6 30
6 81
6 82
6 47
6 15
6 52
6 65
6 14
6 91
6 9
6 8
6 68
6 66
6 35
6 96
6 33
6 20
6 56
6 70
6 79
6 50
6 62
6 85
6 76
6 13
6 45
6 26
6 19
6 29
6 46
6 36
7 25
7 61
7 89
7 89
7 83
7 92
7 68
7 42
7 93
7 85
7 45
7 27
7 98
7 59
7 12
7 87
7 79
7 86
7 71
7 67
7 72
7 14
7 8
7 26
7 63
7 94
7 24
7 32
7 51
7 55
7 48
7 88
7 37
8 37
8 22
8 63
8 40
8 35
8 87
8 70
8 21
8 73
8 84
8 24
8 92
8 86
8 25
8 64
8 9
8 52
8 60
8 49
8 46
8 58
8 81
8 50
8 56
8 99
8 26
8 72
8 13
8 89
8 44
9 11
9 29
9 36
9 54
9 71
9 27
9 42
9 16
9 21
9 69
9 74
9 89
9 68
9 84
9 90
9 59
9 62
9 23
9 75
9 28
9 10
9 82
9 88
9 79
9 14
9 72
9 40
9 13
9 49
9 73
10 13
10 18
10 76
10 82
10 83
10 91
10 30
10 90
10 77
10 47
10 98
10 88
10 23
10 25
10 48
10 68
10 41
10 22
10 72
10 38
10 15
10 92
10 49
10 42
10 80
10 58
10 46
10 93
10 85
10 12
10 56
10 40
10 62
11 68
11 28
11 89
11 20
11 37
11 84
11 84
11 50
11 45
11 70
11 44
11 15
11 81
11 38
11 25
11 35
11 16
11 62
11 58
11 73
11 65
11 26
11 21
11 54
12 16
12 22
12 24
12 15
12 71
12 23
12 33
12 84
12 14
12 45
12 98
12 82
12 89
12 36
12 47
12 85
12 25
12 60
12 61
12 56
12 95
12 87
12 87
12 79
12 30
12 76
12 77
12 74
13 20
13 80
13 49
13 87
13 25
13 31
13 48
13 15
13 63
13 26
13 71
13 98
13 54
13 17
13 39
13 29
13 24
13 75
13 78
13 85
13 36
13 72
13 69
13 41
13 74
13 88
13 81
13 50
13 58
14 40
14 27
14 42
14 83
14 31
14 39
14 63
14 89
14 37
14 20
14 45
14 58
14 23
14 62
14 30
14 38
14 41
14 50
14 22
14 21
14 57
14 44
14 85
14 97
14 43
14 56
14 64
14 71
14 15
14 33
14 69
15 39
15 41
15 50
15 19
15 49
15 40
15 17
15 88
15 88
15 37
15 23
15 67
15 21
15 35
15 98
15 28
15 53
15 73
15 25
15 51
15 16
15 80
15 85
15 87
15 94
15 24
15 72
15 32
15 96
16 17
16 19
16 33
16 53
16 31
16 40
16 47
16 84
16 80
16 75
16 98
16 91
16 39
16 29
16 26
16 86
16 62
16 82
16 54
17 96
17 37
17 46
17 49
17 35
17 91
17 84
17 71
17 65
17 33
17 31
17 18
17 92
17 67
17 93
17 47
17 72
17 59
17 81
17 21
17 88
17 28
17 56
17 99
17 70
17 44
18 54
18 29
18 40
18 55
18 63
18 19
18 99
18 60
18 37
18 98
18 65
18 22
18 58
18 86
18 82
18 66
18 56
18 59
18 44
18 30
18 92
18 23
18 87
19 31
19 51
19 34
19 54
19 53
19 83
19 55
19 88
19 29
19 59
19 91
19 91
19 74
19 52
19 99
19 97
19 45
19 21
19 81
19 39
19 56
19 85
19 23
19 47
19 57
19 43
19 93
19 60
19 87
19 89
19 98
19 32
20 21
20 83
20 27
20 40
20 84
20 42
20 98
20 43
20 89
20 31
20 59
20 32
20 99
20 45
20 90
20 44
20 72
20 41
20 58
20 35
20 93
20 86
20 66
20 75
20 82
20 78
20 94
20 49
20 81
20 34
20 74
20 67
21 69
21 33
21 62
21 90
21 99
21 53
21 80
21 48
21 45
21 74
21 39
21 32
21 83
21 91
21 61
21 94
21 60
21 65
21 22
21 55
21 35
21 35
21 26
21 97
21 95
21 36
21 51
21 29
22 23
22 32
22 84
22 78
22 45
22 97
22 40
22 37
22 56
22 61
22 88
22 83
22 80
22 64
22 54
22 59
22 95
22 43
22 52
22 26
22 44
22 24
22 87
22 66
23 42
23 62
23 67
23 86
23 96
23 38
23 85
23 84
23 77
23 51
23 65
23 94
23 64
23 68
23 87
23 54
23 88
23 31
23 73
23 36
23 89
23 28
23 58
23 97
23 50
23 35
23 90
23 37
23 98
23 81
24 38
24 97
24 65
24 26
24 34
24 35
24 52
24 47
24 33
24 25
24 39
24 55
24 98
24 59
24 66
24 37
24 89
24 28
24 90
24 67
24 67
24 29
24 58
24 45
25 35
25 82
25 56
25 52
25 96
25 53
25 73
25 38
25 72
25 46
25 65
25 67
25 55
25 95
25 63
25 54
25 98
25 50
25 99
25 76
25 76
25 69
25 32
26 72
26 78
26 78
26 88
26 82
26 52
26 45
26 65
26 85
26 83
26 94
26 79
26 96
26 40
26 69
26 86
26 75
26 29
26 49
26 89
26 81
26 77
26 66
26 91
26 95
27 96
27 71
27 71
27 34
27 50
27 30
27 56
27 41
27 58
27 28
27 68
27 59
27 70
27 57
27 69
27 63
27 32
27 87
27 46
27 44
27 54
27 48
27 67
27 36
27 29
28 43
28 96
28 80
28 68
28 33
28 35
28 63
28 31
28 91
28 61
28 72
28 90
28 69
28 78
28 65
28 64
28 38
28 82
28 60
28 76
28 97
28 81
29 33
29 39
29 68
29 32
29 71
29 31
29 73
29 46
29 52
29 56
29 93
29 80
29 40
29 91
29 95
29 49
29 37
29 81
29 88
29 86
29 89
29 55
29 83
29 61
29 78
30 91
30 66
30 47
30 84
30 35
30 68
30 45
30 31
30 72
30 72
30 88
30 92
30 82
30 94
30 86
30 79
30 75
30 46
30 81
30 55
30 76
31 44
31 36
31 99
31 69
31 88
31 59
31 82
31 70
31 52
31 53
31 51
31 75
31 40
31 57
31 92
31 98
31 76
31 63
31 34
31 77
31 83
31 43
31 62
31 61
31 81
32 34
32 60
32 95
32 55
32 80
32 80
32 51
32 69
32 43
32 66
32 97
32 33
32 56
32 91
32 65
32 57
32 99
32 54
32 39
32 38
33 37
33 46
33 51
33 53
33 50
33 47
33 62
33 61
33 90
33 64
33 54
33 97
33 81
33 93
33 48
33 36
33 79
33 72
33 84
33 41
33 65
33 35
33 45
33 56
34 75
34 35
34 56
34 51
34 96
34 57
34 85
34 84
34 89
34 83
34 67
34 48
34 41
34 79
34 72
34 95
34 98
34 59
34 91
34 78
34 47
34 60
34 80
34 77
34 77
34 86
34 62
35 47
35 71
35 91
35 50
35 36
35 43
35 38
35 93
35 99
35 94
35 87
35 72
35 79
35 73
35 88
35 62
35 57
35 46
35 76
36 48
36 59
36 47
36 58
36 46
36 43
36 53
36 78
36 42
36 49
36 45
36 86
36 90
36 96
36 51
36 62
36 81
36 63
36 70
36 73
37 52
37 39
37 56
37 75
37 97
37 76
37 72
37 79
37 54
37 66
37 88
37 96
37 83
37 69
37 89
37 61
37 81
37 40
37 47
37 44
37 63
38 88
38 40
38 92
38 58
38 63
38 85
38 70
38 80
38 62
38 53
38 77
38 48
38 74
38 86
38 79
38 87
38 59
38 97
39 43
39 45
39 42
39 75
39 69
39 99
39 93
39 55
39 46
39 80
39 70
39 70
39 86
39 41
39 83
39 47
39 89
39 49
39 65
39 85
39 92
39 97
40 51
40 58
40 75
40 91
40 88
40 52
40 47
40 84
40 87
40 41
40 79
40 60
40 86
40 43
40 97
40 50
40 95
40 53
40 64
40 78
41 44
41 99
41 92
41 42
41 57
41 46
41 89
41 48
41 67
41 53
41 90
41 88
41 60
41 47
41 98
41 50
41 62
41 69
41 64
41 81
41 74
41 56
42 77
42 51
42 47
42 87
42 43
42 90
42 84
42 52
42 63
42 86
42 60
42 60
42 98
43 76
43 72
43 92
43 45
43 95
43 78
43 58
43 89
43 75
43 87
43 67
43 81
43 68
43 56
43 86
43 83
43 93
43 51
43 49
43 84
43 44
43 91
44 65
44 71
44 69
44 87
44 93
44 70
44 47
44 76
44 95
44 82
44 59
44 53
44 81
44 54
44 63
45 87
45 97
45 95
45 83
45 56
45 74
45 72
45 65
45 90
45 47
45 57
45 46
45 54
45 55
45 92
46 55
46 83
46 58
46 81
46 67
46 73
46 79
46 82
46 89
46 60
46 85
46 74
46 63
46 97
47 57
47 60
47 90
47 84
47 89
47 80
47 87
47 73
47 81
47 88
47 55
47 54
47 74
47 92
47 68
47 79
47 93
48 49
48 56
48 72
48 65
48 75
48 73
48 52
48 67
48 77
48 88
48 82
48 83
48 91
48 86
48 90
48 95
48 92
48 51
49 63
49 73
49 74
49 74
49 52
49 99
49 61
49 75
49 54
49 51
49 76
49 77
49 87
49 91
49 72
49 70
49 83
49 59
49 50
49 69
49 65
49 81
49 85
49 68
50 82
50 52
50 62
50 64
50 92
50 94
50 72
50 99
50 67
50 70
50 69
50 57
50 90
51 66
51 76
51 54
51 74
51 84
51 91
51 94
51 69
51 82
51 88
51 55
51 55
51 57
51 56
52 87
52 94
52 74
52 59
52 60
52 70
52 54
52 62
52 64
52 83
52 71
52 77
52 69
52 67
52 89
53 97
53 97
53 54
53 57
53 85
53 74
53 80
53 92
53 94
53 76
53 71
53 91
54 85
54 64
54 77
54 72
54 96
54 86
54 71
54 67
54 61
54 79
54 80
54 84
54 92
55 84
55 57
55 76
55 92
55 96
55 74
55 58
55 93
55 79
55 71
55 59
55 56
56 59
56 58
56 62
56 60
56 89
56 75
56 99
56 67
56 93
56 61
57 81
57 65
57 96
57 80
57 99
57 98
57 85
57 76
57 61
57 61
57 78
57 63
57 62
57 82
58 74
58 62
58 86
58 79
58 66
58 82
58 89
58 72
58 64
58 75
58 77
58 59
58 90
58 96
58 91
59 71
59 63
59 99
59 86
59 61
59 70
59 92
59 87
59 96
59 74
59 97
59 66
59 60
59 68
59 79
59 83
60 65
60 84
60 61
60 70
60 68
60 63
60 83
60 97
60 72
60 81
60 92
61 89
61 82
61 80
61 95
61 65
61 90
61 97
61 96
61 68
61 67
61 69
61 64
61 91
62 64
62 99
62 97
62 75
62 76
62 92
62 93
62 70
62 83
62 78
63 79
63 78
63 71
63 93
63 81
63 96
63 88
63 83
63 73
63 99
63 94
64 92
64 95
64 74
64 81
64 89
64 65
64 78
64 86
64 66
64 94
64 72
64 85
65 99
65 67
65 75
65 78
65 98
65 87
65 79
65 82
65 66
65 89
65 70
65 88
65 83
65 68
65 91
65 74
66 77
66 96
66 93
66 99
66 88
66 98
66 86
66 97
66 82
66 90
67 74
67 69
67 87
67 73
67 94
67 72
67 78
67 99
67 90
68 94
68 84
68 77
68 70
68 71
68 83
68 82
69 87
69 75
69 94
69 80
69 97
69 90
69 95
69 81
70 91
70 95
70 89
70 75
70 90
70 92
70 97
71 82
71 89
71 83
71 85
71 95
71 79
71 86
71 88
72 73
72 93
72 88
72 89
72 98
72 92
72 76
72 96
72 83
72 80
73 86
73 87
73 84
73 97
73 99
73 79
73 94
73 85
74 99
74 79
74 84
74 85
74 95
74 80
74 88
74 75
74 81
75 93
75 81
75 98
75 89
75 95
75 88
75 76
75 96
75 94
75 78
75 92
75 79
75 84
76 92
76 83
76 97
76 90
76 91
76 78
76 79
76 87
76 80
76 86
76 94
77 88
77 87
77 91
77 98
77 96
77 78
77 81
77 84
77 85
78 93
78 84
78 87
78 79
78 99
79 93
79 81
79 82
79 99
79 89
79 80
80 85
80 90
80 84
80 86
80 92
80 98
80 99
80 89
80 82
81 90
81 96
81 95
81 94
82 95
82 84
82 92
82 91
82 97
82 86
82 96
83 90
83 95
83 86
83 85
83 98
83 89
83 93
83 88
84 98
84 95
84 86
84 99
84 96
84 85
84 94
85 98
85 88
85 96
85 95
85 87
85 86
85 90
86 96
86 93
86 99
86 98
87 94
87 98
87 92
87 90
88 90
88 94
88 89
89 90
89 93
89 98
90 97
90 98
90 91
90 95
91 96
91 94
92 94
92 96
92 99
92 93
93 96
94 96
95 98
95 96
96 97
98 99
