0 1
0 2
0 4
0 7
0 8
0 11
0 52
0 108
0 124
0 73
0 28
0 140
0 198
0 183
0 96
0 87
0 138
0 91
0 15
0 136
0 191
0 137
0 194
0 179
0 171
0 107
0 80
0 175
0 20
0 38
0 135
0 111
0 76
0 181
0 153
0 134
0 192
0 36
0 148
0 110
0 125
0 43
0 42
0 101
0 85
0 99
0 178
0 97
0 27
0 143
0 84
0 139
0 31
0 149
0 40
0 189
0 188
0 82
0 131
0 29
0 26
0 187
0 146
0 72
0 55
0 126
0 130
0 118
0 13
0 39
0 174
0 19
1 14
1 155
1 190
1 63
1 124
1 112
1 72
1 36
1 104
1 194
1 26
1 30
1 160
1 68
1 134
1 179
1 184
1 65
1 54
1 18
1 167
1 9
1 105
1 75
1 110
1 135
1 19
1 58
1 113
1 165
1 98
1 33
1 57
1 130
1 84
1 39
1 141
1 181
1 153
1 171
1 168
1 185
1 95
1 138
1 183
2 3
2 19
2 23
2 165
2 6
2 76
2 70
2 79
2 185
2 54
2 172
2 21
2 102
2 168
2 9
2 11
2 22
2 42
2 155
2 158
2 141
2 126
2 29
2 7
2 199
2 17
2 53
2 66
2 13
2 63
2 150
2 51
2 179
2 55
2 85
2 136
2 147
2 171
2 64
2 187
2 83
2 192
2 133
2 156
2 198
2 198
2 8
2 98
2 196
2 36
2 144
2 193
2 194
2 177
2 114
2 169
2 148
2 5
2 116
3 18
3 20
3 37
3 80
3 143
3 62
3 185
3 146
3 180
3 108
3 189
3 109
3 190
3 115
3 43
3 91
3 38
3 65
3 121
3 172
3 23
3 34
3 69
3 79
3 19
3 191
3 139
3 136
3 86
3 102
3 126
3 106
3 87
3 152
3 36
3 73
3 56
3 54
3 199
3 60
3 77
3 105
3 82
3 167
3 52
3 55
3 90
3 64
3 125
3 95
3 142
4 5
4 6
4 9
4 35
4 53
4 76
4 180
4 122
4 14
4 112
4 28
4 156
4 190
4 16
4 170
4 179
4 15
4 166
4 135
4 59
4 24
4 110
4 186
4 7
4 72
4 149
4 45
4 172
4 133
4 108
4 89
4 147
4 198
4 52
4 109
4 101
4 148
4 49
4 95
4 67
4 79
4 94
4 152
4 58
4 22
4 41
4 46
4 131
4 61
4 150
4 178
4 106
4 119
4 39
4 34
5 13
5 56
5 60
5 88
5 118
5 18
5 101
5 156
5 32
5 134
5 73
5 147
5 42
5 116
5 69
5 113
5 81
5 179
5 19
5 95
5 59
5 85
5 70
5 139
5 100
5 7
5 194
5 20
5 33
5 35
5 137
5 16
5 146
5 131
5 155
5 135
5 175
5 164
5 178
5 161
5 6
5 123
5 199
5 31
6 83
6 175
6 188
6 13
6 35
6 73
6 113
6 99
6 59
6 47
6 69
6 123
6 48
6 17
6 74
6 27
6 67
6 137
6 159
6 179
6 16
6 152
6 134
6 131
6 61
6 15
6 126
6 163
6 160
6 141
6 182
6 132
6 84
6 120
6 14
6 187
6 24
6 117
6 125
6 38
6 95
6 151
6 18
6 147
6 96
6 111
6 198
7 10
7 28
7 54
7 61
7 112
7 147
7 199
7 155
7 9
7 103
7 78
7 150
7 195
7 156
7 165
7 137
7 190
7 190
7 164
7 173
7 115
7 100
7 42
7 179
7 123
7 45
7 141
7 193
7 15
7 84
7 48
7 102
7 36
7 18
7 128
7 119
7 188
7 163
7 107
7 90
7 146
7 19
7 174
7 108
7 148
7 134
8 12
8 33
8 70
8 147
8 161
8 139
8 125
8 163
8 167
8 77
8 60
8 24
8 14
8 98
8 109
8 128
8 118
8 124
8 88
8 74
8 85
8 136
8 158
8 40
8 102
8 39
8 50
8 159
8 31
8 117
8 53
8 164
8 13
8 73
8 198
8 67
8 169
8 11
8 107
8 46
8 65
8 94
8 123
8 132
8 185
8 10
8 91
8 148
9 16
9 32
9 36
9 55
9 99
9 109
9 97
9 98
9 106
9 95
9 84
9 44
9 180
9 180
9 103
9 96
9 149
9 50
9 88
9 152
9 90
9 111
9 116
9 176
9 143
9 74
9 91
9 80
9 37
9 108
9 139
9 124
9 199
9 38
9 150
9 197
9 73
9 151
9 137
9 174
9 61
9 195
9 172
9 86
9 12
9 40
9 89
9 153
9 69
9 59
9 85
9 140
9 87
9 66
10 87
10 136
10 146
10 148
10 195
10 163
10 135
10 103
10 76
10 85
10 199
10 58
10 70
10 89
10 115
10 116
10 40
10 180
10 126
10 105
10 168
10 23
10 164
10 177
10 31
10 174
10 82
10 80
10 104
10 129
10 138
10 81
10 47
10 160
10 72
10 77
10 110
10 50
10 60
10 90
10 52
10 91
10 21
10 32
10 73
10 64
10 140
10 102
10 182
10 127
10 39
10 161
11 15
11 41
11 42
11 59
11 83
11 94
11 157
11 157
11 147
11 179
11 186
11 149
11 25
11 37
11 93
11 31
11 55
11 36
11 112
11 103
11 92
11 102
11 49
11 19
11 88
11 23
11 14
11 77
11 150
11 61
11 27
11 38
11 159
11 153
11 72
11 48
11 123
11 105
11 133
11 199
11 39
11 127
11 144
11 29
11 80
11 65
11 73
11 66
11 161
11 33
11 60
11 151
11 178
12 26
12 31
12 47
12 65
12 169
12 118
12 25
12 92
12 173
12 173
12 75
12 131
12 36
12 74
12 82
12 58
12 163
12 148
12 140
12 48
12 110
12 181
12 66
12 61
12 95
12 18
12 55
12 116
12 22
12 161
12 155
12 35
12 101
12 30
12 49
12 179
12 97
12 133
12 197
12 28
12 17
12 107
12 57
12 23
12 180
12 85
12 158
12 20
13 39
13 68
13 89
13 131
13 161
13 110
13 126
13 150
13 79
13 178
13 108
13 20
13 174
13 65
13 189
13 84
13 54
13 169
13 50
13 107
13 92
13 163
13 183
13 183
13 102
13 35
13 14
13 42
13 64
13 168
13 72
13 44
13 124
13 134
13 121
13 177
13 46
13 166
13 122
13 193
13 164
13 106
13 40
13 52
13 101
13 157
13 55
13 99
13 190
13 61
13 154
13 29
13 66
13 77
13 118
13 195
13 41
13 103
13 155
13 83
13 127
13 125
13 47
14 22
14 49
14 106
14 121
14 83
14 52
14 186
14 79
14 97
14 61
14 74
14 45
14 165
14 76
14 158
14 131
14 181
14 115
14 73
14 187
14 187
14 59
14 71
14 57
14 137
14 60
14 105
14 144
14 42
14 18
14 142
14 111
14 50
14 82
14 143
14 175
14 157
14 15
14 148
14 179
14 124
14 113
14 135
14 134
14 128
14 199
14 38
14 20
14 26
14 92
14 69
14 119
14 117
14 87
14 189
14 182
15 48
15 69
15 85
15 105
15 190
15 27
15 96
15 61
15 157
15 121
15 141
15 68
15 36
15 160
15 23
15 59
15 125
15 104
15 84
15 162
15 134
15 70
15 131
15 124
15 195
15 102
15 92
15 28
15 82
15 65
15 52
15 19
15 98
15 113
15 146
15 99
15 185
15 22
15 108
15 123
15 90
15 56
15 83
15 172
15 170
15 79
16 17
16 46
16 94
16 100
16 116
16 150
16 58
16 165
16 80
16 187
16 51
16 188
16 109
16 136
16 144
16 197
16 138
16 64
16 88
16 81
16 95
16 115
16 129
16 137
16 40
16 155
16 27
16 143
16 199
16 97
16 176
16 91
16 149
16 25
16 22
16 75
16 21
16 154
16 18
16 37
16 93
16 177
16 117
16 63
16 48
16 89
16 83
16 42
16 189
16 28
16 191
16 191
17 21
17 30
17 43
17 72
17 158
17 98
17 56
17 91
17 55
17 58
17 100
17 65
17 178
17 188
17 40
17 28
17 115
17 185
17 18
17 173
17 183
17 116
17 83
17 112
17 67
17 142
17 27
17 54
17 150
17 38
17 199
17 96
17 166
17 105
17 76
17 144
17 167
17 88
17 69
17 60
17 108
17 181
17 99
17 177
17 63
17 103
17 31
17 71
18 34
18 86
18 84
18 159
18 124
18 103
18 38
18 180
18 185
18 26
18 67
18 37
18 20
18 57
18 91
18 71
18 191
18 189
18 174
18 40
18 192
18 70
18 139
18 147
18 76
18 54
18 80
18 46
18 61
18 120
18 87
18 33
18 156
18 133
18 25
18 199
18 152
18 123
18 163
18 173
18 122
18 117
18 160
18 132
18 23
18 72
18 101
18 100
18 81
18 106
18 172
18 97
18 182
19 27
19 179
19 80
19 24
19 186
19 54
19 95
19 102
19 120
19 37
19 165
19 52
19 142
19 84
19 55
19 93
19 176
19 176
19 183
19 158
19 28
19 94
19 114
19 166
19 39
19 173
19 69
19 170
19 159
19 160
19 97
19 20
19 137
19 50
19 193
19 76
19 85
19 82
19 162
19 25
19 198
19 100
19 46
19 78
19 167
19 72
19 190
19 139
19 178
19 48
20 24
20 25
20 106
20 60
20 181
20 199
20 157
20 86
20 48
20 147
20 101
20 104
20 125
20 136
20 170
20 170
20 165
20 47
20 167
20 130
20 114
20 117
20 76
20 72
20 124
20 193
20 61
20 92
20 160
20 80
20 50
20 103
20 38
20 183
20 63
20 43
20 57
20 198
20 161
20 186
21 110
21 50
21 123
21 128
21 142
21 72
21 196
21 196
21 183
21 193
21 120
21 22
21 192
21 131
21 172
21 77
21 158
21 135
21 132
21 24
21 180
21 166
21 92
21 96
21 40
21 107
21 29
21 189
21 119
21 32
21 80
21 117
21 144
21 84
21 115
21 136
22 107
22 194
22 28
22 178
22 56
22 31
22 90
22 197
22 161
22 23
22 72
22 139
22 68
22 48
22 120
22 40
22 100
22 134
22 32
22 168
22 121
22 78
22 123
22 98
22 108
22 144
22 52
22 58
22 125
22 172
22 150
22 184
22 167
22 83
22 89
22 53
22 195
22 62
22 47
22 87
22 169
22 24
22 39
22 81
22 33
22 157
22 61
23 67
23 142
23 87
23 167
23 29
23 119
23 187
23 73
23 147
23 71
23 181
23 45
23 63
23 79
23 157
23 174
23 151
23 86
23 120
23 162
23 129
23 137
23 51
23 164
23 59
23 92
23 197
23 85
23 90
23 105
23 171
23 188
23 81
23 148
23 130
23 101
23 103
23 95
23 99
23 84
23 54
23 39
23 160
23 82
23 114
23 76
23 110
23 65
23 50
23 40
23 33
23 170
23 70
23 184
24 29
24 193
24 123
24 158
24 125
24 63
24 148
24 39
24 26
24 122
24 175
24 153
24 191
24 111
24 92
24 119
24 156
24 198
24 188
24 117
24 35
24 57
24 136
24 129
24 94
24 189
24 45
24 91
24 144
24 27
24 65
24 114
24 168
24 163
24 181
24 187
24 185
24 143
24 50
24 37
24 25
24 130
24 76
24 71
24 120
24 176
24 171
25 40
25 82
25 74
25 167
25 36
25 78
25 41
25 121
25 89
25 90
25 122
25 77
25 32
25 190
25 140
25 150
25 48
25 192
25 126
25 152
25 173
25 71
25 198
25 62
25 159
25 116
25 95
25 108
25 172
25 33
25 101
25 101
25 60
25 110
25 189
25 134
25 91
25 162
25 81
25 155
25 153
25 163
25 54
25 183
25 49
25 57
25 169
25 26
25 92
26 151
26 152
26 165
26 164
26 194
26 88
26 100
26 29
26 185
26 169
26 42
26 137
26 162
26 141
26 78
26 144
26 111
26 121
26 184
26 56
26 150
26 61
26 120
26 182
26 93
26 119
26 84
26 117
26 38
26 140
26 44
26 163
26 135
26 37
26 99
26 149
26 69
26 31
26 68
26 172
26 196
26 112
26 139
26 187
26 181
27 81
27 128
27 52
27 137
27 188
27 160
27 62
27 103
27 71
27 111
27 178
27 183
27 185
27 185
27 53
27 171
27 165
27 77
27 44
27 85
27 133
27 109
27 116
27 28
27 153
27 75
27 34
27 161
27 144
27 125
27 124
27 66
27 70
27 68
27 193
27 181
27 115
27 83
27 73
27 40
28 38
28 120
28 42
28 147
28 34
28 190
28 113
28 47
28 121
28 195
28 148
28 81
28 143
28 187
28 48
28 43
28 72
28 35
28 150
28 55
28 129
28 41
28 160
28 111
28 171
28 63
28 117
28 103
28 136
28 50
28 180
28 135
28 126
28 36
28 85
28 167
28 141
28 67
28 89
28 189
28 65
28 176
28 37
28 83
28 46
28 165
28 184
28 177
28 119
28 158
29 68
29 142
29 173
29 75
29 149
29 114
29 48
29 107
29 38
29 96
29 93
29 156
29 99
29 99
29 63
29 153
29 39
29 74
29 128
29 81
29 165
29 30
29 140
29 127
29 82
29 157
29 32
29 137
29 123
29 124
29 121
29 49
29 179
29 80
29 130
29 83
29 192
29 177
29 170
29 172
29 163
29 182
29 88
29 186
29 189
29 73
30 74
30 154
30 132
30 96
30 199
30 141
30 138
30 47
30 39
30 102
30 146
30 91
30 89
30 46
30 168
30 52
30 44
30 188
30 142
30 98
30 128
30 157
30 37
30 193
30 33
30 32
30 80
30 115
30 60
30 129
30 94
30 143
31 60
31 197
31 167
31 167
31 188
31 59
31 97
31 168
31 90
31 98
31 82
31 73
31 138
31 136
31 125
31 160
31 179
31 39
31 67
31 178
31 58
31 81
31 49
31 112
31 85
31 109
31 84
31 162
31 96
31 149
31 42
31 87
31 155
31 199
31 195
31 117
31 108
32 127
32 129
32 163
32 196
32 186
32 181
32 61
32 199
32 160
32 139
32 152
32 41
32 121
32 170
32 132
32 44
32 164
32 155
32 128
32 165
32 98
32 69
32 74
32 194
32 89
32 46
32 195
32 174
32 182
32 94
32 56
32 111
32 66
32 114
32 118
32 126
32 65
32 55
32 79
32 105
32 172
32 96
32 67
32 191
32 147
32 120
32 131
32 197
32 187
32 146
33 101
33 118
33 133
33 156
33 157
33 166
33 92
33 173
33 149
33 116
33 41
33 61
33 63
33 47
33 159
33 39
33 83
33 167
33 140
33 128
33 150
33 90
33 60
33 82
33 50
33 169
33 131
33 155
33 89
33 138
33 181
33 125
33 183
33 182
33 121
33 36
33 180
33 148
33 153
33 102
33 51
33 196
33 110
33 112
33 80
33 98
33 103
33 87
33 187
34 79
34 96
34 109
34 134
34 144
34 36
34 41
34 163
34 194
34 72
34 80
34 104
34 47
34 155
34 64
34 119
34 197
34 166
34 48
34 120
34 192
34 164
34 171
34 148
34 105
34 58
34 87
34 62
34 45
34 55
34 183
34 67
34 179
34 130
34 65
34 138
34 180
34 124
34 63
34 127
34 74
34 95
34 35
35 45
35 176
35 49
35 137
35 147
35 123
35 187
35 108
35 86
35 76
35 138
35 75
35 171
35 150
35 152
35 197
35 151
35 173
35 175
35 102
35 101
35 79
35 52
35 46
35 96
35 54
35 181
35 184
35 184
35 42
35 141
35 161
35 67
35 38
35 174
35 107
35 178
35 156
35 87
35 51
35 71
35 170
35 110
35 36
36 51
36 58
36 149
36 63
36 84
36 169
36 96
36 119
36 184
36 86
36 73
36 120
36 104
36 126
36 110
36 62
36 44
36 165
36 162
36 134
36 129
36 102
36 167
36 181
36 106
36 188
36 43
36 59
36 131
36 89
36 113
36 108
36 85
36 56
36 90
36 199
36 139
36 37
36 182
36 123
36 107
36 40
36 132
36 174
36 174
36 52
37 192
37 84
37 132
37 185
37 175
37 127
37 105
37 61
37 130
37 130
37 96
37 123
37 69
37 81
37 94
37 147
37 184
37 182
37 107
37 68
37 145
37 128
37 101
37 135
37 79
37 155
37 88
37 102
37 199
37 178
37 74
37 58
37 119
37 196
37 63
38 117
38 172
38 172
38 97
38 170
38 132
38 167
38 68
38 73
38 134
38 61
38 149
38 153
38 120
38 194
38 123
38 158
38 48
38 59
38 125
38 44
38 197
38 58
38 60
38 95
38 146
38 54
38 89
38 119
38 157
38 150
38 190
38 154
38 75
38 100
38 198
38 179
38 81
38 155
38 169
38 188
38 141
38 47
39 178
39 154
39 63
39 86
39 99
39 88
39 70
39 94
39 151
39 84
39 77
39 144
39 135
39 81
39 167
39 163
39 143
39 64
39 95
39 153
39 61
39 121
39 103
39 195
39 174
39 165
39 131
39 168
39 66
39 148
39 129
39 47
39 191
39 199
39 56
39 85
39 40
39 53
39 54
39 156
39 140
39 182
39 113
39 185
39 196
39 79
39 139
40 44
40 124
40 80
40 48
40 81
40 144
40 77
40 146
40 196
40 187
40 184
40 65
40 160
40 91
40 162
40 54
40 145
40 161
40 183
40 166
40 67
40 74
40 87
40 169
40 169
40 119
40 140
40 152
40 56
40 159
40 114
40 41
40 135
41 50
41 183
41 169
41 63
41 132
41 88
41 126
41 193
41 57
41 78
41 87
41 119
41 97
41 153
41 159
41 146
41 51
41 105
41 185
41 109
41 171
41 94
41 145
41 43
41 164
41 90
41 75
41 156
41 149
41 121
41 42
41 80
41 165
41 100
41 158
41 81
41 131
41 163
41 59
41 124
41 108
41 127
41 73
41 147
41 130
41 53
41 66
41 101
41 133
42 146
42 148
42 177
42 79
42 72
42 172
42 118
42 144
42 106
42 152
42 184
42 176
42 143
42 114
42 160
42 160
42 181
42 113
42 75
42 58
42 190
42 119
42 86
42 49
42 71
42 154
42 169
42 80
42 132
42 128
42 127
42 54
42 126
42 198
42 52
42 112
42 153
42 105
42 51
42 84
42 94
42 187
42 139
42 182
42 138
43 97
43 197
43 153
43 105
43 115
43 98
43 149
43 71
43 184
43 93
43 122
43 134
43 112
43 48
43 92
43 118
43 170
43 111
43 104
43 150
43 44
43 49
43 136
43 135
43 139
43 95
43 193
43 148
43 68
43 121
43 158
43 58
43 199
43 74
43 151
44 147
44 170
44 123
44 121
44 130
44 193
44 140
44 154
44 109
44 81
44 61
44 46
44 196
44 166
44 96
44 122
44 108
44 175
44 134
44 85
44 148
44 82
44 159
44 126
44 137
44 190
44 45
44 151
44 67
44 103
44 197
44 163
44 51
44 66
44 114
44 92
44 168
44 53
44 144
44 104
45 93
45 191
45 147
45 135
45 175
45 82
45 195
45 170
45 178
45 144
45 126
45 137
45 120
45 189
45 85
45 169
45 146
45 46
45 171
45 171
45 181
45 91
45 102
45 66
45 164
45 182
45 59
45 114
45 68
45 47
45 87
45 193
45 88
45 162
45 61
45 136
45 109
45 113
45 128
45 81
46 92
46 180
46 139
46 139
46 109
46 182
46 89
46 194
46 169
46 47
46 181
46 114
46 52
46 192
46 193
46 54
46 152
46 117
46 195
46 62
46 174
46 168
46 173
46 82
46 53
46 119
46 185
46 51
46 112
46 107
46 100
46 126
46 91
46 186
47 75
47 112
47 122
47 149
47 172
47 58
47 155
47 114
47 156
47 156
47 190
47 199
47 90
47 116
47 141
47 127
47 120
47 153
47 196
47 61
47 160
47 96
47 110
47 93
47 189
47 67
47 102
47 59
47 146
47 138
47 185
47 164
47 118
47 183
47 144
47 83
47 76
47 87
47 173
47 182
48 90
48 159
48 84
48 162
48 182
48 165
48 184
48 177
48 158
48 105
48 124
48 125
48 197
48 135
48 81
48 121
48 77
48 74
48 144
48 103
48 143
48 147
48 174
48 65
48 137
48 128
48 88
48 167
48 166
48 108
48 189
48 161
48 83
48 94
48 59
48 95
48 180
48 133
48 179
48 199
48 153
48 178
49 64
49 74
49 63
49 120
49 128
49 162
49 162
49 118
49 188
49 132
49 185
49 150
49 167
49 186
49 88
49 84
49 158
49 56
49 59
49 83
49 176
49 71
49 190
49 192
49 135
49 154
49 65
49 70
49 67
49 163
49 89
49 78
49 169
49 57
49 72
49 155
49 139
49 91
49 98
49 53
49 69
49 194
49 124
49 133
49 93
49 109
49 151
49 73
50 57
50 66
50 155
50 81
50 137
50 128
50 121
50 104
50 89
50 99
50 161
50 105
50 196
50 108
50 63
50 102
50 178
50 84
50 75
50 165
50 122
50 78
50 116
50 138
50 145
50 115
50 88
50 164
50 60
50 103
50 193
50 123
50 95
50 174
50 162
50 61
50 191
50 94
50 113
50 64
50 156
50 188
50 159
51 78
51 82
51 134
51 79
51 173
51 59
51 95
51 137
51 109
51 181
51 80
51 99
51 162
51 196
51 92
51 180
51 160
51 189
51 52
51 116
51 57
51 128
51 175
51 132
51 199
51 69
51 142
51 83
51 101
51 123
51 145
51 172
51 70
51 56
51 121
51 161
51 161
51 120
51 129
51 191
51 112
51 90
51 91
51 174
52 63
52 79
52 93
52 199
52 155
52 110
52 163
52 127
52 121
52 143
52 143
52 96
52 191
52 60
52 101
52 136
52 107
52 68
52 189
52 114
52 133
52 104
52 103
52 88
52 117
52 81
52 84
52 92
53 71
53 77
53 82
53 127
53 99
53 143
53 88
53 137
53 76
53 62
53 104
53 115
53 85
53 98
53 149
53 176
53 70
53 139
53 83
53 180
53 187
53 79
53 197
53 168
53 90
53 144
53 116
53 86
53 56
53 164
53 63
53 184
53 57
53 58
53 101
53 155
53 172
53 165
53 165
53 119
53 167
53 132
54 115
54 112
54 173
54 133
54 113
54 72
54 145
54 102
54 142
54 117
54 75
54 148
54 199
54 171
54 118
54 154
54 78
54 130
54 125
54 197
54 64
54 172
54 183
54 136
54 86
54 174
54 129
54 94
54 164
54 153
54 177
54 85
55 62
55 95
55 167
55 132
55 65
55 98
55 185
55 123
55 61
55 77
55 111
55 88
55 57
55 177
55 156
55 76
55 188
55 96
55 100
55 74
55 131
55 66
55 151
55 145
55 67
55 179
55 194
55 118
55 173
55 97
55 191
55 199
55 134
55 115
55 59
55 139
55 69
55 68
55 164
55 172
56 97
56 145
56 101
56 156
56 71
56 172
56 58
56 130
56 116
56 98
56 127
56 72
56 90
56 177
56 81
56 176
56 174
56 153
56 83
56 106
56 162
56 103
56 159
56 94
56 197
56 125
56 135
56 137
56 59
56 92
56 164
56 136
56 136
56 171
56 193
56 63
56 111
57 119
57 80
57 175
57 171
57 182
57 182
57 103
57 77
57 152
57 189
57 63
57 168
57 101
57 197
57 143
57 159
57 70
57 97
57 138
57 106
57 129
57 186
57 78
57 84
57 69
57 58
57 141
57 114
57 75
57 127
57 157
57 79
57 178
57 155
57 98
57 146
57 166
57 93
57 71
57 68
57 59
57 161
57 104
57 194
57 164
57 153
57 180
58 169
58 183
58 151
58 68
58 166
58 75
58 135
58 103
58 90
58 85
58 193
58 179
58 163
58 65
58 134
58 134
58 64
58 195
58 97
58 76
58 153
58 127
58 72
58 139
58 115
58 178
58 100
58 74
58 102
58 165
58 175
58 107
58 140
58 113
58 84
58 167
58 110
58 161
58 124
58 156
59 160
59 125
59 86
59 83
59 195
59 161
59 137
59 69
59 156
59 82
59 73
59 179
59 118
59 168
59 187
59 127
59 126
59 143
59 182
59 189
59 76
59 75
59 90
59 135
59 181
59 68
59 67
59 163
59 178
59 153
59 171
59 199
59 114
59 191
59 71
59 106
59 63
59 174
59 140
59 105
59 180
59 128
60 62
60 199
60 154
60 154
60 141
60 169
60 88
60 162
60 110
60 183
60 165
60 67
60 186
60 97
60 111
60 172
60 96
60 84
60 81
60 89
60 147
60 150
60 170
60 98
60 124
60 112
60 143
60 194
60 113
60 167
60 120
60 64
60 185
61 135
61 177
61 137
61 113
61 183
61 136
61 179
61 104
61 146
61 117
61 133
61 178
61 110
61 66
61 68
61 160
61 199
61 63
61 141
61 100
61 145
61 134
61 168
61 121
61 115
61 89
61 81
62 84
62 199
62 125
62 85
62 122
62 88
62 87
62 172
62 189
62 81
62 179
62 191
62 149
62 126
62 165
62 129
62 133
62 181
62 82
62 150
62 187
62 139
62 161
62 156
62 96
62 76
62 80
62 167
62 124
62 152
63 116
63 195
63 115
63 162
63 131
63 152
63 154
63 67
63 107
63 186
63 114
63 99
63 137
63 161
63 70
63 65
63 190
63 148
63 148
63 64
63 174
63 168
63 179
63 146
63 180
63 85
63 97
63 188
63 132
63 191
63 194
63 123
63 111
63 199
63 72
63 74
63 75
64 73
64 113
64 121
64 174
64 65
64 180
64 86
64 155
64 151
64 187
64 186
64 125
64 110
64 158
64 71
64 92
64 102
64 74
64 140
64 150
64 99
64 198
64 160
64 109
64 169
64 190
64 175
64 117
64 78
64 173
64 123
64 138
64 172
65 111
65 139
65 135
65 80
65 188
65 192
65 189
65 68
65 176
65 179
65 103
65 155
65 90
65 74
65 78
65 142
65 118
65 79
65 93
65 151
65 91
65 199
65 147
65 174
65 86
65 161
65 112
65 98
66 163
66 121
66 86
66 77
66 111
66 127
66 103
66 94
66 130
66 105
66 148
66 156
66 87
66 138
66 98
66 143
66 146
66 155
66 189
66 72
66 168
66 170
66 161
66 192
66 190
66 117
66 84
66 124
66 70
66 179
66 175
66 176
67 141
67 167
67 190
67 122
67 116
67 83
67 71
67 73
67 136
67 126
67 162
67 93
67 187
67 180
67 87
67 182
67 103
67 138
67 104
67 172
67 108
67 124
67 135
67 179
67 81
67 170
67 146
67 154
67 166
68 91
68 128
68 175
68 155
68 124
68 99
68 164
68 94
68 93
68 106
68 74
68 115
68 176
68 126
68 156
68 112
68 100
68 96
68 169
68 90
68 89
68 143
68 117
68 177
68 108
68 131
68 188
68 142
68 187
68 79
68 97
68 123
68 133
68 193
68 152
68 130
68 103
68 118
69 76
69 170
69 96
69 109
69 104
69 71
69 112
69 90
69 121
69 127
69 143
69 182
69 183
69 78
69 194
69 150
69 85
69 188
69 84
69 70
69 165
69 73
69 184
69 179
69 169
69 186
69 113
69 173
69 193
69 95
69 151
69 198
69 158
69 158
69 108
69 128
69 82
69 159
70 170
70 74
70 145
70 79
70 83
70 118
70 118
70 180
70 147
70 191
70 121
70 124
70 189
70 195
70 113
70 144
70 102
70 155
70 148
70 178
70 106
70 84
70 192
70 182
70 179
70 159
70 152
70 175
70 181
70 196
70 92
70 72
70 73
70 146
70 135
70 91
71 84
71 107
71 168
71 87
71 103
71 166
71 105
71 149
71 138
71 152
71 91
71 140
71 106
71 135
71 156
71 155
71 119
71 194
71 199
71 125
71 97
71 80
71 116
71 115
71 100
71 75
72 138
72 119
72 83
72 95
72 82
72 81
72 135
72 86
72 115
72 130
72 171
72 90
72 158
72 180
72 75
72 136
72 173
72 156
72 162
72 128
72 191
72 79
72 87
72 149
72 106
72 152
72 133
72 89
72 168
72 166
72 116
72 184
73 88
73 114
73 124
73 184
73 98
73 198
73 144
73 128
73 100
73 166
73 86
73 95
73 79
73 127
73 127
73 148
73 83
73 76
73 84
73 187
73 113
73 138
73 125
73 92
73 111
73 173
73 115
73 180
74 117
74 76
74 164
74 99
74 145
74 139
74 179
74 120
74 199
74 110
74 133
74 93
74 136
74 182
74 187
74 104
74 193
74 172
74 155
74 79
74 171
74 195
74 192
74 143
74 184
74 123
74 153
74 97
74 107
74 89
74 90
74 177
74 176
74 198
74 108
74 152
74 101
74 175
74 188
74 77
75 140
75 82
75 86
75 156
75 133
75 122
75 108
75 138
75 189
75 160
75 184
75 142
75 94
75 187
75 149
75 196
75 132
75 93
75 117
75 192
75 112
75 176
75 135
75 136
75 109
75 97
75 115
75 199
75 113
75 110
75 164
75 159
75 116
75 144
75 105
75 146
76 131
76 88
76 189
76 143
76 150
76 156
76 193
76 177
76 194
76 86
76 127
76 157
76 158
76 196
76 79
76 130
76 190
76 77
76 182
76 188
76 164
76 92
76 84
76 152
76 135
76 128
76 89
76 142
76 172
76 109
76 133
76 103
76 138
77 147
77 171
77 182
77 127
77 156
77 101
77 83
77 138
77 123
77 133
77 158
77 88
77 189
77 82
77 168
77 89
77 111
77 198
77 139
77 100
77 174
77 87
77 104
78 98
78 143
78 171
78 187
78 139
78 123
78 120
78 179
78 188
78 117
78 117
78 167
78 194
78 130
78 163
78 92
78 184
78 145
78 169
78 144
78 159
78 111
78 193
78 173
78 127
78 101
78 161
78 86
78 181
78 106
78 154
78 109
78 79
78 198
78 126
78 134
79 197
79 163
79 192
79 178
79 185
79 162
79 150
79 159
79 168
79 130
79 119
79 175
79 80
79 105
79 94
79 191
79 139
79 112
79 126
79 134
79 138
79 91
79 189
79 83
79 129
79 109
79 104
80 158
80 187
80 126
80 144
80 118
80 167
80 188
80 95
80 181
80 162
80 119
80 125
80 120
80 133
80 196
80 88
80 195
80 194
80 115
80 164
80 139
80 107
80 116
80 108
80 103
80 96
80 172
80 184
80 98
80 132
80 198
80 138
80 163
80 157
80 165
81 96
81 155
81 108
81 152
81 110
81 105
81 137
81 123
81 185
81 186
81 107
81 132
81 113
81 131
81 131
81 147
81 102
81 83
81 126
81 87
81 195
81 143
81 187
81 134
81 170
81 166
81 190
81 82
81 139
82 103
82 185
82 199
82 191
82 183
82 121
82 95
82 100
82 136
82 128
82 109
82 189
82 153
82 127
82 151
82 169
82 134
82 91
82 96
82 167
82 117
82 177
82 113
82 179
82 116
82 112
82 188
82 106
82 193
82 141
82 141
82 119
83 180
83 177
83 136
83 184
83 159
83 194
83 176
83 123
83 122
83 181
83 173
83 106
83 86
83 163
83 183
83 145
83 84
83 150
83 110
83 170
83 115
83 99
83 169
84 96
84 128
84 134
84 104
84 122
84 122
84 140
84 124
84 166
84 133
84 123
84 156
84 147
84 191
84 144
84 167
84 171
84 94
84 176
84 193
84 130
84 163
84 107
84 138
84 145
84 103
84 118
84 92
84 143
84 155
84 90
84 136
85 126
85 168
85 140
85 121
85 172
85 129
85 160
85 163
85 127
85 132
85 188
85 167
85 169
85 194
85 115
85 171
85 184
85 141
85 144
85 117
85 185
85 114
85 138
85 124
85 108
85 154
85 122
85 183
85 155
86 89
86 118
86 173
86 178
86 186
86 182
86 172
86 191
86 123
86 135
86 128
86 168
86 134
86 160
86 117
86 185
86 112
86 105
86 131
86 106
86 156
86 137
86 141
86 96
86 90
87 167
87 98
87 194
87 178
87 190
87 124
87 195
87 186
87 125
87 128
87 103
87 143
87 106
87 153
87 114
87 175
87 115
87 117
87 120
87 88
87 121
87 197
87 92
87 152
87 104
87 180
87 163
88 128
88 110
88 174
88 142
88 142
88 188
88 91
88 163
88 143
88 173
88 131
88 133
88 170
88 140
88 192
88 156
88 161
88 166
88 116
88 130
88 148
88 190
88 180
88 89
88 194
89 157
89 108
89 152
89 94
89 111
89 134
89 117
89 174
89 147
89 160
89 106
89 161
89 164
89 95
89 188
89 135
89 198
89 180
89 122
89 151
89 90
89 154
89 181
89 137
89 146
89 136
89 92
90 132
90 129
90 185
90 121
90 153
90 165
90 190
90 97
90 126
90 95
90 111
90 188
90 180
90 163
90 118
90 183
90 146
90 173
90 123
90 147
90 181
90 151
90 104
90 186
90 198
91 150
91 153
91 135
91 100
91 108
91 102
91 124
91 173
91 110
91 151
91 106
91 106
91 147
91 118
91 134
91 154
91 166
91 119
91 180
91 186
91 168
91 175
91 158
91 132
91 165
91 142
91 183
91 139
91 120
91 167
91 107
91 138
91 104
92 162
92 192
92 185
92 96
92 131
92 156
92 110
92 102
92 141
92 184
92 123
92 97
92 179
92 148
92 176
92 125
92 125
92 166
92 143
92 121
92 199
92 198
92 195
93 134
93 148
93 190
93 158
93 159
93 118
93 174
93 162
93 164
93 170
93 104
93 135
93 130
93 122
93 123
93 128
93 187
93 149
93 100
93 197
93 179
93 186
93 121
93 178
93 116
93 120
94 104
94 110
94 120
94 156
94 144
94 185
94 99
94 108
94 95
94 187
94 105
94 153
94 164
94 126
94 130
94 122
94 115
94 131
94 175
94 102
94 176
94 141
94 134
94 100
95 114
95 142
95 137
95 117
95 160
95 118
95 192
95 144
95 197
95 106
95 171
95 178
95 131
95 97
95 184
95 128
95 175
95 198
95 96
95 123
95 152
95 172
95 149
95 120
95 169
96 102
96 166
96 195
96 189
96 196
96 175
96 157
96 140
96 199
96 164
96 145
96 162
96 116
96 152
96 167
96 159
96 134
96 171
96 104
96 173
96 106
96 147
96 120
96 115
96 115
96 133
96 110
96 156
96 150
96 113
96 128
97 137
97 174
97 136
97 161
97 196
97 170
97 116
97 132
97 112
97 131
97 175
97 178
97 149
97 107
97 143
97 129
97 129
97 189
97 114
97 98
97 158
97 159
97 172
97 190
97 104
97 192
97 151
97 166
98 180
98 177
98 143
98 141
98 134
98 109
98 120
98 169
98 101
98 195
98 151
98 188
98 152
98 153
98 190
98 99
98 191
98 183
98 139
99 170
99 185
99 131
99 118
99 149
99 173
99 110
99 129
99 142
99 188
99 124
99 198
99 158
99 166
99 177
99 175
99 147
99 178
99 186
100 188
100 156
100 165
100 192
100 192
100 129
100 134
100 164
100 183
100 111
100 195
100 140
100 152
100 145
100 124
100 163
100 133
100 194
100 142
100 172
100 197
100 117
100 168
100 175
100 187
100 109
100 104
100 128
100 161
100 131
101 125
101 179
101 148
101 174
101 187
101 123
101 185
101 162
101 154
101 180
101 110
101 159
101 175
101 144
101 191
101 111
101 127
101 121
101 150
101 198
101 156
101 135
101 139
101 197
101 161
101 133
101 108
102 146
102 160
102 123
102 148
102 140
102 186
102 199
102 192
102 132
102 126
102 129
102 112
102 124
102 193
102 184
102 133
102 130
102 113
102 194
102 131
102 173
102 110
102 198
102 196
102 139
102 171
103 143
103 178
103 155
103 195
103 152
103 140
103 137
103 181
103 121
103 108
103 111
103 179
103 161
103 127
103 172
103 177
103 159
103 184
103 164
103 196
104 121
104 124
104 193
104 113
104 113
104 122
104 128
104 112
104 135
104 197
104 168
104 182
104 186
104 174
104 165
104 106
104 198
104 110
104 115
104 144
104 166
105 123
105 146
105 195
105 166
105 127
105 186
105 186
105 109
105 140
105 132
105 144
105 165
105 143
105 161
105 158
105 193
105 153
105 126
105 196
105 136
105 120
105 164
105 124
105 198
106 170
106 160
106 177
106 116
106 109
106 193
106 119
106 178
106 162
106 197
106 166
106 152
106 181
106 143
106 186
106 108
106 174
106 189
106 148
106 180
106 163
106 144
106 126
106 121
106 127
107 168
107 159
107 109
107 162
107 179
107 163
107 155
107 169
107 119
107 197
107 114
107 137
107 146
107 171
107 131
107 118
107 123
107 150
107 157
107 182
107 177
107 195
108 154
108 135
108 150
108 163
108 117
108 139
108 138
108 199
108 180
108 146
108 183
108 190
108 197
108 164
108 114
108 114
108 191
108 155
108 118
108 167
108 110
108 109
108 120
108 189
108 133
108 198
108 179
108 134
108 113
109 134
109 190
109 136
109 187
109 110
109 140
109 194
109 183
109 160
109 153
109 147
109 158
109 122
109 172
109 168
109 179
109 171
109 143
109 135
109 173
109 127
109 170
109 191
109 176
109 178
109 195
109 175
110 129
110 197
110 157
110 168
110 186
110 189
110 193
110 161
110 113
110 147
110 143
110 174
110 158
110 121
110 131
110 126
110 117
110 173
110 194
110 177
110 118
110 172
110 183
111 112
111 137
111 171
111 153
111 163
111 139
111 197
111 173
111 189
111 119
111 194
111 148
111 136
111 116
111 121
111 134
111 145
111 187
111 198
111 152
111 124
111 144
112 175
112 141
112 167
112 138
112 172
112 185
112 181
112 127
112 164
112 116
112 155
112 129
112 189
112 183
112 193
112 182
112 137
112 123
112 171
112 118
113 164
113 193
113 151
113 170
113 152
113 182
113 124
113 160
113 183
113 128
113 175
113 125
113 134
113 123
113 136
113 150
113 148
113 121
113 180
113 174
113 189
113 165
114 130
114 134
114 159
114 172
114 147
114 119
114 129
114 118
114 170
114 184
114 183
114 156
114 115
114 176
114 157
114 146
114 160
114 145
114 196
114 185
114 195
114 180
114 131
114 171
114 151
114 139
114 168
114 117
114 136
115 172
115 153
115 178
115 151
115 191
115 149
115 198
115 147
115 166
115 131
115 171
115 130
115 132
115 116
115 174
115 170
115 184
115 196
115 161
115 123
115 157
116 199
116 161
116 163
116 169
116 179
116 187
116 146
116 126
116 198
116 144
116 145
116 133
116 148
116 136
116 188
116 186
116 118
116 129
116 150
116 183
116 170
116 158
117 156
117 133
117 145
117 165
117 130
117 195
117 189
117 134
117 180
117 129
117 178
117 159
117 118
117 141
117 199
117 132
117 123
117 142
117 138
117 128
117 127
117 169
117 183
118 142
118 144
118 149
118 190
118 164
118 182
118 165
118 171
118 143
118 138
118 156
118 194
118 153
118 121
118 178
118 157
118 192
118 168
118 183
118 128
118 139
119 137
119 189
119 148
119 181
119 125
119 140
119 133
119 127
119 195
119 165
119 154
119 174
119 183
119 131
119 126
119 170
119 194
119 196
119 136
119 198
119 120
119 186
119 143
119 121
120 151
120 169
120 124
120 189
120 182
120 191
120 138
120 174
120 197
120 127
120 164
120 131
120 155
120 167
120 132
120 145
120 150
120 121
120 163
121 178
121 154
121 122
121 169
121 168
121 124
121 199
121 188
121 171
121 161
121 176
121 174
121 144
121 150
121 149
121 185
121 167
121 180
121 163
121 138
121 195
121 128
122 196
122 194
122 146
122 190
122 163
122 127
122 133
122 128
122 153
122 167
122 162
122 142
122 152
122 123
122 157
122 185
122 178
122 155
122 175
122 135
122 131
122 176
122 166
122 126
123 131
123 125
123 168
123 154
123 128
123 166
123 177
123 153
123 149
123 135
123 174
123 140
123 195
123 145
124 185
124 140
124 136
124 134
124 137
124 125
124 142
124 148
124 133
124 165
124 129
124 170
124 187
124 169
124 177
124 168
124 197
125 136
125 151
125 180
125 147
125 195
125 129
125 161
125 160
125 155
125 181
125 154
125 162
125 145
125 134
125 171
125 196
125 191
125 148
125 172
125 187
126 156
126 166
126 133
126 154
126 132
126 135
126 188
126 189
126 146
126 171
126 151
126 140
126 194
126 168
126 152
126 131
126 137
126 180
126 185
126 198
126 173
126 163
126 191
127 154
127 160
127 142
127 146
127 199
127 152
127 147
127 131
127 197
127 175
127 133
127 159
127 157
127 184
127 191
127 167
127 165
127 183
127 162
128 198
128 158
128 142
128 190
128 184
128 175
128 155
128 140
128 144
128 182
128 192
128 131
128 138
128 163
129 197
129 190
129 183
129 137
129 180
129 198
129 167
129 146
129 164
129 179
129 166
129 145
129 177
129 132
129 154
129 131
130 142
130 137
130 178
130 195
130 189
130 177
130 162
130 185
130 196
130 161
130 134
130 164
130 147
130 174
130 138
130 179
130 199
130 141
130 180
131 166
131 198
131 171
131 134
131 132
131 175
131 191
131 138
131 158
131 186
131 174
131 168
131 180
132 193
132 153
132 170
132 185
132 196
132 181
132 173
132 179
132 142
133 186
133 139
133 179
133 191
133 149
133 199
133 192
133 157
133 147
133 181
133 134
133 156
133 163
133 162
133 165
133 152
133 169
133 189
133 136
133 194
133 177
133 138
133 193
133 153
133 196
134 173
134 138
134 170
134 190
134 141
134 142
134 166
134 153
134 198
134 135
134 160
134 177
134 164
134 159
134 178
134 185
134 171
134 161
134 152
134 184
135 147
135 174
135 158
135 144
135 186
135 140
135 191
135 146
135 137
135 161
135 199
135 190
135 165
135 136
135 172
135 167
135 149
135 175
135 151
136 166
136 177
136 170
136 198
136 183
136 193
136 172
136 180
136 186
136 173
136 160
136 179
136 171
136 138
137 199
137 172
137 193
137 165
137 138
137 150
137 188
137 181
137 190
137 169
137 147
137 153
138 166
138 185
138 189
138 153
138 177
138 163
138 139
138 144
138 197
138 143
138 148
138 155
138 199
138 179
138 152
138 192
138 176
138 168
138 167
138 142
139 149
139 146
139 188
139 183
139 178
139 168
139 150
139 193
139 156
139 189
139 172
139 187
139 169
139 163
140 187
140 156
140 197
140 158
140 176
140 172
140 161
140 196
140 186
140 167
140 164
140 181
140 170
140 166
140 147
140 174
140 182
141 145
141 185
141 149
141 173
141 189
141 158
141 164
141 161
141 181
141 188
141 177
141 153
141 190
141 184
141 163
141 171
141 160
141 151
142 171
142 161
142 185
142 170
142 178
142 182
142 165
142 169
142 159
142 188
143 166
143 197
143 183
143 157
143 181
143 179
143 168
143 148
143 163
143 185
143 146
143 186
143 176
143 198
143 173
143 153
144 188
144 192
144 179
144 174
144 158
144 153
144 184
144 194
144 155
144 161
144 149
144 168
144 182
144 178
144 190
144 169
144 157
145 168
145 179
145 160
145 178
145 180
145 146
145 199
145 172
145 195
145 176
145 157
145 151
145 181
146 153
146 190
146 181
146 198
146 194
146 161
146 152
146 169
146 165
146 164
146 160
147 190
147 178
147 149
147 148
147 177
147 173
147 186
147 182
147 166
147 155
147 176
147 189
148 152
148 174
148 162
148 176
148 155
148 159
148 188
148 192
148 167
148 158
148 187
148 168
148 172
148 184
148 156
148 180
148 181
148 165
148 170
148 183
149 160
149 198
149 180
149 186
149 168
149 155
149 193
149 163
149 182
149 166
149 150
149 159
149 174
149 165
149 187
149 173
149 153
150 195
150 196
150 191
150 175
150 155
150 168
150 162
150 180
151 161
151 198
151 167
151 165
151 170
151 175
151 153
151 157
151 189
151 196
152 188
152 167
152 172
152 199
152 173
152 184
152 198
152 194
152 195
152 171
152 166
152 174
153 181
153 154
153 169
153 163
153 165
153 156
153 170
153 162
153 188
153 195
154 157
154 165
154 161
154 195
154 171
154 180
154 169
155 161
155 156
155 165
155 194
155 166
155 178
155 175
155 190
155 191
155 184
155 182
155 177
156 194
156 190
156 166
156 192
156 183
156 160
156 173
156 165
156 177
156 179
156 164
156 187
157 196
157 197
157 159
157 182
157 180
157 184
157 179
157 158
157 199
157 194
157 188
157 177
158 171
158 197
158 160
158 178
158 183
158 182
158 159
158 185
158 175
158 198
158 172
159 161
159 173
159 182
159 163
159 188
159 183
159 192
159 180
159 178
159 177
159 171
159 167
159 190
160 169
160 166
160 181
160 174
160 190
160 173
160 184
160 168
161 174
161 163
161 169
161 172
161 183
162 195
162 196
162 164
162 184
162 194
162 199
162 168
162 185
162 179
162 198
162 163
162 197
162 178
162 174
162 180
163 189
163 183
163 197
163 186
163 169
163 194
163 168
163 190
163 177
164 168
164 179
164 175
164 186
164 185
165 184
165 181
165 170
165 192
165 195
165 185
165 199
166 188
166 170
166 187
166 176
166 175
166 199
166 183
166 178
167 195
167 191
167 192
167 194
167 193
167 186
167 190
167 181
168 176
168 174
168 182
168 193
168 197
168 184
168 196
168 178
169 198
169 199
169 196
169 183
169 188
169 175
169 176
170 187
170 173
170 189
170 185
171 189
171 174
171 187
171 179
171 186
171 190
171 188
171 193
172 182
172 188
172 192
172 195
172 174
172 196
173 196
173 190
173 174
173 177
173 194
173 186
173 176
173 179
174 177
174 176
174 198
174 191
174 194
174 178
175 192
175 176
175 199
175 180
176 183
176 188
176 189
176 192
177 179
177 178
177 198
178 193
178 187
178 194
178 186
178 181
178 192
178 182
179 186
179 188
179 185
179 192
180 186
180 181
181 186
181 199
181 189
181 185
181 196
181 191
182 197
182 184
182 189
182 191
182 198
183 184
183 192
183 190
184 187
184 186
184 191
184 198
185 197
185 187
185 186
185 192
185 189
186 190
186 199
187 198
187 193
187 195
187 189
187 190
187 192
187 188
188 194
188 193
188 199
189 191
189 198
189 194
189 199
190 199
191 199
191 197
192 195
192 197
192 196
193 194
194 198
194 195
194 197
195 197
196 199
197 198
198 199
