0 1
0 3
0 18
0 79
0 181
0 163
0 188
0 64
0 143
0 98
0 25
0 63
0 2
0 199
0 199
0 133
0 182
0 153
0 108
0 159
0 84
0 58
0 180
0 161
0 122
0 54
0 78
0 65
0 42
0 101
0 21
0 81
0 114
0 87
0 190
0 152
0 135
0 150
0 70
0 10
0 38
0 162
0 52
0 62
0 141
0 5
0 177
0 132
0 197
0 17
0 73
0 23
0 49
0 34
0 9
0 35
0 194
0 33
0 39
0 76
0 66
0 158
0 68
0 59
0 142
0 86
0 105
0 71
0 165
0 67
0 193
0 60
0 157
0 94
0 129
0 109
0 172
0 20
0 61
0 118
0 156
0 145
0 179
0 99
0 120
0 50
0 167
0 57
0 82
0 155
0 117
0 56
0 43
0 30
0 154
0 16
0 138
0 92
0 103
0 185
0 183
0 8
0 72
0 134
0 80
0 149
0 116
0 77
0 69
0 28
0 96
0 127
0 106
0 7
0 45
0 48
0 83
0 166
0 93
0 47
0 12
0 137
0 148
0 112
0 26
0 121
0 74
0 168
0 144
0 32
0 196
0 36
0 97
0 128
1 2
1 7
1 95
1 115
1 137
1 159
1 189
1 136
1 128
1 25
1 73
1 44
1 47
1 141
1 69
1 154
1 177
1 187
1 134
1 113
1 197
1 21
1 196
1 5
1 125
1 74
1 168
1 88
1 160
1 111
1 105
1 72
1 98
1 11
1 146
1 83
1 89
1 58
1 172
1 97
1 185
1 127
1 198
1 198
1 71
1 48
1 51
1 50
1 34
1 102
1 147
1 62
1 32
1 36
1 35
1 65
1 82
1 139
1 176
1 152
1 38
1 124
1 55
1 86
1 145
1 6
1 184
1 79
1 100
1 170
1 108
1 19
1 120
1 173
1 99
1 54
1 129
1 10
1 22
1 158
1 182
1 126
1 20
1 119
1 13
1 164
1 3
1 175
1 166
1 153
1 193
1 109
1 78
1 61
1 85
1 110
1 179
1 163
1 190
1 194
1 118
1 52
1 96
1 92
1 162
1 23
1 191
1 91
1 181
1 112
1 67
1 138
1 80
1 155
1 87
1 90
1 174
1 103
1 143
1 140
1 94
1 144
1 56
1 29
1 116
2 5
2 8
2 21
2 23
2 24
2 34
2 102
2 198
2 151
2 3
2 185
2 186
2 139
2 170
2 47
2 109
2 164
2 132
2 60
2 27
2 50
2 117
2 20
2 190
2 115
2 87
2 29
2 154
2 77
2 121
2 105
2 143
2 114
2 73
2 108
2 160
2 172
2 94
2 147
2 128
2 163
2 179
2 161
2 58
2 16
2 81
2 56
2 195
2 48
2 67
2 167
2 72
2 89
2 62
2 173
2 63
2 18
2 177
2 171
2 116
2 107
2 10
2 53
2 131
2 28
2 55
2 46
2 112
2 125
2 181
2 119
2 64
2 191
2 156
2 144
2 40
2 174
2 165
2 82
2 155
2 79
2 84
2 42
2 92
2 70
2 95
2 157
2 127
2 145
2 97
2 175
2 137
2 96
2 45
2 43
2 197
2 149
2 118
2 36
2 192
2 69
2 25
2 75
2 9
2 93
2 86
2 17
2 59
2 111
2 130
2 140
2 80
2 148
2 14
3 4
3 10
3 22
3 32
3 39
3 89
3 164
3 85
3 5
3 100
3 71
3 139
3 171
3 83
3 6
3 73
3 43
3 20
3 134
3 101
3 141
3 169
3 151
3 105
3 176
3 152
3 9
3 99
3 80
3 106
3 147
3 156
3 116
3 160
3 60
3 109
3 33
3 155
3 149
3 21
3 19
3 146
3 162
3 136
3 79
3 49
3 70
3 110
3 192
3 11
3 124
3 62
3 74
3 18
3 161
3 115
3 44
3 143
3 8
3 133
3 148
3 86
3 199
3 118
3 90
3 125
3 191
3 168
3 121
3 67
3 196
3 154
3 46
3 166
3 153
3 177
3 58
3 92
3 15
3 38
3 66
3 144
3 54
3 81
3 94
3 61
3 12
3 130
3 17
3 53
3 108
3 122
3 7
3 195
3 195
3 96
3 37
3 59
3 63
3 13
3 29
3 185
3 187
3 104
3 68
3 24
3 41
3 47
3 88
3 56
3 40
3 28
3 172
3 138
3 184
3 129
3 179
3 107
3 77
3 193
3 16
3 64
3 119
3 159
3 75
3 69
3 45
4 9
4 16
4 49
4 5
4 23
4 116
4 46
4 10
4 144
4 6
4 17
4 11
4 142
4 34
4 166
4 59
4 157
4 65
4 7
4 77
4 102
4 192
4 103
4 146
4 155
4 106
4 119
4 196
4 117
4 194
4 89
4 104
4 118
4 92
4 163
4 112
4 25
4 88
4 69
4 105
4 148
4 180
4 40
4 74
4 91
4 184
4 108
4 145
4 48
4 128
4 174
4 169
4 199
4 86
4 191
4 95
4 67
4 176
4 183
4 58
4 24
4 178
4 55
4 31
4 42
4 173
4 98
4 101
4 171
4 168
4 147
4 75
4 188
4 172
4 140
4 152
4 90
4 193
4 83
4 156
4 135
4 111
4 113
4 123
4 61
4 35
4 134
4 197
4 197
4 64
4 150
4 51
4 79
4 32
4 195
4 66
4 164
4 19
4 47
4 53
4 99
4 96
4 141
4 153
4 187
4 107
4 189
4 27
4 127
4 13
4 133
4 21
4 100
4 177
4 15
4 185
4 161
4 179
4 36
4 85
4 182
4 33
4 162
4 154
4 37
4 70
4 30
4 198
4 139
4 159
4 41
5 6
5 11
5 12
5 31
5 56
5 81
5 148
5 59
5 195
5 176
5 180
5 34
5 162
5 196
5 183
5 25
5 104
5 33
5 43
5 32
5 168
5 123
5 67
5 47
5 125
5 91
5 158
5 65
5 98
5 136
5 142
5 191
5 8
5 71
5 26
5 173
5 58
5 13
5 30
5 40
5 85
5 128
5 70
5 150
5 108
5 169
5 27
5 95
5 68
5 165
5 45
5 181
5 51
5 129
5 90
5 199
5 166
5 145
5 112
5 159
5 190
5 87
5 99
5 38
5 24
5 143
5 101
5 194
5 153
5 197
5 19
5 41
5 82
5 61
5 154
5 167
5 138
5 15
5 39
5 89
5 186
5 170
5 109
5 107
5 10
5 21
5 75
5 36
5 172
5 17
5 20
5 160
5 22
5 14
5 49
5 157
5 193
5 106
5 73
5 18
5 117
5 100
5 185
5 74
5 37
5 189
5 116
5 141
5 96
5 77
5 187
5 184
5 132
5 54
5 57
5 156
5 60
5 102
5 78
5 144
5 72
6 33
6 48
6 82
6 111
6 120
6 144
6 147
6 169
6 132
6 47
6 85
6 170
6 180
6 90
6 125
6 30
6 114
6 123
6 122
6 79
6 181
6 15
6 43
6 77
6 141
6 151
6 62
6 162
6 184
6 142
6 65
6 152
6 34
6 75
6 45
6 159
6 29
6 158
6 199
6 10
6 18
6 52
6 173
6 155
6 22
6 19
6 37
6 156
6 195
6 70
6 197
6 119
6 11
6 74
6 102
6 86
6 167
6 69
6 105
6 187
6 54
6 72
6 192
6 40
6 51
6 60
6 31
6 66
6 81
6 83
6 64
6 21
6 68
6 106
6 109
6 56
6 139
6 95
6 108
6 131
6 149
6 61
6 176
6 20
6 39
6 153
6 92
6 163
6 134
6 121
6 53
6 133
6 161
6 185
6 154
6 63
6 24
6 136
6 182
6 14
6 157
6 44
6 190
6 57
6 101
6 160
6 27
6 7
6 104
6 198
6 145
6 183
6 117
6 89
6 150
6 76
6 36
6 96
6 127
6 113
6 103
6 9
6 88
6 35
6 87
6 126
6 50
6 178
6 67
6 80
6 165
6 186
6 135
6 189
7 20
7 74
7 70
7 87
7 189
7 60
7 82
7 16
7 13
7 51
7 152
7 191
7 121
7 89
7 157
7 9
7 184
7 35
7 94
7 26
7 49
7 81
7 30
7 46
7 90
7 115
7 195
7 61
7 38
7 129
7 161
7 63
7 80
7 8
7 72
7 126
7 142
7 103
7 146
7 182
7 67
7 176
7 113
7 144
7 17
7 42
7 44
7 105
7 39
7 141
7 135
7 97
7 148
7 45
7 171
7 86
7 79
7 163
7 165
7 137
7 18
7 64
7 150
7 10
7 88
7 160
7 114
7 153
7 12
7 50
7 69
7 98
7 179
7 71
7 131
7 31
7 159
7 14
7 56
7 27
7 84
7 118
7 169
7 11
7 96
7 194
7 188
7 55
7 125
7 173
7 100
7 187
7 34
7 91
7 76
7 134
7 47
7 73
7 190
7 190
7 136
7 53
7 78
7 112
7 181
7 58
7 25
7 178
7 180
7 139
7 109
7 83
7 52
7 117
7 128
7 124
7 168
8 72
8 123
8 149
8 118
8 153
8 98
8 84
8 75
8 190
8 31
8 112
8 156
8 94
8 56
8 26
8 79
8 87
8 71
8 73
8 13
8 88
8 197
8 177
8 77
8 142
8 171
8 170
8 86
8 143
8 32
8 161
8 55
8 35
8 30
8 92
8 42
8 178
8 164
8 105
8 53
8 95
8 125
8 179
8 188
8 188
8 57
8 74
8 140
8 111
8 151
8 104
8 78
8 176
8 49
8 20
8 132
8 192
8 191
8 120
8 174
8 113
8 9
8 100
8 97
8 51
8 39
8 41
8 103
8 23
8 96
8 128
8 66
8 16
8 69
8 126
8 91
8 81
8 155
8 54
8 116
8 18
8 70
8 27
8 68
8 119
8 183
8 45
8 106
8 146
8 131
8 36
8 173
8 29
8 154
8 186
8 90
8 196
8 22
8 40
8 137
8 102
8 17
8 145
8 180
8 167
8 195
8 134
8 121
8 184
8 99
8 76
8 89
8 148
8 50
8 24
9 13
9 19
9 43
9 151
9 194
9 10
9 186
9 115
9 68
9 126
9 123
9 122
9 63
9 73
9 49
9 181
9 159
9 72
9 57
9 84
9 141
9 27
9 149
9 28
9 93
9 89
9 101
9 129
9 171
9 119
9 155
9 164
9 51
9 112
9 195
9 25
9 131
9 83
9 48
9 154
9 177
9 29
9 189
9 189
9 86
9 53
9 44
9 180
9 163
9 59
9 124
9 168
9 196
9 14
9 54
9 152
9 142
9 75
9 190
9 192
9 40
9 127
9 87
9 56
9 169
9 50
9 52
9 79
9 45
9 85
9 140
9 24
9 146
9 78
9 120
9 125
9 100
9 114
9 60
9 157
9 166
9 58
9 156
9 184
9 188
9 147
9 41
9 197
9 130
9 36
9 165
9 32
9 47
9 38
9 170
9 199
9 113
9 55
9 107
9 35
9 121
9 31
9 42
9 91
9 11
9 99
9 136
9 182
9 135
9 183
9 26
9 81
9 116
9 198
9 33
10 29
10 55
10 118
10 132
10 84
10 120
10 76
10 141
10 16
10 162
10 23
10 108
10 87
10 167
10 190
10 44
10 26
10 123
10 181
10 95
10 41
10 178
10 193
10 78
10 20
10 140
10 173
10 73
10 138
10 142
10 111
10 30
10 38
10 63
10 28
10 159
10 137
10 139
10 194
10 176
10 74
10 13
10 69
10 126
10 121
10 146
10 25
10 45
10 158
10 11
10 31
10 64
10 136
10 106
10 170
10 105
10 98
10 82
10 12
10 70
10 186
10 133
10 182
10 157
10 144
10 187
10 165
10 171
10 58
10 51
10 154
10 39
10 61
10 151
10 48
10 33
10 103
10 47
10 161
10 119
10 89
10 56
10 152
10 143
10 153
10 62
10 191
10 65
10 196
10 183
10 109
10 148
10 124
10 19
10 83
10 116
10 168
10 92
10 197
10 68
10 75
10 164
10 96
10 72
10 163
10 22
10 114
10 57
10 134
10 135
10 34
10 91
10 188
10 177
10 18
10 149
10 53
11 14
11 41
11 98
11 187
11 51
11 88
11 43
11 54
11 90
11 72
11 13
11 176
11 198
11 177
11 87
11 62
11 169
11 64
11 183
11 179
11 58
11 46
11 114
11 67
11 80
11 131
11 137
11 57
11 170
11 35
11 71
11 150
11 92
11 70
11 141
11 128
11 60
11 39
11 50
11 16
11 178
11 18
11 66
11 74
11 197
11 29
11 143
11 53
11 117
11 63
11 38
11 133
11 194
11 188
11 190
11 152
11 52
11 27
11 86
11 191
11 26
11 121
11 94
11 96
11 97
11 154
11 109
11 139
11 84
11 135
11 55
11 19
11 158
11 31
11 115
11 37
11 192
11 138
11 189
11 79
11 69
11 25
11 91
11 144
11 185
11 165
11 15
11 134
11 95
11 193
11 193
11 140
11 173
11 113
11 42
11 93
11 102
11 142
11 111
11 22
11 100
11 161
11 17
11 36
11 85
11 164
11 20
11 56
11 120
11 155
11 107
11 116
11 148
11 119
11 125
11 68
12 42
12 182
12 28
12 101
12 81
12 183
12 82
12 15
12 45
12 44
12 196
12 18
12 161
12 23
12 173
12 66
12 86
12 56
12 16
12 192
12 103
12 14
12 76
12 57
12 121
12 146
12 117
12 83
12 59
12 132
12 107
12 153
12 156
12 90
12 62
12 99
12 92
12 163
12 138
12 141
12 166
12 152
12 120
12 197
12 171
12 36
12 145
12 162
12 49
12 109
12 98
12 154
12 97
12 176
12 194
12 71
12 102
12 188
12 88
12 50
12 123
12 130
12 32
12 112
12 164
12 142
12 68
12 84
12 24
12 124
12 177
12 19
12 199
12 70
12 172
12 69
12 148
12 149
12 136
12 160
12 47
12 39
12 126
12 21
12 60
12 27
12 78
12 190
12 91
12 125
12 157
12 180
12 137
12 38
12 67
12 34
12 198
12 119
12 127
12 168
12 178
12 181
12 140
12 13
12 116
12 58
12 105
12 64
12 51
12 118
12 170
12 52
12 85
12 80
12 122
12 96
12 159
12 26
12 17
12 133
12 73
13 15
13 116
13 121
13 92
13 74
13 37
13 85
13 176
13 49
13 60
13 14
13 105
13 160
13 82
13 45
13 180
13 195
13 150
13 44
13 155
13 96
13 51
13 142
13 177
13 42
13 170
13 119
13 190
13 111
13 103
13 39
13 50
13 146
13 110
13 61
13 100
13 169
13 59
13 46
13 163
13 76
13 87
13 94
13 52
13 22
13 184
13 184
13 167
13 194
13 151
13 72
13 147
13 178
13 70
13 18
13 24
13 108
13 130
13 174
13 140
13 181
13 41
13 117
13 148
13 152
13 88
13 28
13 106
13 98
13 186
13 125
13 193
13 166
13 137
13 33
13 168
13 161
13 47
13 172
13 123
13 64
13 57
13 90
13 196
13 84
13 192
13 80
13 63
13 17
13 126
13 145
13 197
13 138
13 165
13 73
13 149
13 136
13 32
13 191
13 114
13 97
13 34
13 99
13 26
13 95
13 54
13 198
13 77
13 86
13 89
13 112
13 157
13 171
13 68
13 66
13 189
13 182
13 199
14 47
14 79
14 199
14 164
14 174
14 165
14 76
14 106
14 64
14 122
14 172
14 112
14 67
14 110
14 39
14 185
14 135
14 104
14 80
14 181
14 72
14 152
14 53
14 60
14 168
14 102
14 129
14 95
14 21
14 59
14 108
14 70
14 127
14 38
14 85
14 147
14 177
14 137
14 139
14 167
14 171
14 150
14 73
14 57
14 22
14 131
14 125
14 35
14 176
14 117
14 71
14 66
14 179
14 18
14 46
14 40
14 116
14 178
14 186
14 77
14 136
14 30
14 118
14 43
14 74
14 96
14 62
14 16
14 50
14 86
14 32
14 146
14 52
14 69
14 101
14 20
14 123
14 17
14 149
14 114
14 26
14 160
14 92
14 100
14 58
14 44
14 111
14 133
14 63
14 87
14 153
14 34
14 99
14 65
14 158
14 88
14 31
14 157
14 140
14 190
15 65
15 120
15 22
15 16
15 49
15 135
15 181
15 172
15 187
15 26
15 57
15 142
15 78
15 107
15 80
15 100
15 41
15 133
15 134
15 176
15 58
15 69
15 77
15 155
15 101
15 98
15 164
15 84
15 48
15 108
15 21
15 61
15 93
15 68
15 46
15 38
15 183
15 151
15 27
15 28
15 197
15 72
15 18
15 91
15 169
15 90
15 141
15 167
15 35
15 170
15 43
15 131
15 83
15 23
15 171
15 64
15 74
15 63
15 44
15 71
15 60
15 132
15 81
15 161
15 114
15 174
15 196
15 105
15 136
15 73
15 137
15 145
15 104
15 51
15 67
15 86
15 139
15 50
15 70
15 124
15 110
15 102
15 47
15 39
15 95
15 118
15 85
15 112
15 199
15 55
15 34
15 99
15 195
15 30
15 168
15 75
15 160
15 150
15 66
15 36
15 29
15 159
15 37
15 89
15 178
15 87
15 94
15 111
15 147
15 79
15 31
16 17
16 155
16 98
16 44
16 170
16 51
16 91
16 160
16 86
16 148
16 37
16 121
16 24
16 115
16 52
16 193
16 192
16 40
16 190
16 45
16 31
16 61
16 159
16 25
16 49
16 184
16 27
16 67
16 119
16 81
16 162
16 198
16 130
16 163
16 118
16 129
16 74
16 137
16 47
16 71
16 18
16 64
16 143
16 173
16 156
16 111
16 154
16 94
16 191
16 93
16 157
16 187
16 128
16 46
16 54
16 177
16 97
16 89
16 133
16 65
16 104
16 112
16 120
16 166
16 22
16 96
16 32
16 28
16 196
16 79
16 19
16 88
16 185
16 42
16 35
16 66
16 165
16 136
16 77
16 152
16 78
16 75
16 179
16 150
16 176
16 29
16 100
16 80
16 140
16 56
16 58
16 60
16 116
16 50
16 72
16 70
16 172
16 110
16 142
16 62
16 158
16 180
16 169
16 87
16 26
16 57
16 43
16 124
16 36
16 21
16 195
16 85
16 194
16 134
16 122
16 114
16 82
16 33
16 48
16 151
16 138
16 101
16 92
16 186
16 117
16 106
16 108
17 110
17 108
17 60
17 25
17 68
17 111
17 136
17 121
17 45
17 122
17 161
17 127
17 97
17 124
17 125
17 75
17 115
17 147
17 184
17 173
17 116
17 55
17 51
17 95
17 103
17 175
17 66
17 67
17 123
17 22
17 155
17 157
17 36
17 181
17 49
17 177
17 178
17 143
17 48
17 185
17 185
17 71
17 19
17 99
17 82
17 165
17 187
17 193
17 69
17 112
17 164
17 129
17 194
17 86
17 104
17 179
17 114
17 113
17 78
17 107
17 153
17 154
17 65
17 102
17 183
17 150
17 192
17 180
17 196
17 170
17 132
17 87
17 198
17 141
17 88
17 135
17 105
17 176
17 149
17 182
17 74
17 79
17 130
17 47
17 100
17 58
17 28
17 53
17 128
17 84
17 101
17 163
17 171
17 42
17 24
17 80
17 18
17 189
17 54
17 64
17 167
17 174
17 32
17 190
17 156
17 34
17 90
17 126
17 62
17 152
17 27
17 26
18 25
18 174
18 30
18 66
18 33
18 88
18 176
18 142
18 109
18 51
18 102
18 40
18 63
18 19
18 101
18 150
18 62
18 157
18 154
18 148
18 81
18 122
18 21
18 61
18 104
18 107
18 125
18 161
18 37
18 137
18 53
18 87
18 71
18 173
18 65
18 155
18 35
18 80
18 69
18 145
18 41
18 20
18 91
18 188
18 179
18 47
18 77
18 86
18 198
18 194
18 99
18 46
18 55
18 43
18 134
18 100
18 135
18 193
18 70
18 72
18 151
18 112
18 115
18 120
18 128
18 103
18 78
18 98
18 92
18 75
18 58
18 192
18 169
18 24
18 167
18 185
18 36
18 114
18 34
18 152
18 95
18 93
18 56
18 170
18 116
18 26
18 136
18 94
18 178
18 166
18 162
18 138
18 197
18 54
18 177
18 177
18 141
18 76
18 89
18 189
18 59
18 22
18 180
18 164
18 105
18 182
18 126
18 168
18 190
18 172
18 127
18 42
18 68
18 52
18 159
19 40
19 86
19 102
19 146
19 198
19 116
19 137
19 81
19 56
19 45
19 165
19 63
19 152
19 92
19 96
19 141
19 114
19 48
19 59
19 28
19 115
19 190
19 161
19 42
19 24
19 158
19 149
19 155
19 173
19 186
19 130
19 189
19 82
19 163
19 34
19 29
19 111
19 132
19 76
19 90
19 22
19 62
19 95
19 180
19 182
19 120
19 64
19 37
19 66
19 103
19 135
19 72
19 171
19 185
19 20
19 30
19 75
19 47
19 61
19 25
19 50
19 143
19 33
19 157
19 148
19 192
19 51
19 91
19 98
19 84
19 126
19 133
19 127
19 194
19 85
19 184
19 36
19 109
19 117
19 79
19 174
19 174
19 128
19 69
19 199
19 151
19 27
19 167
19 70
19 138
19 73
19 178
19 179
19 100
19 78
19 193
19 105
19 150
19 131
19 87
20 165
20 195
20 115
20 21
20 145
20 83
20 76
20 175
20 116
20 32
20 28
20 30
20 41
20 40
20 63
20 126
20 137
20 128
20 127
20 27
20 188
20 54
20 98
20 84
20 31
20 192
20 111
20 106
20 146
20 80
20 53
20 110
20 24
20 180
20 132
20 136
20 191
20 162
20 77
20 147
20 122
20 88
20 52
20 150
20 121
20 25
20 74
20 100
20 143
20 131
20 167
20 184
20 95
20 168
20 113
20 124
20 60
20 87
20 104
20 173
20 44
20 181
20 129
20 73
20 118
20 153
20 193
20 79
20 69
20 43
20 39
20 51
20 157
20 152
20 154
20 166
20 93
20 161
20 174
20 148
20 22
20 99
20 70
20 94
20 67
20 42
20 64
20 199
20 183
20 183
20 34
20 101
20 163
20 117
20 38
20 72
20 171
20 141
20 142
20 177
20 108
20 197
20 45
20 75
20 48
20 130
20 160
20 56
20 185
20 90
20 46
20 102
20 190
20 91
20 109
21 54
21 115
21 186
21 109
21 56
21 112
21 34
21 76
21 198
21 181
21 89
21 84
21 148
21 85
21 187
21 117
21 29
21 95
21 135
21 62
21 65
21 173
21 75
21 43
21 152
21 194
21 26
21 165
21 144
21 49
21 160
21 25
21 64
21 155
21 156
21 132
21 142
21 32
21 70
21 73
21 50
21 77
21 104
21 92
21 42
21 147
21 94
21 177
21 167
21 122
21 113
21 101
21 31
21 53
21 40
21 185
21 108
21 120
21 183
21 191
21 171
21 80
21 46
21 119
21 27
21 123
21 111
21 96
21 33
21 86
21 90
21 72
21 35
21 68
21 103
21 196
21 158
21 98
21 146
21 127
21 52
21 79
21 193
21 199
21 131
21 55
21 37
21 48
21 170
21 121
21 58
21 59
21 134
21 159
21 175
21 175
21 87
21 174
21 163
21 139
21 124
21 45
21 100
21 145
21 47
21 151
21 63
21 161
21 154
21 74
21 38
22 27
22 59
22 70
22 124
22 146
22 43
22 86
22 150
22 99
22 174
22 67
22 138
22 72
22 199
22 183
22 48
22 106
22 56
22 193
22 188
22 76
22 113
22 169
22 130
22 78
22 133
22 129
22 170
22 167
22 79
22 103
22 117
22 181
22 111
22 191
22 184
22 120
22 141
22 168
22 49
22 36
22 190
22 166
22 110
22 126
22 94
22 172
22 77
22 45
22 114
22 122
22 91
22 142
22 182
22 66
22 177
22 186
22 64
22 185
22 84
22 35
22 135
22 171
22 171
22 40
22 105
22 42
22 95
22 109
22 151
22 75
22 112
22 104
22 89
22 156
22 125
22 81
22 195
22 131
22 73
22 132
22 93
22 30
22 83
22 32
22 158
22 68
22 80
22 63
22 29
22 145
22 155
22 152
22 53
22 92
22 28
22 196
22 162
22 23
22 24
22 102
22 38
22 161
22 88
22 47
22 121
22 87
22 134
22 139
22 164
22 149
22 175
22 143
22 165
22 107
23 30
23 196
23 197
23 58
23 95
23 71
23 73
23 120
23 176
23 54
23 160
23 168
23 168
23 195
23 159
23 110
23 139
23 143
23 199
23 161
23 79
23 119
23 162
23 146
23 96
23 98
23 62
23 49
23 144
23 47
23 83
23 68
23 123
23 64
23 57
23 37
23 153
23 24
23 192
23 149
23 52
23 50
23 130
23 91
23 175
23 43
23 103
23 106
23 101
23 148
23 191
23 114
23 188
23 152
23 173
23 89
23 122
23 45
23 97
23 69
23 177
23 190
23 51
23 38
23 78
23 85
23 183
23 136
23 82
23 55
23 125
23 147
23 174
23 35
23 186
23 41
23 133
23 185
23 87
23 178
23 126
23 46
23 112
23 187
23 179
23 181
23 140
23 180
23 156
23 32
23 117
23 118
23 157
23 171
23 150
23 88
23 145
23 90
23 163
23 102
23 113
23 105
23 31
23 99
23 104
23 27
23 84
24 28
24 140
24 162
24 33
24 72
24 111
24 118
24 133
24 175
24 181
24 104
24 51
24 156
24 56
24 197
24 109
24 87
24 102
24 47
24 43
24 178
24 49
24 58
24 124
24 147
24 187
24 193
24 183
24 131
24 160
24 60
24 108
24 149
24 91
24 36
24 152
24 180
24 96
24 132
24 57
24 29
24 37
24 84
24 70
24 110
24 171
24 52
24 39
24 55
24 62
24 177
24 73
24 25
24 42
24 136
24 125
24 80
24 120
24 106
24 142
24 199
24 59
24 153
24 192
24 158
24 97
24 194
24 129
24 117
24 169
24 26
24 48
24 31
24 63
24 113
24 182
24 150
24 145
24 123
24 35
24 144
24 121
24 46
24 119
24 92
24 157
24 75
24 68
24 195
24 103
24 126
24 168
24 170
24 30
24 164
24 90
24 127
24 196
24 165
24 163
24 105
24 81
24 141
24 116
24 45
24 139
24 67
24 99
24 88
24 41
24 27
24 159
25 26
25 44
25 78
25 85
25 171
25 48
25 43
25 84
25 104
25 49
25 107
25 179
25 159
25 118
25 91
25 30
25 102
25 94
25 168
25 57
25 34
25 59
25 186
25 196
25 145
25 127
25 125
25 36
25 45
25 155
25 147
25 153
25 93
25 108
25 75
25 103
25 174
25 137
25 50
25 52
25 184
25 169
25 109
25 72
25 150
25 55
25 73
25 124
25 68
25 89
25 170
25 170
25 81
25 190
25 185
25 47
25 181
25 191
25 151
25 116
25 160
25 120
25 193
25 175
25 46
25 27
25 141
25 172
25 180
25 113
25 83
25 99
25 161
25 177
25 165
25 69
25 117
25 70
25 131
25 182
25 133
25 101
25 183
25 58
25 163
25 189
25 105
25 98
25 128
25 178
25 32
25 139
25 167
25 156
25 86
25 71
25 40
25 135
25 110
25 129
25 60
25 39
25 100
25 126
26 38
26 63
26 48
26 114
26 107
26 95
26 160
26 59
26 27
26 193
26 91
26 61
26 85
26 116
26 117
26 68
26 42
26 73
26 137
26 120
26 125
26 169
26 169
26 146
26 192
26 189
26 185
26 93
26 84
26 112
26 198
26 156
26 188
26 89
26 82
26 168
26 35
26 132
26 182
26 123
26 66
26 136
26 54
26 69
26 172
26 28
26 92
26 187
26 190
26 141
26 49
26 94
26 33
26 149
26 158
26 90
26 51
26 176
26 31
26 157
26 83
26 110
26 103
26 46
26 184
26 181
26 162
26 50
26 111
26 86
26 102
26 78
26 43
26 41
26 29
26 139
26 96
26 179
26 71
26 159
26 88
26 76
26 104
26 81
26 34
26 109
26 108
26 79
26 151
26 155
26 134
26 121
26 133
27 57
27 33
27 156
27 161
27 31
27 93
27 88
27 171
27 44
27 183
27 75
27 69
27 42
27 100
27 78
27 94
27 37
27 158
27 169
27 128
27 162
27 154
27 178
27 72
27 119
27 76
27 36
27 85
27 104
27 66
27 109
27 194
27 99
27 67
27 115
27 140
27 159
27 165
27 55
27 168
27 60
27 175
27 91
27 123
27 124
27 167
27 167
27 54
27 176
27 125
27 97
27 121
27 116
27 143
27 150
27 127
27 193
27 153
27 133
27 166
27 39
27 132
27 46
27 190
27 122
27 65
27 51
27 108
27 81
27 101
27 120
27 41
27 30
27 155
27 87
27 74
27 160
27 187
27 130
27 198
27 180
27 192
27 199
27 70
27 113
27 195
27 177
27 105
27 53
27 68
27 173
27 92
27 170
27 191
27 196
27 38
27 139
27 172
27 189
27 73
27 157
27 110
27 98
27 29
27 43
27 50
27 184
27 32
27 82
27 142
28 188
28 160
28 77
28 171
28 138
28 132
28 162
28 61
28 94
28 46
28 186
28 173
28 100
28 40
28 47
28 58
28 49
28 185
28 180
28 168
28 30
28 139
28 72
28 114
28 57
28 36
28 83
28 165
28 165
28 92
28 126
28 111
28 187
28 149
28 151
28 133
28 120
28 89
28 115
28 104
28 144
28 34
28 35
28 31
28 109
28 68
28 154
28 141
28 148
28 167
28 60
28 155
28 69
28 33
28 164
28 193
28 178
28 79
28 176
28 119
28 91
28 85
28 177
28 182
28 169
28 190
28 108
28 125
28 99
28 53
28 59
28 41
28 29
28 42
28 102
28 163
28 101
28 152
28 56
28 88
28 64
28 32
28 95
28 198
28 140
28 76
28 195
28 146
28 131
28 113
28 52
28 70
28 50
28 130
28 189
28 48
28 86
28 172
28 62
28 150
28 78
28 107
28 194
28 159
28 71
29 127
29 77
29 123
29 113
29 76
29 197
29 64
29 110
29 68
29 122
29 111
29 166
29 166
29 175
29 132
29 108
29 152
29 45
29 162
29 87
29 167
29 161
29 125
29 83
29 120
29 99
29 133
29 118
29 53
29 112
29 48
29 165
29 74
29 93
29 134
29 39
29 97
29 107
29 192
29 138
29 38
29 36
29 121
29 182
29 187
29 37
29 72
29 98
29 73
29 183
29 47
29 106
29 146
29 100
29 109
29 90
29 91
29 119
29 139
29 96
29 32
29 196
29 57
29 142
29 199
29 103
29 43
29 63
29 174
29 54
29 164
29 169
29 59
29 180
29 172
29 190
29 117
29 126
29 82
29 124
29 102
29 49
29 189
29 30
29 130
29 58
29 88
29 115
29 193
29 185
29 56
29 75
29 31
29 171
29 85
29 41
29 79
29 135
29 95
29 34
29 181
29 50
29 179
29 168
29 55
29 163
29 143
29 150
29 104
29 94
29 71
30 76
30 61
30 130
30 90
30 39
30 176
30 182
30 192
30 53
30 67
30 73
30 166
30 92
30 128
30 109
30 193
30 62
30 52
30 174
30 197
30 45
30 147
30 141
30 179
30 68
30 170
30 54
30 157
30 48
30 80
30 44
30 98
30 168
30 79
30 87
30 84
30 115
30 122
30 158
30 178
30 49
30 32
30 83
30 102
30 133
30 57
30 31
30 114
30 142
30 134
30 55
30 69
30 155
30 86
30 116
30 167
30 88
30 111
30 125
30 103
30 70
30 181
30 144
30 119
30 42
30 143
30 66
30 63
30 124
30 156
30 58
30 72
30 36
30 184
30 154
30 120
30 151
30 198
30 129
30 161
30 35
30 113
30 37
30 34
30 38
30 65
30 77
30 172
30 64
30 99
30 97
30 104
30 106
30 140
30 89
30 150
30 177
30 199
30 33
30 153
30 138
30 190
30 162
30 162
30 105
30 96
30 165
30 85
30 60
31 131
31 116
31 37
31 32
31 34
31 197
31 121
31 111
31 117
31 128
31 137
31 59
31 118
31 43
31 177
31 135
31 190
31 143
31 169
31 84
31 91
31 132
31 181
31 79
31 108
31 75
31 129
31 101
31 104
31 138
31 71
31 113
31 55
31 142
31 180
31 51
31 78
31 195
31 93
31 171
31 136
31 168
31 188
31 159
31 186
31 146
31 88
31 110
31 109
31 80
31 184
31 61
31 54
31 85
31 127
31 162
31 122
31 152
31 158
31 97
31 38
31 150
31 48
31 147
31 94
31 100
31 194
31 145
31 46
31 44
31 62
31 157
31 106
31 39
31 170
31 35
31 173
31 126
31 96
31 125
31 49
31 103
31 60
31 83
31 148
31 151
31 89
31 65
31 155
31 164
31 165
31 81
31 70
31 92
31 67
31 56
31 149
31 176
31 69
31 160
31 47
31 191
31 76
31 134
31 98
31 87
31 74
31 107
32 37
32 101
32 141
32 154
32 152
32 139
32 179
32 159
32 79
32 199
32 65
32 140
32 177
32 33
32 87
32 183
32 70
32 67
32 40
32 165
32 82
32 197
32 186
32 198
32 83
32 113
32 68
32 80
32 90
32 35
32 57
32 49
32 99
32 38
32 89
32 124
32 117
32 88
32 91
32 153
32 135
32 60
32 151
32 41
32 133
32 75
32 181
32 107
32 195
32 109
32 98
32 94
32 175
32 81
32 72
32 131
32 92
32 149
32 142
32 100
32 148
32 85
32 76
32 46
32 104
32 111
32 147
32 45
32 112
32 180
32 192
32 50
32 170
32 164
32 164
32 172
32 176
32 110
32 74
32 121
32 52
32 130
32 166
32 78
32 55
32 56
32 161
32 168
32 51
32 169
32 63
32 106
32 62
32 157
32 44
32 174
32 194
32 86
32 182
32 167
32 122
32 185
32 171
32 34
32 93
32 54
32 116
32 127
32 196
32 71
32 114
32 84
32 53
32 96
33 69
33 126
33 129
33 172
33 97
33 163
33 163
33 38
33 194
33 95
33 54
33 183
33 74
33 156
33 63
33 90
33 187
33 159
33 178
33 67
33 61
33 169
33 151
33 136
33 138
33 62
33 64
33 171
33 96
33 118
33 34
33 124
33 110
33 145
33 85
33 46
33 130
33 189
33 59
33 45
33 91
33 150
33 51
33 174
33 47
33 83
33 139
33 92
33 137
33 148
33 117
33 102
33 164
33 73
33 57
33 177
33 93
33 142
33 165
33 158
33 84
33 65
33 106
33 133
33 188
33 160
33 135
33 191
33 196
33 98
33 88
33 193
33 108
33 190
33 49
33 179
33 58
33 100
33 99
33 140
33 144
33 76
33 154
33 103
33 71
33 56
33 70
33 116
33 161
33 48
33 50
33 143
33 122
33 173
33 72
33 175
33 36
33 167
33 37
33 114
33 141
33 181
33 170
33 80
34 35
34 138
34 175
34 133
34 192
34 94
34 101
34 47
34 131
34 66
34 90
34 56
34 181
34 195
34 95
34 167
34 80
34 85
34 65
34 172
34 132
34 50
34 87
34 68
34 182
34 141
34 111
34 171
34 174
34 146
34 109
34 151
34 126
34 104
34 81
34 161
34 97
34 120
34 185
34 105
34 116
34 147
34 38
34 41
34 145
34 92
34 107
34 40
34 49
34 45
34 186
34 156
34 96
34 51
34 100
34 118
34 187
34 42
34 71
34 75
34 130
34 183
34 108
34 197
34 121
34 44
34 162
34 84
34 77
34 39
34 163
34 69
34 36
34 46
34 158
34 158
34 88
34 93
34 142
34 148
34 193
34 102
34 48
34 59
34 164
34 62
34 122
34 188
34 189
34 140
34 82
34 89
34 73
34 113
34 74
34 135
34 114
34 194
34 152
34 149
34 178
34 53
34 57
34 196
34 98
34 55
34 54
35 36
35 106
35 142
35 174
35 122
35 96
35 61
35 66
35 97
35 155
35 103
35 124
35 84
35 81
35 71
35 99
35 132
35 73
35 126
35 182
35 62
35 162
35 113
35 87
35 116
35 37
35 148
35 76
35 94
35 139
35 86
35 127
35 45
35 187
35 165
35 123
35 145
35 104
35 193
35 149
35 177
35 121
35 180
35 131
35 55
35 143
35 192
35 79
35 191
35 78
35 144
35 108
35 58
35 166
35 89
35 101
35 150
35 39
35 50
35 168
35 57
35 42
35 188
35 67
35 49
35 51
35 70
35 65
35 195
35 133
35 41
35 129
35 68
35 146
35 163
35 199
35 125
35 98
35 43
35 109
35 183
35 198
35 178
35 151
35 92
35 88
35 190
35 179
35 181
35 152
36 46
36 74
36 140
36 184
36 160
36 71
36 186
36 109
36 111
36 183
36 178
36 59
36 116
36 37
36 43
36 129
36 152
36 159
36 124
36 90
36 78
36 120
36 134
36 191
36 110
36 94
36 176
36 188
36 107
36 135
36 157
36 85
36 39
36 130
36 148
36 103
36 126
36 62
36 79
36 98
36 92
36 141
36 185
36 72
36 175
36 139
36 52
36 55
36 99
36 133
36 113
36 117
36 87
36 180
36 142
36 112
36 118
36 151
36 173
36 96
36 164
36 63
36 60
36 158
36 38
36 61
36 54
36 155
36 106
36 177
36 67
36 136
36 100
36 123
36 143
36 156
36 167
36 40
36 179
36 150
36 82
36 127
36 105
36 75
36 194
36 91
36 57
36 69
36 131
36 196
36 80
36 189
36 174
36 45
36 66
36 42
36 138
36 198
36 64
37 91
37 108
37 74
37 66
37 175
37 154
37 121
37 142
37 113
37 112
37 174
37 114
37 109
37 195
37 167
37 148
37 51
37 155
37 163
37 139
37 98
37 90
37 126
37 119
37 93
37 194
37 130
37 164
37 143
37 102
37 173
37 80
37 197
37 169
37 161
37 196
37 160
37 59
37 84
37 178
37 141
37 104
37 92
37 88
37 185
37 68
37 73
37 69
37 124
37 128
37 103
37 72
37 106
37 43
37 132
37 82
37 158
37 140
37 79
37 120
37 70
37 60
37 153
37 75
37 179
37 187
37 149
37 150
37 190
37 115
37 42
37 56
37 40
37 97
37 111
37 156
37 162
37 67
37 171
37 45
37 38
37 61
37 54
37 89
37 99
37 110
37 183
37 134
37 63
37 146
37 81
37 116
37 100
37 198
37 168
37 50
37 137
37 83
37 144
37 49
37 182
37 117
37 189
37 122
37 147
37 85
37 133
38 45
38 100
38 103
38 102
38 49
38 96
38 107
38 87
38 190
38 123
38 154
38 169
38 77
38 126
38 179
38 171
38 113
38 48
38 125
38 91
38 174
38 182
38 140
38 124
38 134
38 75
38 192
38 74
38 71
38 139
38 186
38 177
38 79
38 141
38 51
38 86
38 59
38 66
38 44
38 145
38 195
38 159
38 39
38 161
38 111
38 56
38 188
38 97
38 189
38 168
38 180
38 147
38 50
38 68
38 57
38 162
38 73
38 88
38 120
38 94
38 129
38 166
38 105
38 132
38 146
38 148
38 150
38 143
38 136
38 81
38 98
38 40
38 167
38 99
38 165
38 121
38 153
38 172
38 138
38 155
38 184
38 65
38 95
38 60
38 108
38 62
38 76
38 130
38 151
38 163
38 83
38 178
38 114
38 194
38 191
38 197
38 55
38 43
38 104
38 183
38 82
38 176
38 137
38 53
38 160
38 135
38 78
38 133
38 112
39 176
39 154
39 143
39 41
39 68
39 199
39 54
39 84
39 160
39 79
39 197
39 125
39 58
39 88
39 43
39 148
39 60
39 128
39 180
39 121
39 72
39 59
39 142
39 96
39 99
39 188
39 173
39 74
39 103
39 158
39 134
39 100
39 87
39 146
39 175
39 151
39 169
39 130
39 129
39 64
39 164
39 172
39 118
39 106
39 156
39 136
39 132
39 97
39 92
39 119
39 75
39 159
39 49
39 65
39 181
39 153
39 114
39 186
39 109
39 56
39 135
39 187
39 122
39 57
39 166
39 81
39 50
39 165
39 189
39 157
39 147
39 76
39 44
39 45
39 110
39 194
39 63
39 42
39 47
39 51
39 191
39 94
39 150
39 193
39 124
39 140
39 133
39 192
39 177
39 52
39 112
39 127
39 55
39 67
39 120
39 82
39 93
39 77
39 98
39 73
39 105
39 183
39 104
39 126
39 138
40 51
40 162
40 134
40 82
40 179
40 66
40 169
40 122
40 160
40 188
40 167
40 106
40 72
40 89
40 147
40 92
40 140
40 151
40 80
40 103
40 135
40 163
40 42
40 101
40 95
40 126
40 49
40 152
40 148
40 121
40 180
40 192
40 86
40 71
40 57
40 183
40 191
40 70
40 132
40 115
40 161
40 74
40 118
40 137
40 58
40 99
40 182
40 105
40 187
40 165
40 184
40 110
40 79
40 78
40 199
40 111
40 96
40 130
40 112
40 185
40 139
40 62
40 158
40 196
40 119
40 53
40 127
40 195
40 146
40 47
40 90
40 186
40 129
40 83
40 164
40 170
40 113
40 46
40 125
40 81
40 41
40 142
40 156
40 156
40 155
40 54
40 172
40 120
40 87
40 189
40 73
40 138
40 173
40 94
40 76
40 100
40 154
40 153
40 175
40 77
40 102
40 98
40 88
40 116
40 104
41 150
41 188
41 45
41 50
41 99
41 75
41 178
41 46
41 153
41 125
41 48
41 139
41 159
41 88
41 90
41 68
41 179
41 108
41 190
41 144
41 184
41 106
41 151
41 87
41 169
41 74
41 113
41 83
41 96
41 141
41 136
41 73
41 71
41 187
41 129
41 124
41 137
41 146
41 101
41 59
41 120
41 80
41 44
41 174
41 180
41 42
41 85
41 107
41 135
41 163
41 195
41 198
41 103
41 177
41 152
41 149
41 164
41 143
41 122
41 69
41 54
41 126
41 105
41 66
41 63
41 167
41 102
41 154
41 56
41 183
41 147
41 128
41 168
41 84
41 97
41 127
41 197
41 49
41 62
41 175
41 191
41 148
41 194
41 189
41 67
41 91
41 61
41 155
41 173
41 172
41 111
41 109
41 171
41 142
41 116
41 140
41 64
41 158
42 179
42 199
42 158
42 139
42 174
42 167
42 113
42 168
42 76
42 52
42 93
42 176
42 165
42 143
42 114
42 197
42 45
42 144
42 67
42 171
42 175
42 189
42 59
42 123
42 68
42 73
42 53
42 56
42 162
42 92
42 86
42 170
42 142
42 131
42 198
42 43
42 155
42 88
42 132
42 150
42 65
42 89
42 173
42 129
42 126
42 192
42 83
42 141
42 163
42 107
42 112
42 169
42 50
42 48
42 87
42 125
42 106
42 64
42 164
42 124
42 71
42 108
42 127
42 51
42 120
42 118
42 145
42 98
42 188
42 134
42 95
42 137
42 153
42 121
42 72
42 190
42 90
42 186
42 82
42 178
42 101
42 146
42 80
42 195
42 55
42 130
42 177
42 138
42 69
42 115
42 183
42 181
42 49
42 133
43 52
43 158
43 193
43 65
43 64
43 149
43 199
43 187
43 44
43 189
43 156
43 134
43 115
43 163
43 151
43 114
43 106
43 141
43 75
43 57
43 167
43 116
43 90
43 164
43 197
43 132
43 120
43 108
43 112
43 73
43 78
43 169
43 170
43 173
43 129
43 159
43 133
43 180
43 87
43 74
43 86
43 192
43 168
43 126
43 62
43 123
43 137
43 152
43 127
43 121
43 91
43 157
43 148
43 182
43 95
43 196
43 113
43 140
43 46
43 89
43 185
43 119
43 176
43 47
43 184
43 166
43 104
43 125
43 70
43 55
43 194
43 186
43 76
43 117
43 165
43 188
43 49
43 50
43 63
43 96
43 146
43 85
43 143
43 61
43 144
43 71
43 136
43 138
43 124
43 98
43 181
43 58
43 162
43 84
43 94
43 69
43 103
43 102
43 66
43 68
43 111
44 80
44 93
44 140
44 86
44 69
44 151
44 82
44 157
44 163
44 149
44 183
44 51
44 46
44 192
44 165
44 156
44 103
44 111
44 150
44 99
44 144
44 70
44 88
44 118
44 129
44 120
44 73
44 71
44 61
44 169
44 52
44 139
44 155
44 67
44 66
44 106
44 59
44 191
44 56
44 113
44 85
44 105
44 143
44 199
44 175
44 142
44 159
44 159
44 115
44 76
44 170
44 152
44 108
44 127
44 190
44 95
44 173
44 180
44 65
44 167
44 94
44 81
44 162
44 174
44 160
44 92
44 196
44 189
44 131
44 179
44 187
44 117
44 50
44 147
44 154
44 153
44 109
44 132
44 124
44 195
44 90
44 145
44 176
44 125
44 100
44 49
44 101
44 110
44 194
44 158
45 189
45 108
45 119
45 155
45 128
45 161
45 88
45 67
45 154
45 77
45 187
45 186
45 197
45 84
45 46
45 61
45 66
45 87
45 126
45 121
45 118
45 159
45 132
45 107
45 144
45 185
45 172
45 151
45 141
45 62
45 188
45 150
45 150
45 75
45 183
45 136
45 52
45 199
45 72
45 163
45 162
45 194
45 122
45 47
45 53
45 142
45 140
45 90
45 173
45 49
45 83
45 57
45 182
45 59
45 148
45 146
45 175
45 149
45 100
45 69
45 76
45 127
45 86
45 98
45 96
45 130
45 81
45 95
45 97
45 145
45 181
45 48
45 196
45 167
45 54
45 170
45 143
45 192
45 179
45 158
45 195
45 102
45 99
45 190
45 134
45 160
45 139
45 157
45 174
45 168
45 125
45 177
45 169
45 92
46 58
46 96
46 152
46 193
46 103
46 67
46 56
46 153
46 199
46 83
46 76
46 138
46 73
46 79
46 62
46 157
46 112
46 74
46 80
46 133
46 186
46 69
46 104
46 132
46 175
46 177
46 182
46 192
46 180
46 87
46 160
46 142
46 92
46 100
46 93
46 102
46 158
46 137
46 82
46 136
46 129
46 97
46 179
46 61
46 128
46 72
46 109
46 99
46 150
46 143
46 108
46 118
46 111
46 161
46 85
46 149
46 110
46 163
46 84
46 166
46 178
46 159
46 120
46 86
46 54
46 122
46 115
46 171
46 167
46 169
46 141
46 105
46 117
46 119
46 91
46 191
46 51
46 145
46 145
46 140
46 71
46 168
46 90
46 196
46 116
46 188
46 187
46 195
46 78
46 48
46 121
46 75
46 156
46 68
47 50
47 76
47 185
47 70
47 179
47 141
47 91
47 145
47 193
47 170
47 177
47 62
47 135
47 53
47 150
47 79
47 124
47 182
47 184
47 117
47 188
47 116
47 108
47 63
47 134
47 113
47 77
47 96
47 119
47 180
47 167
47 78
47 162
47 60
47 65
47 95
47 111
47 168
47 196
47 160
47 151
47 110
47 198
47 172
47 199
47 75
47 86
47 163
47 89
47 156
47 121
47 190
47 104
47 187
47 99
47 129
47 159
47 192
47 127
47 64
47 90
47 155
47 130
47 82
47 72
47 166
47 128
47 195
47 122
47 147
47 147
47 109
47 55
47 66
47 120
47 59
47 103
47 142
47 183
47 174
47 131
47 57
47 80
47 115
47 138
47 94
47 106
47 169
48 73
48 91
48 137
48 60
48 160
48 68
48 80
48 63
48 180
48 122
48 100
48 62
48 125
48 162
48 186
48 72
48 75
48 166
48 188
48 83
48 194
48 86
48 87
48 121
48 129
48 187
48 92
48 113
48 192
48 173
48 89
48 58
48 157
48 69
48 172
48 108
48 59
48 154
48 190
48 150
48 183
48 51
48 109
48 52
48 118
48 55
48 152
48 104
48 174
48 116
48 110
48 171
48 54
48 126
48 77
48 144
48 139
48 70
48 49
48 65
48 133
48 114
48 178
48 198
48 93
48 159
48 165
48 90
48 78
48 131
48 167
48 161
48 156
48 94
48 191
48 149
48 124
48 120
48 102
48 123
48 82
48 119
48 50
48 197
48 81
48 135
48 199
48 153
48 195
48 98
48 142
48 175
48 170
48 148
48 148
48 140
48 158
48 138
48 127
48 79
48 184
48 56
49 174
49 166
49 51
49 168
49 178
49 71
49 101
49 119
49 146
49 146
49 140
49 198
49 75
49 85
49 112
49 177
49 196
49 54
49 147
49 129
49 133
49 109
49 125
49 195
49 155
49 188
49 76
49 169
49 56
49 70
49 148
49 175
49 95
49 157
49 53
49 83
49 139
49 172
49 132
49 93
49 110
49 136
49 165
49 104
49 128
49 190
49 173
49 184
49 67
49 102
49 135
49 107
49 145
49 84
49 118
49 159
49 143
49 180
49 191
49 197
49 158
49 68
49 160
49 88
49 57
49 124
49 144
49 89
49 50
49 113
49 149
49 80
49 116
49 105
49 55
49 199
49 100
49 127
49 96
49 108
49 98
49 65
49 186
49 130
49 121
49 192
49 156
49 78
49 92
49 193
50 61
50 64
50 193
50 62
50 189
50 113
50 105
50 188
50 111
50 147
50 58
50 116
50 127
50 187
50 98
50 123
50 78
50 129
50 196
50 96
50 173
50 144
50 144
50 117
50 124
50 133
50 104
50 167
50 140
50 92
50 194
50 73
50 170
50 176
50 81
50 159
50 195
50 135
50 139
50 94
50 158
50 182
50 85
50 150
50 75
50 97
50 102
50 90
50 52
50 55
50 66
50 128
50 106
50 185
50 184
50 112
50 174
50 143
50 186
50 83
50 74
50 175
50 151
50 119
50 76
50 138
50 157
50 177
50 191
50 88
50 145
50 65
50 180
50 59
50 164
50 179
50 109
50 178
50 72
50 136
50 126
50 51
50 171
50 71
50 110
50 108
50 54
50 137
50 100
50 68
50 149
50 199
50 172
50 183
50 84
50 162
50 122
50 120
50 141
50 169
50 79
51 53
51 119
51 70
51 125
51 181
51 185
51 165
51 56
51 54
51 77
51 126
51 122
51 108
51 177
51 60
51 129
51 148
51 180
51 132
51 103
51 194
51 79
51 135
51 100
51 123
51 73
51 102
51 88
51 112
51 113
51 80
51 168
51 104
51 174
51 57
51 147
51 115
51 120
51 97
51 130
51 189
51 110
51 131
51 101
51 159
51 190
51 156
51 75
51 198
51 76
51 151
51 68
51 127
51 98
51 149
51 142
51 142
51 117
51 169
51 86
51 114
51 128
51 144
51 72
51 59
51 154
51 111
51 124
51 173
51 137
51 188
51 164
51 166
51 81
51 66
51 187
51 133
51 106
51 78
51 58
51 139
51 161
51 93
51 95
51 63
51 195
52 130
52 162
52 66
52 60
52 73
52 131
52 178
52 74
52 173
52 135
52 165
52 179
52 163
52 143
52 136
52 132
52 72
52 127
52 102
52 157
52 199
52 99
52 84
52 187
52 198
52 185
52 148
52 142
52 61
52 56
52 193
52 141
52 104
52 139
52 121
52 68
52 129
52 144
52 116
52 107
52 164
52 112
52 137
52 189
52 172
52 150
52 125
52 106
52 80
52 54
52 58
52 100
52 146
52 175
52 147
52 155
52 65
52 194
52 71
52 108
52 195
52 167
52 138
52 111
52 101
52 161
52 62
52 113
52 145
52 103
52 93
52 82
52 97
52 159
52 77
52 88
52 188
52 117
52 182
52 140
52 134
52 133
52 158
53 60
53 107
53 189
53 88
53 194
53 164
53 174
53 155
53 188
53 169
53 193
53 154
53 58
53 153
53 64
53 91
53 55
53 182
53 62
53 97
53 151
53 167
53 103
53 175
53 72
53 67
53 118
53 158
53 92
53 59
53 156
53 81
53 95
53 170
53 140
53 144
53 183
53 141
53 168
53 129
53 98
53 149
53 73
53 109
53 61
53 89
53 71
53 75
53 148
53 165
53 198
53 63
53 130
53 124
53 196
53 160
53 84
53 150
53 139
53 152
53 123
53 119
53 112
53 184
53 93
53 54
53 78
53 186
53 116
53 180
53 56
53 190
53 132
53 79
53 122
53 128
53 106
53 121
53 86
53 136
53 192
53 166
53 147
53 179
53 146
53 177
53 197
53 101
53 83
53 111
53 82
53 127
54 68
54 99
54 133
54 106
54 78
54 74
54 163
54 83
54 58
54 115
54 129
54 196
54 186
54 62
54 168
54 66
54 148
54 161
54 87
54 65
54 126
54 157
54 92
54 152
54 166
54 55
54 164
54 94
54 194
54 59
54 57
54 176
54 158
54 64
54 97
54 69
54 155
54 98
54 118
54 182
54 60
54 101
54 84
54 67
54 110
54 174
54 128
54 121
54 116
54 80
54 188
54 100
54 61
54 147
54 159
54 145
54 72
54 171
54 95
54 172
54 90
54 112
54 114
54 141
54 103
54 75
54 198
54 86
54 160
54 127
54 117
54 173
54 140
54 109
54 104
54 189
54 146
54 181
54 150
54 111
55 88
55 102
55 114
55 175
55 145
55 160
55 164
55 65
55 105
55 162
55 174
55 167
55 89
55 185
55 117
55 142
55 76
55 72
55 56
55 104
55 118
55 70
55 172
55 87
55 177
55 173
55 84
55 82
55 95
55 180
55 191
55 193
55 198
55 58
55 64
55 92
55 69
55 116
55 130
55 154
55 60
55 122
55 94
55 124
55 139
55 97
55 186
55 80
55 78
55 189
55 159
55 121
55 75
55 86
55 161
55 192
55 144
55 166
55 73
55 108
55 141
55 171
55 63
55 90
55 57
55 123
55 127
55 61
55 176
55 126
55 157
55 133
55 110
55 115
55 125
55 100
55 119
55 179
55 71
55 194
55 187
55 155
55 136
55 136
55 67
55 147
55 109
55 150
55 101
56 67
56 189
56 108
56 150
56 96
56 166
56 107
56 103
56 138
56 168
56 162
56 57
56 78
56 178
56 171
56 106
56 77
56 192
56 167
56 137
56 169
56 58
56 82
56 80
56 94
56 170
56 198
56 159
56 112
56 179
56 142
56 194
56 114
56 69
56 174
56 196
56 100
56 141
56 84
56 134
56 153
56 145
56 88
56 79
56 197
56 182
56 86
56 173
56 199
56 195
56 87
56 83
56 81
56 144
56 193
56 177
56 156
56 93
56 136
56 140
56 99
56 98
56 59
56 101
56 65
56 158
56 76
56 95
56 126
56 117
56 115
56 111
56 180
56 75
56 152
56 157
56 132
56 104
56 181
56 183
56 92
56 185
56 85
56 128
56 68
56 127
56 102
56 116
56 64
56 135
56 71
56 120
57 75
57 109
57 64
57 77
57 84
57 72
57 171
57 112
57 68
57 168
57 174
57 191
57 195
57 121
57 113
57 172
57 161
57 70
57 184
57 164
57 190
57 102
57 178
57 66
57 126
57 104
57 145
57 94
57 152
57 176
57 106
57 122
57 144
57 89
57 133
57 187
57 110
57 177
57 186
57 101
57 99
57 175
57 71
57 123
57 155
57 138
57 62
57 61
57 114
57 194
57 65
57 107
57 76
57 189
57 59
57 150
57 139
57 125
57 192
57 127
57 92
57 157
57 69
57 156
57 81
57 199
57 93
57 108
57 182
57 159
57 80
57 129
57 141
57 143
57 143
57 153
57 116
57 188
57 98
57 97
57 60
57 136
57 74
57 183
57 137
57 95
57 124
57 197
57 82
58 62
58 94
58 136
58 154
58 89
58 121
58 82
58 164
58 188
58 77
58 143
58 75
58 182
58 172
58 119
58 171
58 96
58 126
58 160
58 68
58 195
58 196
58 92
58 187
58 83
58 59
58 161
58 61
58 146
58 84
58 95
58 153
58 168
58 184
58 176
58 174
58 181
58 185
58 63
58 183
58 113
58 190
58 175
58 98
58 142
58 159
58 85
58 125
58 133
58 133
58 117
58 81
58 115
58 108
58 141
58 192
58 169
58 155
58 134
58 107
58 69
58 178
58 78
58 100
58 167
58 99
58 60
58 197
58 70
58 118
58 65
58 124
58 127
58 74
58 79
58 140
58 193
59 125
59 145
59 71
59 162
59 155
59 112
59 97
59 179
59 72
59 66
59 152
59 91
59 105
59 166
59 123
59 89
59 111
59 101
59 65
59 177
59 61
59 153
59 69
59 70
59 62
59 87
59 190
59 134
59 140
59 136
59 108
59 81
59 117
59 138
59 138
59 146
59 110
59 119
59 180
59 88
59 188
59 172
59 181
59 77
59 106
59 90
59 99
59 156
59 73
59 182
59 189
59 68
59 67
59 129
59 104
59 128
59 149
59 124
59 141
59 199
59 150
59 158
59 170
59 171
59 137
59 102
59 168
59 116
59 93
59 161
59 148
59 64
60 84
60 105
60 189
60 146
60 117
60 148
60 159
60 166
60 182
60 173
60 89
60 113
60 190
60 163
60 106
60 128
60 133
60 82
60 197
60 64
60 164
60 153
60 91
60 180
60 116
60 151
60 143
60 95
60 62
60 72
60 111
60 181
60 86
60 99
60 138
60 183
60 107
60 90
60 174
60 154
60 104
60 157
60 115
60 130
60 127
60 103
60 139
60 98
60 147
60 155
60 191
60 73
60 69
60 76
60 162
60 199
60 156
60 83
60 198
60 118
60 167
60 120
60 171
60 101
60 122
60 152
60 109
60 142
60 66
60 74
60 77
60 132
60 102
60 145
60 126
60 161
60 123
60 75
60 131
60 175
60 80
60 150
60 112
60 125
60 61
60 79
60 179
60 177
60 92
60 85
60 187
60 108
60 144
61 66
61 71
61 196
61 183
61 132
61 164
61 75
61 185
61 126
61 81
61 103
61 116
61 115
61 153
61 90
61 131
61 131
61 106
61 125
61 70
61 194
61 142
61 128
61 184
61 108
61 127
61 96
61 191
61 98
61 104
61 174
61 138
61 69
61 107
61 190
61 136
61 112
61 134
61 109
61 113
61 177
61 152
61 150
61 173
61 168
61 182
61 86
61 175
61 145
61 139
61 102
61 78
61 141
61 199
61 192
61 91
61 178
61 100
61 130
61 172
61 148
61 121
61 157
61 193
61 84
61 189
61 124
61 181
61 92
61 80
61 122
61 111
61 149
61 186
61 176
61 87
61 147
61 140
61 166
61 119
61 76
61 62
61 161
61 129
61 79
61 83
61 188
61 163
61 105
62 87
62 139
62 71
62 95
62 137
62 67
62 90
62 140
62 179
62 72
62 104
62 154
62 134
62 97
62 132
62 194
62 155
62 148
62 112
62 88
62 150
62 177
62 184
62 113
62 127
62 86
62 74
62 117
62 111
62 63
62 96
62 119
62 81
62 141
62 125
62 144
62 156
62 99
62 186
62 94
62 183
62 165
62 68
62 85
62 101
62 136
62 172
62 197
62 153
62 160
62 122
62 178
62 199
62 105
62 102
62 75
62 192
62 176
62 93
62 118
62 124
62 92
62 157
62 108
62 114
62 147
62 121
62 109
62 82
62 89
62 65
62 195
62 120
62 79
62 180
62 142
62 174
62 175
62 198
62 162
62 64
62 167
62 78
62 158
62 83
63 99
63 112
63 148
63 186
63 199
63 196
63 117
63 113
63 71
63 183
63 114
63 184
63 109
63 125
63 64
63 81
63 146
63 178
63 166
63 72
63 165
63 190
63 188
63 153
63 143
63 87
63 68
63 115
63 169
63 138
63 95
63 151
63 101
63 131
63 191
63 97
63 77
63 96
63 164
63 107
63 75
63 149
63 103
63 195
63 66
63 84
63 142
63 158
63 139
63 102
63 65
63 150
63 185
63 152
63 121
63 192
63 69
63 67
63 154
63 130
63 130
63 170
63 120
63 89
63 198
63 100
63 171
63 180
63 104
63 98
63 179
63 137
63 70
63 111
63 189
63 80
63 181
63 133
63 145
63 187
63 163
63 168
64 87
64 184
64 128
64 121
64 69
64 124
64 124
64 152
64 71
64 188
64 153
64 139
64 85
64 154
64 186
64 67
64 190
64 120
64 192
64 107
64 147
64 174
64 70
64 123
64 181
64 89
64 112
64 77
64 177
64 98
64 76
64 109
64 73
64 82
64 116
64 74
64 132
64 75
64 193
64 176
64 84
64 96
64 134
64 113
64 72
64 81
64 143
64 178
64 141
64 106
64 137
64 159
64 65
64 158
64 157
64 83
64 131
64 102
64 145
64 173
64 155
64 130
64 189
64 168
64 160
64 142
64 187
64 97
64 199
64 179
64 133
64 80
64 118
64 165
64 162
64 183
64 101
64 66
64 115
65 191
65 80
65 82
65 146
65 150
65 129
65 198
65 84
65 71
65 119
65 107
65 160
65 179
65 165
65 74
65 154
65 186
65 149
65 93
65 135
65 132
65 166
65 89
65 128
65 118
65 67
65 181
65 102
65 178
65 110
65 126
65 121
65 173
65 193
65 88
65 78
65 187
65 111
65 108
65 152
65 92
65 103
65 142
65 79
65 70
65 101
65 157
65 172
65 169
65 164
65 195
65 73
65 86
65 105
65 99
65 156
65 120
65 143
65 174
65 96
65 197
65 170
65 127
65 66
65 185
65 81
65 122
65 114
65 138
65 184
65 199
65 131
65 153
65 151
65 196
65 69
65 83
65 100
65 76
65 133
66 77
66 95
66 197
66 115
66 141
66 165
66 140
66 130
66 199
66 93
66 86
66 114
66 106
66 152
66 81
66 191
66 118
66 131
66 183
66 187
66 147
66 94
66 181
66 92
66 88
66 166
66 111
66 195
66 156
66 188
66 85
66 170
66 129
66 126
66 126
66 150
66 79
66 159
66 135
66 153
66 105
66 125
66 151
66 91
66 174
66 97
66 78
66 189
66 100
66 154
66 132
66 116
66 128
66 176
66 136
66 90
66 133
66 72
66 68
66 69
66 146
66 143
66 134
66 108
66 186
66 193
66 112
66 98
66 84
66 71
66 75
66 182
66 101
66 164
66 160
66 157
66 122
66 67
66 169
66 175
66 107
66 163
67 132
67 118
67 191
67 108
67 194
67 142
67 136
67 128
67 109
67 171
67 120
67 161
67 160
67 131
67 111
67 144
67 186
67 193
67 84
67 177
67 195
67 154
67 74
67 68
67 153
67 155
67 162
67 99
67 103
67 115
67 69
67 147
67 188
67 156
67 126
67 197
67 139
67 123
67 146
67 100
67 92
67 95
67 122
67 198
67 124
67 94
67 134
67 176
67 79
67 166
67 173
67 102
67 88
67 75
67 180
67 70
67 83
67 125
67 187
67 135
67 149
67 121
67 164
67 72
67 78
67 138
67 169
67 137
67 145
67 98
67 174
67 178
67 181
67 158
67 97
67 91
67 179
67 96
68 147
68 134
68 148
68 79
68 88
68 166
68 93
68 170
68 125
68 157
68 180
68 181
68 115
68 145
68 129
68 196
68 118
68 142
68 83
68 150
68 197
68 159
68 120
68 169
68 85
68 138
68 103
68 102
68 188
68 112
68 82
68 182
68 130
68 146
68 135
68 70
68 160
68 161
68 156
68 98
68 78
68 167
68 80
68 71
68 144
68 123
68 168
68 73
68 172
68 107
68 140
68 117
68 113
68 189
68 132
68 109
68 122
68 110
68 158
68 84
68 171
68 178
68 108
68 128
68 124
68 190
68 131
68 162
68 164
68 86
68 153
68 87
68 106
68 76
68 199
68 184
68 185
69 127
69 104
69 187
69 189
69 177
69 76
69 88
69 116
69 125
69 82
69 123
69 168
69 196
69 166
69 157
69 145
69 191
69 110
69 126
69 115
69 192
69 91
69 139
69 124
69 73
69 131
69 120
69 105
69 118
69 185
69 79
69 87
69 142
69 106
69 93
69 77
69 71
69 89
69 81
69 72
69 111
69 141
69 198
69 70
69 137
69 95
69 163
69 186
69 74
69 146
69 148
69 101
69 159
69 181
69 134
69 75
69 174
69 175
69 97
69 161
69 122
69 132
69 84
69 117
69 194
69 179
69 99
69 121
69 108
69 172
69 80
69 155
69 162
69 173
69 85
69 197
69 167
69 86
69 129
69 136
70 134
70 88
70 72
70 76
70 118
70 164
70 120
70 107
70 119
70 183
70 154
70 78
70 109
70 91
70 163
70 133
70 123
70 166
70 100
70 77
70 142
70 74
70 71
70 104
70 81
70 143
70 73
70 191
70 192
70 147
70 114
70 190
70 168
70 162
70 151
70 102
70 131
70 99
70 129
70 197
70 90
70 188
70 160
70 75
70 178
70 130
70 126
70 187
70 136
70 132
70 174
70 122
70 117
70 146
70 95
70 85
70 135
70 148
70 128
70 169
70 101
70 125
70 170
70 116
70 115
70 86
70 113
70 112
70 111
70 176
70 175
70 157
70 152
70 110
70 84
70 144
70 171
70 92
70 82
70 108
71 83
71 92
71 110
71 165
71 185
71 173
71 113
71 82
71 140
71 75
71 141
71 78
71 192
71 145
71 127
71 133
71 163
71 146
71 118
71 125
71 80
71 115
71 182
71 102
71 93
71 108
71 199
71 134
71 74
71 151
71 106
71 172
71 150
71 123
71 189
71 120
71 154
71 128
71 117
71 97
71 142
71 139
71 193
71 90
71 124
71 72
71 109
71 136
71 162
71 132
71 81
71 144
71 195
71 194
71 177
71 164
71 169
71 99
71 168
71 94
71 89
71 158
71 197
71 167
71 103
71 153
71 76
71 100
71 87
71 170
71 175
71 130
71 112
71 88
71 161
71 176
71 190
71 178
72 162
72 87
72 193
72 95
72 83
72 92
72 199
72 84
72 151
72 89
72 155
72 131
72 191
72 114
72 188
72 117
72 172
72 149
72 135
72 189
72 142
72 174
72 187
72 88
72 127
72 127
72 86
72 98
72 120
72 115
72 82
72 126
72 143
72 157
72 105
72 152
72 136
72 147
72 73
72 123
72 161
72 76
72 111
72 183
72 94
72 158
72 104
72 139
72 145
72 109
72 154
72 192
72 137
72 178
72 133
72 134
72 177
72 170
72 141
72 194
72 171
72 168
72 75
72 185
72 197
72 130
72 112
72 186
72 196
72 96
72 181
72 179
72 116
72 99
72 103
72 101
72 159
72 129
72 118
73 90
73 172
73 76
73 114
73 145
73 191
73 146
73 199
73 127
73 111
73 126
73 140
73 175
73 75
73 83
73 197
73 80
73 154
73 181
73 180
73 94
73 93
73 98
73 108
73 182
73 174
73 96
73 186
73 100
73 153
73 121
73 86
73 189
73 109
73 85
73 173
73 170
73 151
73 122
73 137
73 155
73 130
73 157
73 148
73 123
73 147
73 167
73 129
73 176
73 142
73 178
73 101
73 89
73 131
73 97
73 133
73 79
73 95
73 125
73 138
73 168
73 149
73 88
73 117
73 116
73 171
73 194
73 102
73 120
73 92
73 77
73 169
73 87
73 135
73 185
73 183
73 139
73 84
73 143
73 134
73 193
73 184
73 118
73 158
73 74
73 141
74 141
74 185
74 195
74 151
74 160
74 197
74 111
74 126
74 134
74 109
74 172
74 194
74 142
74 135
74 128
74 139
74 116
74 91
74 187
74 131
74 132
74 121
74 95
74 117
74 163
74 181
74 167
74 136
74 124
74 107
74 120
74 168
74 77
74 108
74 96
74 84
74 106
74 177
74 101
74 86
74 149
74 115
74 129
74 85
74 184
74 87
74 104
74 79
74 83
74 182
74 189
74 82
74 190
74 170
74 110
74 113
74 152
74 164
74 150
74 171
74 154
74 198
74 88
74 138
74 100
74 188
74 176
74 158
74 175
75 178
75 76
75 77
75 109
75 103
75 106
75 147
75 122
75 164
75 177
75 78
75 130
75 121
75 194
75 112
75 189
75 140
75 139
75 102
75 180
75 81
75 138
75 153
75 183
75 176
75 113
75 165
75 199
75 105
75 84
75 118
75 129
75 88
75 172
75 143
75 135
75 133
75 182
75 169
75 196
75 185
75 152
75 158
75 166
75 125
75 80
75 170
75 83
75 107
75 87
75 190
75 136
75 146
75 174
75 148
75 99
75 96
75 93
75 114
75 159
75 186
75 173
75 191
75 132
75 95
75 181
75 154
75 193
75 144
75 91
75 167
75 86
75 184
75 150
75 124
75 79
76 151
76 193
76 164
76 147
76 121
76 117
76 117
76 127
76 168
76 166
76 171
76 190
76 199
76 113
76 120
76 111
76 90
76 128
76 181
76 138
76 106
76 107
76 191
76 116
76 146
76 118
76 112
76 142
76 159
76 105
76 175
76 160
76 129
76 188
76 124
76 156
76 125
76 134
76 198
76 135
76 144
76 185
76 91
76 157
76 97
76 140
76 103
76 196
76 132
76 137
76 95
76 155
76 161
76 194
76 77
76 88
76 136
76 177
76 109
76 126
76 85
76 148
76 139
76 186
76 141
76 92
76 123
76 153
76 143
76 87
76 152
76 162
76 192
76 108
76 182
76 176
76 187
76 81
77 108
77 146
77 159
77 169
77 162
77 183
77 79
77 78
77 86
77 158
77 152
77 133
77 198
77 179
77 94
77 153
77 164
77 125
77 147
77 104
77 178
77 109
77 109
77 177
77 84
77 127
77 126
77 90
77 197
77 96
77 124
77 148
77 150
77 87
77 115
77 128
77 120
77 93
77 136
77 149
77 98
77 190
77 173
77 103
77 91
77 123
77 156
77 186
77 129
77 154
77 101
77 95
77 106
77 181
77 193
77 143
77 138
77 82
77 100
77 88
77 99
77 151
77 187
77 175
77 141
77 114
77 170
77 174
77 165
78 135
78 186
78 179
78 141
78 161
78 120
78 126
78 124
78 152
78 180
78 167
78 140
78 82
78 114
78 188
78 145
78 122
78 198
78 118
78 197
78 85
78 97
78 173
78 139
78 172
78 191
78 142
78 175
78 121
78 87
78 102
78 84
78 174
78 189
78 165
78 171
78 108
78 134
78 105
78 157
78 177
78 176
78 89
78 106
78 151
78 81
78 109
78 86
78 104
78 182
78 166
78 115
78 111
78 143
78 192
78 160
78 155
78 125
78 148
78 199
78 93
78 90
78 107
78 170
78 83
78 153
78 113
78 185
78 128
78 95
78 187
78 190
78 168
79 158
79 173
79 113
79 182
79 82
79 145
79 177
79 125
79 84
79 99
79 124
79 150
79 88
79 144
79 135
79 165
79 97
79 89
79 102
79 108
79 171
79 114
79 100
79 142
79 120
79 184
79 170
79 191
79 166
79 93
79 112
79 149
79 198
79 81
79 141
79 183
79 176
79 148
79 195
79 129
79 143
79 133
79 101
79 123
79 80
79 190
79 146
79 107
79 172
79 153
79 118
79 199
79 154
79 159
79 147
79 174
79 136
79 106
79 90
79 187
79 194
79 180
79 168
79 181
79 131
79 157
79 185
79 175
79 188
79 140
79 105
79 160
79 178
79 117
79 134
79 197
79 152
79 86
79 115
79 95
79 83
80 133
80 145
80 81
80 177
80 136
80 89
80 187
80 159
80 148
80 193
80 150
80 143
80 107
80 169
80 147
80 87
80 185
80 101
80 168
80 160
80 114
80 191
80 132
80 157
80 106
80 97
80 192
80 120
80 182
80 196
80 95
80 146
80 98
80 139
80 163
80 112
80 130
80 179
80 144
80 121
80 88
80 82
80 140
80 173
80 92
80 189
80 113
80 91
80 180
80 131
80 141
80 125
80 175
80 138
80 96
80 161
80 108
80 118
80 197
80 154
80 135
80 137
80 195
80 170
80 158
80 166
80 116
80 85
80 83
80 194
80 126
80 174
80 122
80 86
80 115
80 183
81 159
81 95
81 175
81 86
81 90
81 102
81 198
81 181
81 130
81 82
81 185
81 93
81 107
81 191
81 160
81 151
81 165
81 189
81 142
81 110
81 154
81 145
81 94
81 144
81 157
81 166
81 141
81 118
81 156
81 163
81 176
81 127
81 155
81 99
81 87
81 194
81 112
81 178
81 121
81 111
81 192
81 116
81 168
81 164
81 183
81 184
81 174
81 182
81 131
81 139
81 128
81 120
81 136
81 124
81 132
81 161
81 170
81 147
81 186
81 101
81 177
81 167
81 91
81 143
81 190
81 153
81 158
81 103
81 146
81 173
81 172
81 100
81 126
81 149
81 96
81 162
82 148
82 151
82 97
82 131
82 145
82 115
82 112
82 175
82 162
82 83
82 110
82 103
82 114
82 180
82 149
82 128
82 198
82 171
82 144
82 133
82 150
82 141
82 158
82 117
82 186
82 196
82 92
82 179
82 146
82 108
82 140
82 193
82 124
82 172
82 154
82 195
82 89
82 122
82 122
82 194
82 164
82 163
82 157
82 116
82 95
82 181
82 159
82 168
82 119
82 118
82 86
82 147
82 189
82 161
82 170
82 176
82 169
82 96
82 153
82 121
82 90
82 167
82 156
82 127
82 184
82 165
82 105
82 173
82 106
82 190
82 192
83 93
83 117
83 190
83 97
83 90
83 174
83 131
83 198
83 191
83 164
83 167
83 154
83 143
83 104
83 95
83 130
83 96
83 122
83 101
83 129
83 146
83 108
83 184
83 89
83 187
83 156
83 160
83 152
83 139
83 118
83 173
83 149
83 159
83 98
83 94
83 185
83 145
83 91
83 197
83 186
83 123
83 141
83 194
83 107
83 107
83 114
83 151
83 119
83 172
83 125
83 192
83 168
83 84
83 144
83 166
83 158
83 87
83 116
83 163
83 124
83 177
83 148
83 120
83 196
83 133
83 182
83 136
83 175
83 178
83 199
83 92
84 129
84 150
84 179
84 109
84 168
84 145
84 148
84 177
84 165
84 186
84 190
84 139
84 143
84 166
84 133
84 101
84 195
84 132
84 116
84 100
84 175
84 169
84 121
84 130
84 126
84 106
84 157
84 112
84 85
84 152
84 114
84 120
84 185
84 104
84 91
84 113
84 127
84 178
84 196
84 189
84 174
84 163
84 137
84 95
84 182
84 183
84 92
84 98
84 131
84 134
84 159
84 107
84 97
84 90
84 167
84 172
84 86
84 124
84 111
84 199
84 161
84 135
84 110
84 108
84 155
84 162
85 153
85 185
85 123
85 172
85 184
85 162
85 98
85 93
85 111
85 120
85 141
85 142
85 112
85 155
85 137
85 152
85 128
85 140
85 144
85 131
85 179
85 119
85 95
85 157
85 160
85 148
85 161
85 165
85 197
85 147
85 99
85 106
85 193
85 192
85 183
85 170
85 129
85 190
85 107
85 158
85 121
85 125
85 156
85 89
85 169
85 168
85 167
85 189
85 91
85 94
85 195
85 186
85 117
85 135
85 88
85 177
85 145
85 138
85 173
85 188
85 108
85 143
85 115
85 199
85 86
85 180
85 103
85 187
85 174
85 116
85 105
85 96
85 130
85 194
85 176
85 127
86 96
86 144
86 113
86 145
86 101
86 153
86 180
86 87
86 94
86 154
86 157
86 178
86 110
86 182
86 130
86 164
86 111
86 91
86 121
86 196
86 103
86 135
86 114
86 175
86 199
86 172
86 179
86 107
86 117
86 108
86 155
86 134
86 162
86 138
86 158
86 174
86 109
86 148
86 120
86 169
86 183
86 140
86 129
86 99
86 119
86 132
86 123
86 184
86 125
86 193
86 189
86 88
86 181
86 100
86 173
86 115
86 168
86 112
86 156
86 187
86 116
86 104
86 89
86 171
86 152
86 95
86 149
86 192
86 163
86 161
86 106
86 93
86 176
86 190
87 126
87 125
87 88
87 159
87 109
87 96
87 150
87 91
87 149
87 155
87 177
87 148
87 114
87 103
87 179
87 118
87 195
87 191
87 154
87 162
87 143
87 174
87 157
87 145
87 142
87 104
87 124
87 101
87 163
87 180
87 176
87 181
87 127
87 194
87 193
87 141
87 186
87 169
87 170
87 105
87 113
87 113
87 182
87 102
87 116
87 131
87 128
87 92
87 100
87 160
87 185
87 190
87 129
87 173
87 139
87 137
87 120
87 171
87 111
87 152
87 117
87 93
87 110
87 199
87 107
87 98
87 134
87 89
87 183
87 97
87 167
87 187
87 144
88 147
88 145
88 92
88 180
88 99
88 132
88 123
88 94
88 115
88 125
88 149
88 164
88 168
88 137
88 136
88 162
88 150
88 122
88 128
88 89
88 167
88 171
88 102
88 103
88 108
88 186
88 191
88 106
88 106
88 107
88 144
88 195
88 104
88 101
88 154
88 134
88 97
88 166
88 130
88 156
88 142
88 129
88 160
88 120
88 193
88 100
88 185
88 183
88 190
88 173
88 178
88 198
88 90
88 139
88 197
88 141
88 112
88 157
88 184
88 116
88 121
88 138
88 98
88 95
88 155
88 140
89 151
89 176
89 91
89 149
89 125
89 115
89 168
89 172
89 101
89 99
89 100
89 153
89 185
89 180
89 96
89 106
89 113
89 173
89 137
89 197
89 132
89 144
89 167
89 95
89 171
89 193
89 117
89 108
89 143
89 181
89 160
89 102
89 198
89 196
89 154
89 126
89 145
89 138
89 194
89 116
89 104
89 161
89 175
89 123
89 199
89 166
89 90
89 190
89 114
89 178
89 170
89 184
89 124
89 129
89 157
89 187
89 122
89 165
89 191
89 158
89 120
89 174
89 169
89 109
89 119
89 189
89 140
89 192
89 150
90 92
90 139
90 173
90 147
90 159
90 122
90 148
90 110
90 124
90 105
90 132
90 158
90 104
90 176
90 101
90 101
90 183
90 155
90 145
90 113
90 95
90 146
90 114
90 182
90 189
90 174
90 118
90 100
90 142
90 177
90 107
90 165
90 171
90 144
90 190
90 108
90 196
90 125
90 130
90 179
90 169
90 198
90 194
90 98
90 161
90 181
90 157
90 154
90 133
90 152
90 150
90 112
90 162
90 167
90 197
90 140
90 193
90 151
90 127
90 160
90 93
90 109
90 166
90 91
90 116
91 104
91 106
91 176
91 153
91 128
91 190
91 149
91 107
91 189
91 97
91 145
91 148
91 96
91 143
91 175
91 98
91 184
91 162
91 174
91 133
91 155
91 195
91 136
91 120
91 109
91 181
91 159
91 118
91 171
91 185
91 111
91 121
91 125
91 151
91 173
91 142
91 165
91 92
91 199
91 113
91 137
91 183
91 101
91 119
91 127
91 146
91 194
91 95
91 94
91 103
91 172
91 115
91 112
91 180
91 131
91 141
91 166
91 132
91 179
91 147
91 150
91 152
92 114
92 128
92 140
92 166
92 141
92 165
92 159
92 147
92 125
92 170
92 184
92 152
92 138
92 111
92 102
92 176
92 142
92 168
92 161
92 129
92 149
92 174
92 150
92 199
92 169
92 106
92 118
92 164
92 104
92 100
92 123
92 146
92 127
92 196
92 132
92 156
92 137
92 113
92 185
92 180
92 108
92 193
92 99
92 163
92 153
92 98
92 154
92 178
92 145
92 186
92 110
92 136
92 103
92 94
92 194
92 131
92 172
92 130
92 158
92 134
92 116
92 107
92 126
92 119
92 189
93 146
93 124
93 116
93 111
93 159
93 176
93 113
93 136
93 117
93 119
93 140
93 178
93 137
93 198
93 151
93 182
93 98
93 180
93 163
93 131
93 110
93 166
93 132
93 167
93 126
93 165
93 190
93 150
93 143
93 127
93 191
93 154
93 147
93 144
93 149
93 94
93 105
93 122
93 134
93 123
93 160
93 96
93 177
93 120
93 195
93 185
93 175
93 106
93 100
93 189
93 107
93 179
93 156
93 97
93 129
93 135
93 95
93 187
93 194
93 193
93 192
94 154
94 112
94 163
94 169
94 184
94 105
94 129
94 189
94 193
94 171
94 146
94 159
94 180
94 133
94 96
94 119
94 195
94 187
94 95
94 166
94 170
94 179
94 126
94 113
94 120
94 141
94 161
94 151
94 157
94 175
94 150
94 145
94 97
94 97
94 178
94 104
94 152
94 194
94 143
94 160
94 107
94 130
94 98
94 185
94 198
94 110
94 168
94 136
94 173
94 121
94 131
94 174
94 191
94 165
94 147
94 158
94 177
94 164
94 140
94 192
94 116
94 122
94 99
94 100
94 186
94 149
94 138
94 183
94 128
94 182
95 97
95 117
95 153
95 155
95 100
95 187
95 140
95 167
95 151
95 169
95 137
95 106
95 120
95 144
95 160
95 142
95 179
95 125
95 115
95 173
95 119
95 194
95 149
95 129
95 176
95 188
95 113
95 131
95 105
95 96
95 132
95 122
95 147
95 143
95 192
95 103
95 141
95 130
95 183
95 195
95 175
95 146
95 161
95 159
95 107
95 133
95 126
95 180
95 166
95 145
95 162
95 135
95 123
95 116
95 114
95 184
95 178
95 189
95 108
95 156
95 193
95 163
95 111
95 111
95 197
95 109
96 171
96 184
96 194
96 163
96 130
96 141
96 113
96 131
96 169
96 155
96 128
96 125
96 105
96 162
96 192
96 165
96 189
96 109
96 154
96 175
96 176
96 173
96 185
96 166
96 167
96 148
96 111
96 177
96 112
96 97
96 183
96 114
96 159
96 107
96 150
96 122
96 127
96 138
96 136
96 133
96 145
96 124
96 101
96 143
96 129
96 178
96 180
96 103
96 103
96 104
96 106
96 135
96 179
96 132
96 170
96 152
96 126
96 117
96 191
96 190
96 158
96 144
96 120
96 196
96 195
96 119
96 137
97 113
97 169
97 164
97 116
97 131
97 165
97 136
97 154
97 177
97 126
97 100
97 193
97 133
97 181
97 183
97 189
97 139
97 186
97 149
97 106
97 137
97 134
97 130
97 163
97 168
97 159
97 128
97 171
97 99
97 157
97 176
97 174
97 107
97 121
97 179
97 192
97 199
97 110
97 151
97 135
97 184
97 172
97 118
97 152
97 103
97 141
97 155
97 170
97 122
97 144
97 153
97 194
97 191
97 111
97 117
97 119
97 167
97 108
97 147
97 143
97 125
97 158
97 196
97 161
97 185
97 105
97 160
97 123
98 195
98 128
98 120
98 104
98 180
98 100
98 134
98 116
98 125
98 118
98 109
98 110
98 165
98 167
98 149
98 161
98 124
98 197
98 189
98 108
98 175
98 160
98 191
98 129
98 121
98 179
98 150
98 148
98 101
98 151
98 107
98 169
98 139
98 131
98 188
98 163
98 185
98 132
98 127
98 176
98 140
98 196
98 156
98 182
98 199
98 130
98 177
98 192
98 174
98 162
99 156
99 162
99 165
99 123
99 143
99 189
99 118
99 122
99 187
99 133
99 131
99 107
99 110
99 190
99 102
99 167
99 160
99 141
99 119
99 188
99 166
99 152
99 173
99 186
99 194
99 179
99 129
99 125
99 168
99 158
99 177
99 175
99 182
99 159
99 155
99 101
99 195
99 140
99 114
99 154
99 183
99 180
99 111
99 100
99 105
99 130
99 196
99 172
99 178
99 169
99 191
99 128
99 174
99 113
99 139
99 149
99 136
100 185
100 114
100 126
100 129
100 172
100 101
100 197
100 115
100 107
100 133
100 130
100 162
100 198
100 158
100 151
100 108
100 142
100 163
100 168
100 135
100 155
100 192
100 161
100 103
100 171
100 165
100 140
100 128
100 117
100 134
100 194
100 170
100 188
100 182
100 179
100 196
100 120
100 105
100 173
100 199
100 153
100 102
100 102
100 146
100 116
100 175
100 112
100 113
100 157
100 143
100 136
100 166
100 180
100 122
100 191
100 167
100 154
100 121
100 148
100 152
100 145
100 138
100 174
101 167
101 107
101 112
101 174
101 161
101 145
101 159
101 140
101 177
101 176
101 110
101 192
101 179
101 113
101 155
101 116
101 190
101 109
101 169
101 151
101 138
101 181
101 188
101 142
101 132
101 139
101 152
101 136
101 149
101 106
101 123
101 178
101 196
101 199
101 114
101 173
101 111
101 191
101 120
101 134
101 119
101 185
101 193
101 189
101 166
101 117
101 154
101 104
101 108
101 130
101 124
101 156
101 153
101 126
101 158
101 180
101 175
101 135
101 187
101 105
101 157
101 137
101 194
102 131
102 117
102 178
102 198
102 182
102 192
102 184
102 176
102 175
102 103
102 180
102 106
102 196
102 136
102 121
102 197
102 170
102 120
102 109
102 132
102 155
102 169
102 114
102 152
102 133
102 142
102 130
102 177
102 118
102 193
102 127
102 160
102 123
102 125
102 105
102 159
102 145
102 107
102 113
102 154
102 119
102 134
102 140
102 129
102 138
102 150
102 168
102 172
102 137
102 157
102 189
102 183
102 104
102 165
102 194
102 151
102 143
102 190
103 183
103 155
103 137
103 146
103 164
103 142
103 171
103 186
103 124
103 125
103 148
103 156
103 145
103 166
103 106
103 126
103 161
103 162
103 104
103 123
103 185
103 135
103 163
103 138
103 168
103 127
103 105
103 167
103 180
103 120
103 115
103 178
103 147
103 188
103 118
103 111
103 193
103 122
103 169
103 199
103 197
103 140
103 179
103 151
103 136
103 153
103 110
103 117
103 170
103 119
103 154
103 130
103 152
103 176
103 196
103 131
103 160
104 192
104 182
104 148
104 173
104 157
104 190
104 111
104 168
104 121
104 198
104 151
104 128
104 184
104 114
104 144
104 193
104 185
104 177
104 195
104 150
104 110
104 117
104 189
104 137
104 194
104 125
104 131
104 108
104 186
104 118
104 171
104 178
104 166
104 130
104 187
104 165
104 174
104 142
104 152
104 154
104 169
104 140
104 160
104 176
104 124
104 183
104 123
104 133
104 155
104 120
104 109
104 161
104 141
104 196
104 126
104 163
104 136
105 120
105 160
105 123
105 194
105 180
105 165
105 117
105 148
105 139
105 175
105 131
105 193
105 119
105 168
105 111
105 118
105 156
105 178
105 128
105 179
105 166
105 132
105 199
105 163
105 124
105 115
105 186
105 140
105 133
105 169
105 172
105 184
105 190
105 173
105 196
105 151
105 164
105 187
105 149
105 182
105 147
105 129
105 158
105 167
105 130
105 135
105 116
105 161
105 108
105 157
105 107
105 113
105 150
105 154
106 175
106 107
106 190
106 160
106 125
106 118
106 117
106 158
106 153
106 176
106 183
106 126
106 145
106 181
106 177
106 109
106 134
106 139
106 178
106 173
106 194
106 129
106 150
106 169
106 135
106 142
106 163
106 143
106 172
106 137
106 119
106 120
106 115
106 111
106 155
106 186
106 164
106 110
106 162
106 174
106 188
106 121
106 114
106 131
106 138
106 156
106 140
106 116
106 182
106 195
106 112
107 151
107 145
107 188
107 187
107 117
107 161
107 194
107 164
107 137
107 140
107 158
107 135
107 171
107 177
107 149
107 181
107 108
107 184
107 179
107 120
107 182
107 147
107 150
107 144
107 167
107 195
107 174
107 186
107 121
107 170
107 124
107 172
107 125
107 152
107 176
107 169
107 118
107 131
107 128
107 119
107 190
107 123
107 185
107 191
107 198
107 160
107 112
107 143
107 130
107 159
107 115
107 148
107 138
107 153
107 139
107 155
108 160
108 155
108 194
108 195
108 197
108 190
108 179
108 147
108 161
108 127
108 191
108 137
108 113
108 185
108 177
108 115
108 144
108 180
108 182
108 153
108 184
108 162
108 134
108 193
108 126
108 156
108 189
108 114
108 187
108 111
108 143
108 138
108 121
108 199
108 123
108 116
108 146
108 174
108 124
108 198
108 183
108 166
108 192
108 110
108 125
108 118
108 181
108 154
108 142
108 117
108 109
108 163
109 149
109 168
109 138
109 114
109 182
109 151
109 157
109 172
109 155
109 123
109 117
109 180
109 188
109 116
109 161
109 167
109 120
109 129
109 193
109 124
109 160
109 126
109 191
109 173
109 139
109 142
109 194
109 115
109 185
109 178
109 140
109 150
109 112
109 141
109 153
109 122
109 190
109 113
109 121
109 170
109 118
109 195
109 164
109 183
109 128
109 184
109 111
109 144
109 166
109 163
109 110
109 146
109 156
109 130
109 165
110 122
110 145
110 133
110 173
110 151
110 150
110 154
110 194
110 198
110 188
110 177
110 189
110 128
110 146
110 197
110 141
110 130
110 140
110 147
110 153
110 119
110 149
110 190
110 157
110 142
110 161
110 117
110 127
110 131
110 175
110 112
110 184
110 195
110 180
110 165
110 121
110 139
110 174
110 178
110 160
110 115
110 134
110 138
110 135
110 179
110 192
110 124
110 181
110 126
110 144
110 125
110 167
110 186
110 171
110 143
110 118
110 113
110 136
110 176
110 196
110 162
111 160
111 168
111 118
111 134
111 177
111 163
111 141
111 125
111 153
111 179
111 157
111 150
111 192
111 191
111 169
111 171
111 174
111 196
111 139
111 187
111 194
111 199
111 180
111 135
111 137
111 120
111 121
111 198
111 183
111 165
111 155
111 138
111 181
111 161
111 156
111 147
111 114
111 112
111 188
111 122
111 142
111 176
111 145
111 123
111 144
111 184
111 131
111 146
111 126
111 149
111 151
111 129
112 159
112 138
112 149
112 122
112 181
112 176
112 199
112 168
112 183
112 124
112 120
112 140
112 129
112 186
112 162
112 189
112 164
112 185
112 139
112 191
112 155
112 190
112 116
112 198
112 125
112 177
112 195
112 194
112 174
112 146
112 167
112 141
112 137
112 163
112 182
112 165
112 178
112 157
112 143
112 193
112 172
112 158
112 147
112 145
112 171
112 175
112 118
112 114
112 117
112 134
112 154
113 166
113 149
113 138
113 179
113 150
113 199
113 180
113 122
113 148
113 127
113 115
113 125
113 145
113 156
113 189
113 118
113 130
113 170
113 152
113 175
113 193
113 198
113 181
113 116
113 164
113 197
113 134
113 178
113 140
113 185
113 133
113 141
113 184
113 177
113 119
113 120
113 165
113 129
113 174
113 124
113 187
113 171
113 128
113 123
113 163
113 158
113 114
113 157
113 186
113 173
113 143
113 144
113 182
113 172
113 137
113 188
113 159
114 173
114 165
114 180
114 145
114 115
114 157
114 142
114 188
114 123
114 166
114 135
114 199
114 191
114 162
114 179
114 184
114 171
114 187
114 126
114 144
114 125
114 155
114 129
114 163
114 181
114 139
114 175
114 167
114 159
114 169
114 131
114 198
114 150
114 137
114 120
114 117
114 183
114 185
114 156
114 132
114 140
114 176
114 170
114 182
114 160
114 130
114 146
114 118
114 147
114 168
114 153
114 151
114 190
114 172
115 130
115 152
115 196
115 182
115 133
115 128
115 117
115 199
115 157
115 127
115 169
115 119
115 158
115 154
115 188
115 181
115 171
115 175
115 174
115 173
115 185
115 148
115 177
115 194
115 132
115 150
115 162
115 137
115 189
115 141
115 161
115 144
115 159
115 191
115 136
115 183
115 179
115 118
115 142
115 165
115 146
115 131
115 156
115 116
115 139
115 184
115 186
115 121
115 145
115 163
115 168
115 164
115 120
116 152
116 163
116 123
116 132
116 150
116 190
116 141
116 161
116 151
116 128
116 179
116 142
116 183
116 137
116 178
116 127
116 143
116 167
116 160
116 174
116 181
116 173
116 155
116 198
116 192
116 189
116 166
116 147
116 125
116 124
116 154
116 135
116 159
116 145
116 157
116 184
116 194
116 118
116 177
116 168
116 156
116 176
116 138
116 191
116 139
116 146
116 193
116 140
116 153
116 186
116 185
116 148
116 144
116 175
116 131
116 149
116 136
117 167
117 185
117 139
117 187
117 164
117 157
117 176
117 166
117 132
117 183
117 188
117 142
117 123
117 154
117 147
117 159
117 129
117 168
117 130
117 155
117 146
117 193
117 128
117 143
117 158
117 172
117 192
117 150
117 149
117 195
117 148
117 131
117 197
117 153
117 175
117 127
117 191
117 156
117 190
117 120
117 145
117 178
117 124
117 161
117 198
117 118
117 137
117 184
117 138
117 186
117 162
117 199
117 126
117 182
117 165
117 133
118 155
118 150
118 120
118 152
118 161
118 196
118 183
118 157
118 138
118 151
118 178
118 181
118 139
118 124
118 132
118 190
118 126
118 187
118 143
118 191
118 123
118 175
118 130
118 121
118 185
118 168
118 144
118 195
118 142
118 177
118 136
118 162
118 166
118 146
118 172
118 165
118 154
118 189
118 159
118 127
118 164
118 160
118 176
118 179
118 188
118 129
118 170
118 158
118 173
118 131
118 149
118 133
118 145
118 119
118 182
118 184
118 140
118 186
119 142
119 149
119 184
119 151
119 194
119 163
119 133
119 183
119 171
119 122
119 193
119 152
119 161
119 120
119 137
119 190
119 126
119 162
119 182
119 188
119 168
119 199
119 180
119 174
119 160
119 134
119 186
119 169
119 195
119 136
119 197
119 148
119 166
119 153
119 196
119 198
119 130
119 146
119 192
119 139
119 173
119 127
119 189
119 121
119 129
119 167
119 138
119 140
119 135
119 147
119 159
120 159
120 148
120 145
120 127
120 123
120 184
120 144
120 175
120 126
120 137
120 177
120 194
120 180
120 165
120 136
120 185
120 173
120 192
120 131
120 146
120 153
120 174
120 135
120 132
120 176
120 178
120 166
120 158
120 171
120 161
120 140
120 198
120 163
120 189
120 187
120 152
120 121
120 130
120 125
120 155
120 133
120 186
120 167
120 134
120 168
120 124
120 169
120 157
120 188
120 164
120 154
120 156
120 183
121 139
121 186
121 182
121 196
121 171
121 147
121 122
121 185
121 170
121 145
121 177
121 192
121 137
121 199
121 132
121 150
121 160
121 153
121 162
121 166
121 164
121 178
121 167
121 133
121 180
121 168
121 128
121 174
121 131
121 154
121 165
121 140
121 142
121 135
121 198
121 134
121 130
121 146
121 159
121 161
121 152
121 197
121 193
121 163
121 181
121 183
121 129
121 179
121 176
121 190
121 184
122 157
122 137
122 165
122 149
122 163
122 134
122 152
122 127
122 124
122 153
122 135
122 174
122 170
122 161
122 193
122 129
122 164
122 167
122 187
122 143
122 145
122 130
122 131
122 168
122 197
122 185
122 144
122 147
122 172
122 190
122 136
122 142
122 166
122 198
122 182
122 186
122 155
122 140
122 151
122 171
123 139
123 134
123 197
123 163
123 161
123 151
123 145
123 158
123 198
123 142
123 136
123 152
123 188
123 124
123 176
123 173
123 164
123 135
123 189
123 129
123 147
123 132
123 141
123 130
123 148
123 140
123 185
123 192
123 169
123 146
123 181
123 156
123 191
123 171
123 196
123 175
123 178
123 186
123 160
123 155
123 195
123 159
123 157
123 180
123 144
123 153
123 187
123 137
123 165
123 179
123 193
123 143
123 128
124 161
124 176
124 167
124 199
124 197
124 154
124 177
124 125
124 193
124 132
124 143
124 140
124 126
124 137
124 182
124 162
124 135
124 173
124 158
124 166
124 185
124 127
124 133
124 149
124 139
124 152
124 183
124 188
124 171
124 150
124 144
124 172
124 164
124 169
124 165
124 148
124 146
124 157
124 175
124 187
124 129
124 186
124 136
124 159
125 190
125 141
125 156
125 184
125 172
125 189
125 180
125 163
125 183
125 193
125 143
125 198
125 178
125 186
125 196
125 192
125 158
125 187
125 144
125 174
125 171
125 185
125 169
125 138
125 131
125 177
125 182
125 136
125 152
125 154
125 176
125 146
125 132
125 165
125 126
125 161
125 140
125 145
126 137
126 161
126 158
126 130
126 144
126 135
126 149
126 178
126 190
126 195
126 134
126 154
126 142
126 162
126 193
126 196
126 187
126 197
126 171
126 186
126 181
126 127
126 182
126 175
126 159
126 136
126 166
126 157
126 152
126 147
126 170
126 155
126 179
126 146
126 188
126 180
126 131
126 176
126 160
126 183
126 168
126 174
126 177
126 165
126 141
126 129
126 185
126 164
126 163
126 140
126 132
126 139
126 194
126 143
127 195
127 179
127 159
127 155
127 194
127 197
127 190
127 128
127 176
127 196
127 166
127 163
127 188
127 148
127 168
127 149
127 136
127 165
127 178
127 172
127 141
127 147
127 184
127 140
127 156
127 152
127 187
127 199
127 164
127 135
127 157
127 177
127 198
127 138
127 131
127 151
127 129
127 146
127 180
127 145
127 142
127 186
128 155
128 159
128 197
128 135
128 137
128 181
128 161
128 158
128 149
128 139
128 195
128 174
128 168
128 132
128 196
128 175
128 129
128 164
128 191
128 184
128 170
128 178
128 182
128 156
128 154
128 152
128 172
128 151
128 165
128 142
128 146
128 153
128 145
128 148
128 198
128 136
129 193
129 174
129 166
129 162
129 196
129 168
129 164
129 183
129 172
129 146
129 175
129 169
129 180
129 173
129 134
129 149
129 189
129 182
129 137
129 145
129 186
129 181
129 161
129 130
129 152
129 139
129 136
129 132
129 184
129 153
129 170
129 191
129 158
129 167
129 143
129 195
129 141
129 135
129 165
129 144
130 134
130 161
130 164
130 149
130 184
130 167
130 174
130 137
130 181
130 183
130 136
130 171
130 162
130 169
130 144
130 159
130 139
130 148
130 195
130 145
130 142
130 140
130 189
130 170
130 157
130 198
130 153
130 152
130 190
130 147
130 199
130 131
130 180
130 185
130 177
130 193
130 178
131 166
131 154
131 157
131 160
131 133
131 182
131 140
131 156
131 164
131 137
131 162
131 176
131 199
131 135
131 197
131 146
131 158
131 134
131 138
131 190
131 151
131 139
131 148
131 179
131 181
131 196
131 185
131 189
131 159
131 150
131 178
131 169
131 147
131 198
131 142
131 194
131 145
131 143
131 149
131 177
131 167
131 171
131 170
131 168
131 184
131 163
131 174
132 180
132 192
132 196
132 179
132 138
132 161
132 197
132 169
132 176
132 175
132 170
132 149
132 142
132 198
132 188
132 193
132 159
132 177
132 195
132 155
132 150
132 153
132 167
132 137
132 136
132 190
132 143
132 134
132 147
132 152
132 186
132 181
132 194
132 158
132 133
132 182
133 138
133 171
133 187
133 156
133 167
133 181
133 198
133 147
133 166
133 193
133 139
133 184
133 180
133 151
133 144
133 186
133 141
133 178
133 158
133 197
133 176
133 199
133 174
133 194
133 157
133 192
133 137
133 142
133 146
133 160
133 190
133 135
133 153
133 152
133 168
133 161
133 182
133 148
133 159
134 166
134 177
134 192
134 167
134 149
134 181
134 157
134 188
134 164
134 187
134 189
134 171
134 152
134 153
134 158
134 180
134 179
134 195
134 184
134 190
134 145
134 173
134 148
134 163
134 147
134 197
134 155
134 160
134 165
134 135
134 159
134 150
134 137
134 156
134 138
134 196
134 169
134 146
134 161
134 162
134 183
134 174
134 175
135 153
135 159
135 146
135 181
135 184
135 187
135 183
135 136
135 178
135 180
135 161
135 152
135 150
135 149
135 154
135 147
135 139
135 185
135 199
135 160
135 177
135 163
135 188
135 196
135 170
135 143
135 156
135 158
135 198
136 143
136 137
136 177
136 190
136 180
136 163
136 183
136 186
136 156
136 164
136 148
136 139
136 172
136 196
136 176
136 147
136 194
136 161
136 162
136 149
136 174
136 199
136 158
136 167
136 184
136 192
136 159
136 153
136 169
136 142
136 179
136 182
136 191
136 160
136 150
137 148
137 161
137 165
137 166
137 167
137 179
137 199
137 159
137 143
137 140
137 195
137 193
137 155
137 141
137 158
137 177
137 197
137 174
137 170
137 139
137 190
137 168
137 198
137 176
137 175
137 142
137 149
137 178
137 188
137 172
137 163
137 183
137 192
137 157
137 185
137 145
137 182
137 146
138 197
138 171
138 183
138 178
138 199
138 170
138 154
138 144
138 165
138 166
138 160
138 140
138 191
138 146
138 169
138 162
138 172
138 175
138 174
138 187
138 145
138 198
138 142
138 139
138 151
138 141
138 192
138 193
138 185
138 143
138 148
138 159
138 184
138 186
138 179
138 189
139 165
139 146
139 198
139 153
139 180
139 184
139 188
139 168
139 185
139 167
139 174
139 164
139 193
139 161
139 144
139 173
139 154
139 148
139 151
139 195
139 140
139 194
139 142
139 156
139 143
139 141
139 178
139 177
139 166
139 152
139 176
139 157
139 160
139 179
139 189
139 172
139 186
140 145
140 163
140 155
140 164
140 148
140 198
140 152
140 159
140 181
140 193
140 156
140 166
140 162
140 168
140 165
140 144
140 142
140 188
140 170
140 177
140 146
140 150
140 143
140 173
140 180
140 191
140 189
140 178
140 187
140 154
140 183
140 196
140 141
140 161
140 192
140 153
140 167
140 157
141 145
141 164
141 194
141 143
141 182
141 163
141 185
141 191
141 165
141 177
141 152
141 195
141 173
141 186
141 184
141 178
141 146
141 142
141 154
141 156
141 193
141 162
141 170
141 192
141 171
141 196
141 155
141 166
141 180
141 197
141 176
141 151
141 148
141 181
141 199
141 175
141 168
141 187
141 157
141 159
142 193
142 164
142 174
142 165
142 187
142 198
142 158
142 153
142 178
142 179
142 199
142 181
142 150
142 144
142 175
142 188
142 168
142 166
142 154
142 195
142 185
142 161
142 145
142 180
142 156
142 163
142 186
142 162
142 160
142 177
142 173
142 170
142 172
142 184
142 152
142 191
142 155
142 143
142 190
142 176
142 171
142 196
143 147
143 178
143 153
143 176
143 177
143 184
143 189
143 172
143 148
143 183
143 150
143 163
143 154
143 179
143 186
143 146
143 191
143 197
143 190
143 174
143 145
143 194
143 173
143 193
143 161
143 170
143 155
143 158
144 163
144 160
144 196
144 186
144 158
144 180
144 173
144 155
144 152
144 146
144 171
144 166
144 172
144 175
144 199
144 149
144 198
144 181
144 148
144 154
144 170
144 162
144 191
144 189
144 178
144 156
144 161
144 164
145 177
145 156
145 194
145 190
145 170
145 166
145 187
145 171
145 147
145 176
145 149
145 189
145 174
145 197
145 169
145 186
145 195
145 179
145 146
145 152
145 168
145 158
145 160
145 181
145 161
145 153
145 148
145 188
145 182
145 185
145 163
145 155
145 192
145 167
145 198
145 184
145 162
145 175
146 182
146 197
146 195
146 186
146 173
146 188
146 155
146 184
146 189
146 181
146 198
146 175
146 170
146 151
146 147
146 177
146 166
146 185
146 174
146 187
146 157
146 168
146 153
146 199
146 160
146 165
146 161
146 190
146 152
146 192
146 158
146 171
147 148
147 159
147 158
147 163
147 194
147 197
147 161
147 192
147 170
147 157
147 185
147 181
147 168
147 155
147 151
147 188
147 162
147 149
147 190
147 171
147 179
147 169
147 153
147 167
147 174
147 198
147 177
147 187
147 172
147 164
147 183
147 193
148 182
148 183
148 160
148 193
148 159
148 149
148 185
148 168
148 190
148 150
148 177
148 174
148 198
148 189
148 171
148 167
148 175
148 173
148 197
148 184
148 180
148 186
148 194
148 170
148 172
148 178
148 181
148 163
148 155
148 158
148 192
148 162
149 160
149 166
149 189
149 174
149 170
149 159
149 177
149 167
149 172
149 155
149 198
149 163
149 150
149 183
149 169
149 154
149 197
149 157
149 173
149 181
149 171
149 156
149 182
149 184
149 165
149 185
149 180
149 152
150 157
150 193
150 151
150 184
150 167
150 197
150 155
150 177
150 158
150 180
150 179
150 163
150 188
150 152
150 166
150 154
150 187
150 198
150 175
150 162
150 156
150 159
150 181
150 189
150 191
150 190
151 176
151 152
151 171
151 175
151 187
151 169
151 166
151 155
151 170
151 183
151 153
151 184
151 159
151 164
151 160
151 177
151 196
151 154
151 157
151 181
151 190
151 189
151 194
151 193
151 165
151 182
151 174
152 159
152 175
152 168
152 197
152 194
152 183
152 157
152 188
152 160
152 182
152 173
152 170
152 171
152 179
152 193
152 166
152 172
152 156
152 196
152 174
152 189
152 198
152 176
152 155
152 163
152 181
152 199
152 165
152 191
152 177
152 178
152 195
152 153
153 164
153 182
153 187
153 174
153 186
153 159
153 198
153 172
153 170
153 192
153 197
153 157
153 175
153 176
153 193
153 181
153 161
153 155
153 162
153 184
153 185
153 177
153 189
153 191
153 183
153 196
154 169
154 155
154 189
154 164
154 183
154 170
154 186
154 198
154 174
154 178
154 165
154 192
154 167
154 184
154 199
154 188
154 176
154 196
154 162
154 190
154 180
154 195
154 172
154 194
154 163
154 191
154 166
154 161
154 177
155 166
155 169
155 191
155 184
155 175
155 188
155 187
155 189
155 181
155 185
155 182
155 177
155 193
155 163
155 162
155 160
155 180
155 199
155 157
155 192
155 164
155 161
155 167
156 171
156 169
156 190
156 187
156 185
156 170
156 191
156 194
156 193
156 179
156 182
156 164
156 188
156 180
156 197
156 159
156 160
156 186
156 167
156 177
156 162
157 170
157 198
157 182
157 175
157 177
157 189
157 172
157 171
157 191
157 192
157 164
157 185
157 174
157 196
157 159
157 158
157 161
157 173
157 188
157 187
157 190
157 168
157 181
157 162
157 199
157 193
158 184
158 171
158 167
158 166
158 174
158 199
158 197
158 193
158 196
158 164
158 159
158 172
158 162
158 170
158 160
158 191
158 161
158 185
158 163
158 183
158 195
159 163
159 188
159 186
159 169
159 197
159 161
159 160
159 194
159 190
159 173
159 183
159 165
159 195
159 175
159 199
159 189
159 187
159 164
159 180
160 185
160 175
160 184
160 192
160 172
160 167
160 193
160 173
160 183
160 163
160 170
160 196
160 168
160 171
160 186
160 194
160 198
160 164
160 181
160 179
160 178
160 195
160 180
161 190
161 193
161 177
161 162
161 186
161 176
161 170
161 174
161 184
161 164
161 181
161 167
161 168
161 192
161 179
161 165
161 183
161 185
161 187
161 188
161 191
161 189
161 172
161 196
162 196
162 169
162 177
162 167
162 168
162 163
162 178
162 180
162 199
162 182
162 197
162 191
162 194
162 175
162 181
162 187
163 187
163 184
163 169
163 186
163 172
163 192
163 168
163 199
163 179
163 173
163 164
163 189
163 190
163 176
163 171
163 198
163 191
163 174
163 181
163 177
163 167
163 195
163 175
163 165
163 196
164 177
164 169
164 183
164 192
164 182
164 199
164 176
164 167
164 175
164 165
164 174
164 187
164 196
164 185
164 190
164 179
164 171
164 197
164 191
164 189
164 181
164 173
164 172
164 188
165 169
165 193
165 179
165 172
165 170
165 196
165 171
165 189
165 173
165 185
165 190
165 186
165 180
165 192
165 184
165 178
165 166
165 191
165 199
165 183
165 168
166 190
166 197
166 183
166 176
166 177
166 171
166 189
166 199
166 172
166 174
166 178
166 196
166 167
166 186
166 195
166 168
166 188
166 182
166 175
166 179
166 191
166 173
167 175
167 199
167 179
167 191
167 193
167 190
167 168
167 184
167 181
167 176
167 170
167 171
167 192
167 177
167 196
167 186
167 174
167 172
167 183
167 188
167 198
168 181
168 173
168 186
168 194
168 169
168 185
168 191
168 184
168 171
168 198
168 187
168 199
168 192
168 174
168 178
168 190
168 188
168 182
168 176
168 189
169 170
169 192
169 181
169 183
169 177
169 176
169 189
169 171
169 190
169 195
169 172
169 191
169 173
169 188
169 193
169 187
169 185
169 178
169 196
169 198
169 199
169 184
169 186
170 196
170 185
170 197
170 176
170 193
170 189
170 192
170 177
170 173
170 181
170 191
170 195
170 172
170 184
170 194
170 182
170 178
170 175
170 179
170 188
170 187
170 186
170 171
171 179
171 174
171 186
171 197
171 177
171 195
171 191
171 184
171 188
171 196
171 199
171 173
171 193
171 198
171 194
171 192
172 192
172 180
172 198
172 193
172 174
172 173
172 191
172 199
172 187
172 181
172 196
172 190
172 185
172 177
172 184
173 193
173 195
173 192
173 179
173 177
173 189
173 176
173 182
173 185
173 197
173 180
173 184
173 199
173 194
173 183
174 192
174 178
174 194
174 180
174 176
174 183
174 189
174 195
174 199
174 182
174 196
174 191
174 179
174 193
174 184
174 186
174 187
175 194
175 195
175 182
175 184
175 179
175 197
175 193
175 180
175 192
175 190
175 176
175 183
175 185
175 186
175 187
175 191
176 193
176 180
176 177
176 189
176 178
176 192
176 199
176 196
176 179
176 184
176 190
176 195
177 181
177 182
177 199
177 187
177 196
177 184
177 189
177 180
177 179
177 193
177 195
177 185
177 186
177 198
177 188
177 178
178 196
178 185
178 195
178 188
178 181
178 184
178 179
178 199
178 191
178 197
178 180
178 189
178 182
178 187
179 182
179 191
179 198
179 194
179 183
179 189
179 185
179 180
179 199
179 197
179 195
179 186
180 181
180 198
180 189
180 191
180 186
180 183
180 195
180 193
180 184
180 188
180 199
180 194
180 187
180 182
180 192
180 190
181 193
181 196
181 188
181 182
181 184
181 186
181 194
181 197
181 183
182 195
182 199
182 183
182 196
182 185
182 197
182 184
182 198
182 191
182 193
182 188
182 189
183 191
183 187
183 196
183 190
183 199
183 184
183 195
183 185
183 186
184 195
184 190
184 194
184 188
184 197
184 199
184 198
184 189
184 193
185 192
185 190
185 198
185 194
185 189
185 188
185 195
185 191
186 190
186 191
186 198
186 193
186 189
186 194
186 196
186 187
186 195
187 189
187 196
187 191
187 198
187 195
187 192
187 199
187 197
187 194
187 193
188 195
188 193
188 190
188 198
188 192
188 194
189 197
189 194
189 191
189 193
189 190
190 191
190 192
190 194
190 196
190 195
190 193
191 193
191 194
191 192
191 196
192 193
192 195
192 194
192 196
192 197
193 195
193 194
193 198
193 197
194 196
194 197
194 195
194 198
195 199
195 196
195 197
197 198
