0 1
0 2
0 3
0 45
0 58
0 88
0 149
0 51
0 65
0 174
0 138
0 153
0 199
0 117
0 36
0 101
0 87
0 61
0 35
0 179
0 64
0 8
0 81
0 19
0 42
0 189
0 169
0 145
0 132
0 90
0 194
0 107
0 75
0 27
0 165
0 155
0 40
0 69
0 24
0 130
0 55
0 83
0 154
0 108
0 144
0 197
0 31
0 196
0 79
0 120
0 168
0 70
0 50
0 49
0 96
0 148
0 146
0 191
0 195
0 140
0 126
0 59
0 94
0 172
0 116
0 173
0 181
0 135
0 136
0 53
0 139
0 85
0 114
0 80
0 157
0 121
0 98
0 113
0 47
0 57
0 71
0 164
0 29
0 89
0 110
0 198
0 18
0 37
0 122
0 182
0 159
0 142
0 17
0 109
0 176
0 111
0 74
0 100
1 6
1 76
1 108
1 148
1 142
1 77
1 51
1 189
1 89
1 106
1 140
1 98
1 91
1 181
1 194
1 38
1 14
1 80
1 82
1 191
1 43
1 193
1 163
1 145
1 83
1 156
1 104
1 105
1 197
1 22
1 25
1 69
1 56
1 155
1 40
1 44
1 9
1 63
1 117
1 153
1 34
1 66
1 48
1 186
1 101
1 16
1 141
1 110
1 121
1 169
1 84
1 57
1 33
1 130
1 45
1 116
1 20
1 97
1 162
1 133
1 2
1 199
1 68
1 17
1 170
1 128
1 55
1 18
1 21
1 85
1 90
1 42
1 139
1 149
1 131
1 49
1 103
1 135
1 167
1 5
1 87
1 79
1 111
1 192
1 176
1 183
1 147
1 4
1 3
1 107
1 81
1 160
1 30
1 19
1 29
1 50
1 187
1 73
1 198
2 4
2 21
2 26
2 106
2 139
2 117
2 185
2 168
2 82
2 56
2 193
2 115
2 65
2 188
2 133
2 85
2 11
2 176
2 13
2 156
2 116
2 96
2 59
2 34
2 41
2 73
2 154
2 109
2 105
2 7
2 137
2 111
2 31
2 62
2 196
2 171
2 15
2 169
2 60
2 51
2 167
2 33
2 49
2 122
2 121
2 61
2 128
2 16
2 186
2 120
2 140
2 20
2 91
2 19
2 101
2 112
2 44
2 187
2 53
2 36
2 42
2 170
2 83
2 197
2 197
2 93
2 48
2 80
2 12
2 157
2 160
2 86
2 72
2 8
2 130
2 58
2 29
2 40
2 107
2 35
2 162
2 134
2 32
2 119
2 54
2 174
2 100
2 143
2 138
2 68
2 148
2 98
2 97
2 159
2 47
2 175
2 63
2 131
2 129
2 69
2 198
2 43
2 28
2 52
2 127
2 195
3 5
3 13
3 17
3 18
3 35
3 43
3 182
3 183
3 65
3 127
3 94
3 111
3 144
3 116
3 71
3 27
3 187
3 93
3 24
3 193
3 37
3 44
3 20
3 192
3 168
3 21
3 15
3 146
3 84
3 6
3 125
3 166
3 167
3 172
3 38
3 79
3 100
3 63
3 154
3 162
3 51
3 174
3 59
3 23
3 138
3 184
3 95
3 101
3 145
3 196
3 46
3 12
3 82
3 123
3 54
3 108
3 92
3 117
3 88
3 34
3 153
3 31
3 80
3 177
3 99
3 175
3 48
3 90
3 33
3 74
3 113
3 68
3 75
3 140
3 19
3 73
3 164
3 49
3 87
3 98
3 171
3 103
3 96
3 97
3 85
3 42
3 180
3 152
3 102
3 199
3 61
3 52
3 185
3 189
3 32
3 179
3 169
3 149
3 36
3 47
3 41
3 130
3 39
3 170
3 107
3 55
4 9
4 41
4 47
4 163
4 78
4 89
4 28
4 122
4 170
4 112
4 198
4 81
4 107
4 98
4 181
4 176
4 56
4 21
4 24
4 85
4 196
4 8
4 45
4 143
4 135
4 27
4 31
4 97
4 99
4 144
4 164
4 150
4 195
4 52
4 23
4 140
4 160
4 18
4 177
4 158
4 146
4 84
4 127
4 14
4 100
4 120
4 167
4 71
4 7
4 39
4 68
4 58
4 49
4 115
4 189
4 184
4 15
4 156
4 128
4 187
4 43
4 59
4 180
4 116
4 73
4 149
4 114
4 121
4 126
4 32
4 42
4 109
4 72
4 125
4 186
4 70
4 172
4 34
4 53
4 134
4 123
4 119
4 95
4 171
4 40
4 35
4 117
4 51
4 69
4 174
4 20
4 138
4 5
4 102
4 155
4 10
4 83
4 165
4 30
4 166
4 142
4 133
4 183
4 141
4 94
4 111
4 50
4 19
4 13
4 148
5 34
5 53
5 136
5 176
5 192
5 173
5 96
5 150
5 133
5 100
5 48
5 114
5 8
5 92
5 27
5 187
5 71
5 75
5 155
5 70
5 81
5 132
5 99
5 57
5 130
5 20
5 183
5 6
5 116
5 164
5 60
5 123
5 188
5 16
5 171
5 135
5 168
5 154
5 142
5 28
5 101
5 62
5 9
5 12
5 80
5 131
5 24
5 43
5 85
5 146
5 51
5 121
5 88
5 14
5 103
5 79
5 36
5 91
5 41
5 44
5 177
5 179
5 7
5 10
5 112
5 165
5 78
5 119
5 159
5 98
5 63
5 55
5 143
5 193
5 72
5 169
5 106
5 174
5 38
5 117
5 83
5 11
5 195
5 95
5 110
5 148
5 161
5 40
5 118
5 120
5 93
5 47
5 199
5 199
5 17
5 184
5 39
5 87
5 86
5 82
5 18
6 7
6 12
6 15
6 59
6 78
6 93
6 129
6 51
6 154
6 141
6 81
6 109
6 36
6 79
6 21
6 8
6 143
6 40
6 55
6 144
6 33
6 49
6 191
6 136
6 126
6 189
6 122
6 46
6 103
6 157
6 28
6 113
6 60
6 63
6 171
6 104
6 135
6 149
6 194
6 14
6 178
6 44
6 18
6 176
6 92
6 134
6 172
6 145
6 177
6 30
6 119
6 96
6 120
6 184
6 62
6 121
6 158
6 16
6 98
6 168
6 106
6 34
6 166
6 173
6 53
6 179
6 77
6 148
6 114
6 174
6 165
6 10
6 199
6 83
6 155
6 48
6 169
6 105
6 147
6 150
6 64
6 198
6 70
6 175
6 112
6 39
6 146
6 68
6 118
6 111
6 94
6 67
6 20
6 85
6 197
6 71
6 161
6 17
6 73
6 163
6 66
6 183
6 192
6 164
6 123
6 50
6 54
6 186
6 42
6 29
6 110
6 57
6 25
6 180
6 138
6 35
6 160
7 8
7 10
7 60
7 87
7 112
7 94
7 78
7 113
7 70
7 101
7 27
7 65
7 158
7 74
7 137
7 47
7 120
7 69
7 85
7 16
7 121
7 109
7 124
7 33
7 13
7 185
7 194
7 194
7 75
7 155
7 48
7 34
7 12
7 37
7 100
7 118
7 129
7 198
7 140
7 192
7 106
7 86
7 156
7 36
7 91
7 26
7 161
7 150
7 66
7 168
7 182
7 169
7 103
7 136
7 68
7 45
7 32
7 20
7 82
7 139
7 22
7 77
7 42
7 9
7 97
7 131
7 98
7 90
7 130
7 188
7 51
7 81
7 93
7 54
7 153
7 115
7 61
7 63
7 191
7 24
7 83
7 92
7 57
7 40
7 157
7 89
7 111
7 99
7 53
7 43
7 135
7 138
7 178
7 199
7 116
7 17
7 147
7 95
7 62
7 164
7 193
7 179
7 23
7 175
7 56
7 30
7 167
7 166
7 176
7 41
7 183
7 108
7 39
7 105
8 11
8 46
8 117
8 193
8 193
8 129
8 86
8 133
8 143
8 105
8 113
8 82
8 184
8 122
8 128
8 85
8 87
8 174
8 167
8 16
8 103
8 18
8 45
8 127
8 180
8 111
8 116
8 13
8 182
8 166
8 75
8 176
8 83
8 74
8 41
8 95
8 97
8 147
8 161
8 107
8 188
8 9
8 196
8 37
8 88
8 153
8 94
8 162
8 156
8 50
8 165
8 175
8 24
8 124
8 32
8 154
8 155
8 120
8 65
8 39
8 61
8 23
8 66
8 130
8 194
8 22
8 142
8 17
8 99
8 69
8 146
8 40
8 20
8 189
8 115
8 114
8 56
8 150
8 179
8 152
8 25
8 108
8 36
8 19
8 177
8 151
8 101
8 80
8 197
8 140
8 164
8 35
8 92
8 186
8 171
8 123
8 90
8 199
9 64
9 75
9 43
9 55
9 127
9 117
9 188
9 74
9 104
9 179
9 191
9 115
9 99
9 71
9 14
9 56
9 13
9 90
9 134
9 67
9 151
9 126
9 39
9 65
9 19
9 88
9 181
9 61
9 121
9 149
9 29
9 42
9 120
9 101
9 15
9 12
9 49
9 159
9 69
9 193
9 177
9 111
9 147
9 78
9 185
9 108
9 62
9 84
9 45
9 114
9 51
9 93
9 70
9 66
9 18
9 24
9 129
9 123
9 122
9 116
9 102
9 168
9 87
9 183
9 60
9 30
9 131
9 52
9 34
9 161
9 72
9 167
9 124
9 163
9 169
9 48
9 198
9 37
9 40
9 96
9 119
9 172
9 197
9 182
9 153
9 187
9 170
9 98
9 184
9 50
9 16
9 162
9 113
9 63
9 164
9 178
9 73
9 25
9 176
9 156
9 143
9 31
9 10
9 58
9 132
9 158
9 140
10 14
10 29
10 42
10 74
10 46
10 154
10 56
10 52
10 169
10 152
10 99
10 194
10 148
10 178
10 87
10 20
10 96
10 43
10 73
10 19
10 31
10 28
10 11
10 108
10 81
10 119
10 95
10 60
10 100
10 83
10 37
10 160
10 103
10 32
10 193
10 172
10 120
10 75
10 41
10 106
10 16
10 54
10 142
10 86
10 179
10 80
10 141
10 170
10 122
10 132
10 65
10 35
10 66
10 25
10 77
10 183
10 168
10 39
10 18
10 129
10 34
10 98
10 113
10 88
10 167
10 91
10 187
10 146
10 70
10 164
10 57
10 131
10 185
10 185
10 89
10 171
10 123
10 124
10 111
10 105
10 180
10 84
10 36
10 44
10 147
10 150
10 133
10 94
10 48
10 67
10 163
10 55
10 53
10 199
10 24
10 69
10 184
10 21
10 114
10 157
10 145
10 188
10 130
10 112
10 17
11 57
11 73
11 190
11 76
11 89
11 111
11 24
11 54
11 21
11 110
11 16
11 46
11 165
11 90
11 125
11 134
11 98
11 162
11 75
11 33
11 17
11 186
11 56
11 31
11 43
11 96
11 38
11 192
11 105
11 177
11 177
11 157
11 150
11 141
11 68
11 107
11 101
11 51
11 120
11 70
11 26
11 100
11 116
11 196
11 135
11 32
11 12
11 174
11 153
11 132
11 195
11 86
11 39
11 37
11 155
11 182
11 168
11 171
11 78
11 148
11 167
11 99
11 117
11 152
11 66
11 29
11 109
11 67
11 144
11 198
11 114
11 140
11 193
11 80
11 123
11 199
11 131
11 45
11 35
11 104
11 136
11 27
11 112
11 147
11 121
11 53
11 129
11 164
11 127
11 149
11 161
11 93
11 83
11 159
11 63
11 146
11 65
11 189
11 69
11 187
11 176
11 115
11 122
11 41
11 160
11 58
12 24
12 48
12 158
12 86
12 190
12 58
12 144
12 145
12 133
12 121
12 189
12 128
12 130
12 126
12 137
12 195
12 56
12 109
12 113
12 101
12 138
12 82
12 129
12 53
12 64
12 20
12 89
12 152
12 197
12 15
12 168
12 168
12 61
12 43
12 154
12 65
12 45
12 71
12 42
12 36
12 114
12 63
12 95
12 66
12 161
12 180
12 83
12 72
12 44
12 176
12 49
12 159
12 147
12 173
12 57
12 13
12 102
12 160
12 196
12 127
12 184
12 105
12 104
12 31
12 153
12 199
12 67
12 111
12 93
12 90
12 166
12 77
12 73
12 143
12 136
12 142
12 182
12 81
12 29
12 33
12 70
12 131
12 21
12 35
12 47
12 116
12 148
12 174
12 38
12 41
12 139
13 142
13 159
13 171
13 185
13 135
13 23
13 31
13 75
13 177
13 89
13 41
13 199
13 19
13 62
13 163
13 81
13 174
13 179
13 71
13 170
13 172
13 56
13 182
13 190
13 120
13 153
13 122
13 173
13 95
13 140
13 34
13 152
13 17
13 116
13 29
13 184
13 143
13 65
13 79
13 97
13 74
13 87
13 35
13 138
13 59
13 44
13 63
13 27
13 102
13 193
13 33
13 167
13 131
13 58
13 134
13 128
13 16
13 53
13 183
13 51
13 157
13 100
13 70
13 26
13 49
13 36
13 37
13 125
13 68
13 57
13 66
13 43
13 106
13 60
13 149
13 110
13 194
13 94
13 186
13 148
13 84
13 112
13 156
13 111
13 158
13 161
13 147
13 98
13 14
13 73
13 127
13 92
13 124
13 69
13 93
13 191
13 155
13 103
13 113
14 71
14 126
14 161
14 179
14 25
14 133
14 43
14 175
14 185
14 186
14 138
14 192
14 131
14 91
14 88
14 118
14 63
14 56
14 125
14 34
14 67
14 83
14 38
14 117
14 76
14 98
14 163
14 132
14 24
14 189
14 82
14 187
14 45
14 81
14 69
14 188
14 89
14 87
14 92
14 152
14 191
14 191
14 20
14 72
14 166
14 26
14 148
14 40
14 66
14 195
14 165
14 160
14 36
14 182
14 77
14 147
14 136
14 144
14 110
14 74
14 97
14 197
14 149
14 141
14 171
14 108
14 96
14 123
14 106
14 62
14 122
14 114
14 137
14 41
14 109
14 176
14 194
14 68
14 115
14 94
14 84
14 42
14 105
14 174
14 59
14 17
14 116
14 159
14 196
14 157
14 130
14 16
14 80
14 29
14 178
14 120
14 151
14 100
14 93
14 37
14 39
15 16
15 22
15 67
15 175
15 175
15 120
15 157
15 24
15 168
15 149
15 145
15 118
15 138
15 178
15 95
15 61
15 94
15 137
15 98
15 27
15 48
15 171
15 183
15 75
15 131
15 193
15 103
15 86
15 101
15 111
15 23
15 106
15 182
15 140
15 107
15 139
15 41
15 109
15 198
15 187
15 46
15 66
15 191
15 84
15 176
15 31
15 188
15 156
15 58
15 19
15 76
15 50
15 130
15 172
15 62
15 65
15 90
15 87
15 166
15 55
15 150
15 88
15 105
15 100
15 64
15 38
15 190
15 185
15 29
15 192
15 40
15 72
15 121
15 92
15 141
15 124
15 163
15 186
15 28
15 79
15 117
15 143
15 30
15 170
15 25
15 99
15 82
15 53
15 169
15 195
15 71
15 184
15 26
15 110
15 77
15 81
15 125
15 152
15 155
15 135
15 151
15 97
15 69
15 59
15 51
15 57
16 23
16 61
16 111
16 141
16 56
16 55
16 155
16 125
16 19
16 122
16 131
16 17
16 79
16 127
16 106
16 166
16 62
16 52
16 138
16 97
16 158
16 176
16 93
16 107
16 165
16 48
16 184
16 143
16 89
16 194
16 113
16 151
16 38
16 51
16 47
16 156
16 128
16 41
16 94
16 91
16 177
16 75
16 112
16 160
16 40
16 146
16 139
16 157
16 136
16 36
16 192
16 70
16 32
16 198
16 196
16 103
16 71
16 135
16 102
16 150
16 199
16 133
16 169
16 81
16 54
16 88
16 50
16 191
16 82
16 34
16 46
16 58
16 28
16 35
16 134
16 179
16 172
16 129
16 45
16 95
16 27
16 173
16 18
16 115
16 68
16 104
16 85
16 101
16 43
16 126
16 33
16 30
16 22
16 69
16 21
16 130
16 181
16 67
16 149
16 117
17 19
17 20
17 192
17 190
17 108
17 103
17 31
17 100
17 36
17 81
17 90
17 29
17 183
17 164
17 191
17 163
17 55
17 96
17 123
17 62
17 65
17 98
17 54
17 126
17 119
17 32
17 59
17 82
17 27
17 88
17 177
17 173
17 48
17 189
17 176
17 161
17 18
17 22
17 42
17 21
17 198
17 41
17 150
17 134
17 175
17 107
17 115
17 87
17 30
17 160
17 97
17 194
17 166
17 128
17 116
17 79
17 144
17 186
17 44
17 185
17 133
17 33
17 77
17 28
17 184
17 23
17 104
17 181
17 181
17 24
17 64
17 120
17 102
17 60
17 35
17 76
17 156
17 143
17 105
17 40
17 111
17 99
17 89
17 53
17 129
17 83
17 78
17 179
17 57
17 195
17 182
17 75
17 196
17 51
17 187
17 153
17 56
17 148
17 165
17 136
17 91
17 68
17 26
17 124
17 168
17 125
17 137
17 66
17 73
17 49
17 50
17 61
17 71
17 69
18 27
18 68
18 104
18 79
18 187
18 178
18 164
18 199
18 153
18 84
18 34
18 125
18 50
18 159
18 88
18 103
18 70
18 46
18 147
18 131
18 165
18 19
18 119
18 174
18 69
18 144
18 73
18 193
18 126
18 116
18 190
18 140
18 138
18 110
18 124
18 106
18 38
18 74
18 132
18 113
18 37
18 62
18 158
18 162
18 54
18 80
18 35
18 96
18 48
18 186
18 64
18 183
18 185
18 60
18 87
18 123
18 83
18 135
18 32
18 137
18 171
18 171
18 109
18 66
18 58
18 55
18 181
18 20
18 105
18 182
18 150
18 101
18 136
18 53
18 90
18 169
18 184
18 134
18 107
18 41
18 139
18 127
18 93
18 194
18 21
18 160
18 122
18 168
18 29
18 49
18 180
18 161
18 71
18 31
18 78
19 28
19 55
19 77
19 129
19 150
19 177
19 80
19 195
19 176
19 110
19 88
19 165
19 61
19 152
19 37
19 35
19 127
19 111
19 82
19 117
19 184
19 171
19 121
19 107
19 180
19 64
19 192
19 163
19 186
19 148
19 43
19 102
19 169
19 169
19 106
19 93
19 168
19 71
19 193
19 125
19 52
19 38
19 173
19 157
19 161
19 66
19 65
19 44
19 54
19 120
19 95
19 159
19 181
19 153
19 45
19 96
19 132
19 101
19 136
19 124
19 25
19 128
19 113
19 94
19 63
19 196
19 141
19 172
19 182
19 122
19 89
19 112
19 130
19 40
19 100
19 92
19 187
19 108
19 70
19 156
19 109
19 160
19 151
19 42
19 178
19 154
19 79
19 139
19 47
19 185
19 114
19 164
19 138
19 162
19 197
19 67
19 39
19 174
19 41
19 87
19 56
19 116
19 60
19 118
19 46
19 158
19 133
19 90
19 27
19 36
19 91
19 34
19 166
19 49
19 22
19 99
19 78
20 37
20 48
20 86
20 110
20 46
20 162
20 146
20 154
20 39
20 85
20 175
20 63
20 158
20 80
20 105
20 167
20 95
20 101
20 96
20 53
20 97
20 32
20 179
20 108
20 50
20 166
20 70
20 199
20 120
20 115
20 40
20 163
20 126
20 119
20 25
20 121
20 141
20 66
20 195
20 30
20 165
20 24
20 27
20 193
20 149
20 83
20 112
20 34
20 144
20 36
20 143
20 129
20 185
20 102
20 136
20 103
20 176
20 161
20 181
20 186
20 188
20 92
20 38
20 77
20 43
20 172
20 122
20 134
20 49
20 64
20 183
20 59
20 198
20 88
20 79
20 109
20 69
20 76
20 127
20 26
20 160
20 152
20 78
20 125
20 31
20 65
20 142
20 150
20 107
20 104
20 75
20 140
20 71
20 44
20 159
20 100
20 170
20 170
20 73
20 128
20 22
20 180
20 41
21 40
21 99
21 101
21 121
21 191
21 70
21 34
21 199
21 43
21 55
21 168
21 154
21 25
21 144
21 137
21 187
21 22
21 146
21 49
21 87
21 93
21 151
21 196
21 54
21 36
21 61
21 57
21 95
21 23
21 143
21 135
21 181
21 32
21 179
21 148
21 166
21 153
21 48
21 104
21 186
21 80
21 134
21 41
21 124
21 126
21 84
21 119
21 161
21 139
21 194
21 158
21 162
21 52
21 74
21 96
21 123
21 197
21 125
21 90
21 68
21 72
21 129
21 102
21 156
21 142
21 97
21 39
21 155
21 89
21 136
21 164
21 51
21 65
21 172
21 150
21 183
21 163
21 106
21 188
21 145
21 82
21 147
21 167
21 56
21 112
21 169
21 171
21 193
21 92
21 178
21 37
21 44
21 173
21 94
21 75
21 180
21 120
21 88
21 157
21 198
21 28
22 32
22 50
22 109
22 121
22 103
22 51
22 113
22 37
22 33
22 191
22 34
22 55
22 166
22 45
22 157
22 23
22 81
22 63
22 41
22 126
22 38
22 167
22 167
22 83
22 85
22 127
22 43
22 124
22 131
22 177
22 139
22 84
22 148
22 181
22 74
22 141
22 161
22 26
22 189
22 134
22 142
22 123
22 130
22 30
22 52
22 125
22 193
22 120
22 59
22 192
22 187
22 67
22 170
22 190
22 93
22 158
22 101
22 165
22 185
22 164
22 86
22 153
22 168
22 28
22 77
22 147
22 163
22 100
22 87
22 196
22 129
22 75
22 197
22 48
22 106
22 95
22 117
22 140
22 56
22 151
22 78
22 128
22 88
22 178
22 118
22 175
22 133
22 46
22 182
22 132
22 73
22 145
22 60
22 54
22 195
22 138
22 82
23 103
23 106
23 167
23 170
23 134
23 97
23 148
23 24
23 67
23 31
23 145
23 125
23 185
23 84
23 163
23 100
23 108
23 164
23 75
23 197
23 128
23 27
23 178
23 121
23 154
23 96
23 43
23 35
23 186
23 52
23 117
23 99
23 101
23 33
23 73
23 26
23 141
23 87
23 127
23 147
23 194
23 93
23 156
23 161
23 175
23 195
23 173
23 80
23 94
23 190
23 120
23 191
23 150
23 151
23 71
23 157
23 166
23 51
23 76
23 81
23 189
23 56
23 122
23 41
23 48
23 104
23 72
23 110
23 113
23 25
23 149
23 193
23 102
23 86
23 188
23 79
23 55
23 158
23 131
23 107
23 130
23 74
23 109
23 139
23 142
23 165
23 165
23 172
23 62
23 115
23 116
23 199
23 49
23 82
23 38
23 32
23 152
23 137
23 192
23 36
24 25
24 70
24 97
24 61
24 81
24 35
24 192
24 100
24 66
24 83
24 181
24 92
24 114
24 126
24 71
24 76
24 59
24 47
24 89
24 93
24 74
24 40
24 152
24 111
24 155
24 106
24 130
24 37
24 91
24 193
24 99
24 120
24 132
24 194
24 121
24 135
24 122
24 90
24 94
24 149
24 159
24 39
24 162
24 123
24 138
24 174
24 108
24 143
24 141
24 88
24 46
24 60
24 98
24 82
24 103
24 105
24 102
24 148
24 177
24 164
24 42
24 67
24 34
24 134
24 31
24 36
24 139
24 29
24 79
24 53
24 65
24 78
24 195
24 176
24 173
24 112
24 133
24 26
24 184
24 197
24 187
24 150
24 113
24 171
24 167
24 52
24 128
24 104
24 33
24 178
24 142
24 27
24 64
24 170
24 196
24 169
24 144
24 69
24 129
24 50
24 127
24 55
24 118
24 199
24 107
24 51
24 101
24 58
24 115
24 49
24 191
25 33
25 165
25 139
25 140
25 119
25 131
25 153
25 72
25 84
25 143
25 85
25 122
25 114
25 163
25 170
25 181
25 100
25 160
25 44
25 67
25 133
25 195
25 64
25 96
25 109
25 71
25 81
25 196
25 73
25 118
25 50
25 177
25 97
25 173
25 77
25 194
25 31
25 68
25 45
25 184
25 128
25 46
25 99
25 171
25 150
25 53
25 106
25 32
25 148
25 183
25 192
25 151
25 63
25 54
25 58
25 38
25 60
25 94
25 125
25 149
25 70
25 176
25 180
25 93
25 152
25 79
25 83
25 26
25 34
25 80
25 65
25 89
25 193
25 147
25 116
25 168
25 39
25 175
25 29
25 86
25 135
25 123
25 141
25 27
25 49
25 41
25 158
25 136
25 126
25 111
26 30
26 130
26 190
26 147
26 177
26 72
26 49
26 134
26 74
26 158
26 172
26 42
26 40
26 114
26 162
26 192
26 35
26 94
26 98
26 53
26 199
26 115
26 89
26 168
26 109
26 79
26 153
26 34
26 116
26 103
26 105
26 84
26 121
26 104
26 128
26 107
26 102
26 54
26 108
26 112
26 59
26 120
26 144
26 135
26 161
26 146
26 67
26 126
26 176
26 66
26 69
26 57
26 27
26 47
26 31
26 36
26 87
26 131
26 155
26 101
26 37
26 142
26 183
26 182
26 197
26 187
26 88
26 62
26 76
26 152
26 163
26 50
26 171
26 132
26 160
26 156
26 71
26 83
26 143
26 86
26 148
26 173
26 52
26 48
26 186
26 181
26 119
26 85
26 44
26 100
26 124
26 75
26 127
26 99
26 33
26 169
26 157
26 165
26 38
26 188
27 79
27 131
27 155
27 182
27 48
27 44
27 156
27 171
27 58
27 109
27 197
27 100
27 83
27 167
27 178
27 108
27 154
27 75
27 172
27 119
27 113
27 138
27 135
27 57
27 117
27 104
27 70
27 66
27 84
27 77
27 85
27 116
27 128
27 92
27 112
27 33
27 28
27 46
27 151
27 107
27 38
27 30
27 78
27 121
27 193
27 45
27 71
27 147
27 29
27 159
27 96
27 87
27 98
27 114
27 153
27 89
27 184
27 143
27 146
27 73
27 169
27 51
27 132
27 88
27 118
27 97
27 149
27 69
27 86
27 110
27 139
27 137
27 176
27 31
27 183
27 160
27 129
27 54
27 76
27 170
27 52
27 123
27 74
27 148
27 145
28 52
28 65
28 177
28 79
28 43
28 175
28 160
28 156
28 83
28 32
28 190
28 38
28 98
28 102
28 159
28 36
28 120
28 33
28 47
28 147
28 85
28 63
28 39
28 101
28 133
28 110
28 157
28 70
28 145
28 170
28 66
28 112
28 134
28 132
28 87
28 89
28 84
28 144
28 162
28 162
28 166
28 90
28 179
28 91
28 152
28 74
28 169
28 142
28 103
28 51
28 167
28 29
28 149
28 62
28 186
28 138
28 192
28 119
28 140
28 137
28 71
28 48
28 126
28 77
28 180
28 88
28 31
28 113
28 86
28 82
28 191
28 50
28 195
28 176
28 105
28 41
28 60
28 114
28 127
28 129
28 80
28 155
28 106
28 171
28 196
28 130
28 64
28 143
28 61
28 153
28 189
28 164
28 194
28 117
29 36
29 62
29 42
29 74
29 89
29 81
29 116
29 114
29 108
29 117
29 170
29 113
29 68
29 149
29 194
29 38
29 193
29 64
29 110
29 109
29 155
29 123
29 185
29 100
29 118
29 172
29 187
29 44
29 52
29 71
29 186
29 178
29 177
29 189
29 143
29 106
29 37
29 90
29 136
29 47
29 122
29 119
29 61
29 73
29 199
29 102
29 49
29 70
29 107
29 157
29 96
29 150
29 80
29 159
29 59
29 66
29 33
29 85
29 175
29 104
29 163
29 163
29 105
29 30
29 93
29 182
29 139
29 176
29 53
29 82
29 197
29 195
29 158
29 54
29 128
29 77
29 166
29 165
29 142
29 63
29 162
29 48
29 169
29 191
29 75
29 147
29 78
29 167
29 140
29 76
29 129
29 126
29 40
29 127
29 144
29 138
29 181
30 31
30 134
30 158
30 160
30 128
30 38
30 39
30 45
30 197
30 98
30 145
30 102
30 127
30 184
30 90
30 51
30 121
30 131
30 73
30 71
30 129
30 89
30 122
30 146
30 117
30 66
30 132
30 139
30 141
30 83
30 113
30 192
30 165
30 196
30 180
30 120
30 148
30 107
30 43
30 32
30 167
30 41
30 138
30 183
30 124
30 94
30 140
30 188
30 199
30 88
30 112
30 114
30 157
30 34
30 77
30 55
30 185
30 151
30 163
30 86
30 62
30 33
30 61
30 111
30 91
30 164
30 67
30 153
30 106
30 101
30 175
30 105
30 35
30 104
30 191
30 50
30 68
30 79
30 136
30 65
30 150
30 155
30 181
30 110
30 53
31 38
31 81
31 199
31 153
31 122
31 116
31 171
31 114
31 37
31 151
31 50
31 188
31 59
31 137
31 73
31 115
31 169
31 128
31 96
31 105
31 160
31 160
31 86
31 41
31 157
31 77
31 136
31 66
31 60
31 163
31 191
31 67
31 91
31 158
31 125
31 167
31 93
31 32
31 149
31 98
31 175
31 51
31 64
31 189
31 121
31 45
31 156
31 56
31 154
31 36
31 198
31 130
31 89
31 134
31 111
31 140
31 173
31 101
31 146
31 118
31 179
31 127
31 54
31 168
31 40
31 187
31 135
31 109
31 166
31 155
31 52
31 196
31 63
31 174
31 144
31 181
31 55
31 80
31 62
31 138
31 102
31 172
31 97
31 85
31 176
31 34
31 78
31 107
31 69
31 142
32 137
32 114
32 46
32 180
32 72
32 70
32 178
32 117
32 33
32 165
32 164
32 170
32 171
32 141
32 68
32 153
32 136
32 64
32 119
32 186
32 127
32 143
32 60
32 113
32 71
32 89
32 184
32 179
32 73
32 183
32 146
32 91
32 150
32 192
32 140
32 124
32 155
32 110
32 63
32 94
32 77
32 42
32 198
32 161
32 161
32 172
32 101
32 39
32 158
32 69
32 197
32 108
32 45
32 129
32 151
32 102
32 139
32 56
32 65
32 76
32 90
32 132
32 62
32 79
32 122
32 105
32 53
32 173
32 34
32 138
32 193
32 106
32 162
32 37
32 148
32 111
32 181
32 177
32 48
32 96
32 116
32 190
32 188
32 61
32 144
32 182
32 120
32 125
32 58
32 98
32 134
32 84
32 176
32 88
32 194
32 47
32 49
32 38
32 168
32 52
33 56
33 114
33 189
33 165
33 196
33 87
33 71
33 180
33 158
33 187
33 191
33 155
33 146
33 36
33 149
33 148
33 198
33 38
33 151
33 162
33 68
33 192
33 156
33 98
33 183
33 90
33 167
33 129
33 49
33 154
33 96
33 65
33 128
33 41
33 172
33 173
33 42
33 143
33 88
33 171
33 118
33 52
33 51
33 199
33 176
33 123
33 75
33 92
33 157
33 83
33 35
33 135
33 47
33 137
33 55
33 159
33 80
33 63
33 95
33 94
33 106
33 181
33 138
33 108
33 79
33 160
33 139
33 70
33 61
33 102
33 48
33 69
33 100
33 109
33 131
33 133
33 193
33 147
33 64
33 34
33 113
33 104
33 105
33 175
33 101
33 110
33 78
33 124
33 111
33 122
33 130
33 168
34 63
34 124
34 105
34 109
34 108
34 59
34 143
34 129
34 80
34 68
34 53
34 75
34 72
34 159
34 147
34 138
34 91
34 140
34 181
34 154
34 94
34 76
34 47
34 135
34 49
34 120
34 74
34 163
34 165
34 66
34 183
34 197
34 127
34 96
34 37
34 111
34 86
34 160
34 193
34 61
34 117
34 115
34 58
34 170
34 88
34 150
34 78
34 155
34 79
34 192
34 168
34 151
34 148
34 97
34 125
34 139
34 45
34 118
34 166
34 167
34 119
34 98
34 112
34 153
34 39
34 103
34 35
34 116
34 122
34 70
34 157
34 158
34 113
34 41
34 169
34 126
34 190
34 179
34 46
34 173
34 38
34 189
35 45
35 60
35 121
35 139
35 49
35 99
35 38
35 85
35 93
35 154
35 142
35 77
35 150
35 39
35 110
35 165
35 88
35 118
35 184
35 191
35 57
35 153
35 108
35 137
35 105
35 151
35 195
35 188
35 95
35 63
35 82
35 176
35 186
35 156
35 48
35 117
35 69
35 81
35 134
35 122
35 170
35 83
35 104
35 36
35 42
35 162
35 65
35 101
35 123
35 120
35 193
35 161
35 136
35 126
35 79
35 198
35 51
35 158
35 84
35 179
35 131
35 97
35 114
35 91
35 129
35 78
35 149
35 147
35 66
35 159
35 67
35 173
35 50
35 112
35 171
35 116
35 132
35 71
35 146
35 115
35 160
35 145
35 187
35 41
36 39
36 83
36 138
36 50
36 63
36 152
36 135
36 158
36 38
36 103
36 150
36 131
36 142
36 189
36 163
36 90
36 145
36 37
36 95
36 51
36 82
36 186
36 128
36 190
36 47
36 77
36 76
36 156
36 65
36 147
36 84
36 105
36 75
36 166
36 121
36 58
36 59
36 89
36 115
36 130
36 171
36 140
36 44
36 68
36 173
36 67
36 113
36 134
36 66
36 165
36 157
36 188
36 112
36 57
36 98
36 73
36 164
36 109
36 102
36 41
36 196
36 56
36 122
36 60
36 118
36 74
36 99
36 81
36 120
36 64
36 117
36 159
36 136
36 161
36 40
36 119
36 191
36 144
36 167
36 55
36 181
36 79
36 85
36 132
36 187
36 193
36 146
36 96
37 98
37 102
37 127
37 139
37 124
37 184
37 67
37 141
37 38
37 85
37 41
37 58
37 181
37 68
37 112
37 142
37 113
37 198
37 148
37 88
37 152
37 49
37 191
37 52
37 79
37 193
37 175
37 86
37 82
37 76
37 132
37 164
37 40
37 168
37 170
37 158
37 195
37 154
37 194
37 80
37 169
37 84
37 65
37 130
37 122
37 137
37 190
37 45
37 161
37 144
37 166
37 149
37 66
37 63
37 147
37 59
37 81
37 116
37 114
37 64
37 131
37 185
37 143
37 109
37 182
37 50
37 78
37 100
37 56
37 74
37 187
37 135
37 120
37 119
37 108
37 73
37 72
37 105
37 62
37 180
37 106
37 134
37 165
37 87
37 107
37 128
37 99
37 138
37 89
37 101
37 129
37 91
37 75
38 143
38 155
38 95
38 61
38 43
38 44
38 189
38 190
38 50
38 106
38 159
38 152
38 98
38 148
38 151
38 150
38 128
38 114
38 125
38 149
38 115
38 177
38 166
38 107
38 86
38 179
38 181
38 41
38 197
38 175
38 71
38 196
38 79
38 46
38 109
38 147
38 39
38 161
38 64
38 135
38 78
38 180
38 105
38 168
38 156
38 108
38 187
38 69
38 158
38 172
38 120
38 174
38 193
38 195
38 83
38 70
38 132
38 49
38 116
38 160
38 68
38 144
38 133
38 85
38 77
38 99
38 80
38 55
38 118
38 141
38 182
38 53
38 184
38 88
38 66
38 52
38 154
38 194
38 102
38 90
38 130
38 192
39 96
39 87
39 169
39 75
39 190
39 160
39 156
39 168
39 89
39 116
39 186
39 180
39 176
39 77
39 110
39 152
39 182
39 61
39 196
39 127
39 137
39 99
39 199
39 109
39 131
39 65
39 73
39 92
39 104
39 56
39 100
39 74
39 144
39 132
39 145
39 167
39 188
39 142
39 45
39 85
39 192
39 102
39 157
39 84
39 161
39 40
39 194
39 151
39 41
39 44
39 123
39 183
39 193
39 70
39 129
39 88
39 91
39 162
39 59
39 50
39 81
39 48
39 166
39 181
39 177
39 63
39 159
39 159
39 117
39 103
39 66
39 143
39 178
39 179
39 184
39 51
39 83
39 146
39 138
39 111
39 98
39 173
39 49
39 171
39 90
39 125
39 130
39 191
39 72
39 107
39 68
39 105
39 150
39 108
39 149
39 43
39 126
39 54
40 51
40 72
40 90
40 99
40 187
40 154
40 109
40 61
40 134
40 60
40 50
40 59
40 181
40 106
40 191
40 183
40 146
40 120
40 166
40 165
40 113
40 87
40 128
40 160
40 84
40 136
40 150
40 173
40 95
40 82
40 58
40 76
40 144
40 57
40 197
40 147
40 74
40 96
40 180
40 195
40 46
40 104
40 69
40 142
40 79
40 41
40 130
40 162
40 47
40 184
40 152
40 93
40 71
40 185
40 55
40 126
40 63
40 198
40 177
40 107
40 85
40 163
40 119
40 115
40 121
40 178
40 116
40 175
40 124
40 43
40 48
40 143
40 44
40 138
40 137
40 135
40 110
40 105
40 42
40 75
40 188
40 157
40 65
41 119
41 53
41 99
41 154
41 137
41 60
41 171
41 95
41 118
41 47
41 199
41 195
41 184
41 181
41 164
41 162
41 52
41 170
41 69
41 152
41 190
41 92
41 46
41 103
41 58
41 193
41 175
41 54
41 166
41 146
41 86
41 178
41 116
41 117
41 160
41 149
41 133
41 80
41 157
41 144
41 126
41 135
41 43
41 121
41 57
41 131
41 139
41 198
41 128
41 50
41 114
41 72
41 44
41 127
41 79
41 179
41 65
41 129
41 66
41 174
41 168
41 132
41 102
41 108
41 48
41 125
41 165
41 89
41 113
41 145
41 109
41 182
41 101
41 148
41 141
41 163
41 124
41 105
41 185
41 82
41 85
41 150
41 93
41 176
41 51
41 83
41 115
41 161
41 172
41 100
42 44
42 84
42 85
42 124
42 88
42 129
42 162
42 142
42 146
42 65
42 153
42 102
42 45
42 169
42 108
42 83
42 134
42 139
42 59
42 128
42 87
42 155
42 188
42 130
42 47
42 185
42 189
42 178
42 76
42 75
42 174
42 187
42 123
42 172
42 176
42 147
42 181
42 150
42 183
42 180
42 79
42 191
42 137
42 64
42 52
42 148
42 74
42 167
42 179
42 67
42 91
42 46
42 127
42 160
42 90
42 48
42 152
42 145
42 50
42 126
42 194
42 141
42 78
42 115
42 193
42 119
42 159
42 103
42 143
42 63
42 168
42 58
42 80
42 93
42 72
42 94
42 154
42 154
42 118
42 151
42 99
42 77
42 135
42 81
43 196
43 198
43 78
43 163
43 161
43 118
43 194
43 124
43 155
43 116
43 46
43 89
43 85
43 149
43 113
43 122
43 154
43 60
43 173
43 127
43 70
43 135
43 152
43 152
43 184
43 176
43 136
43 63
43 141
43 162
43 197
43 44
43 123
43 128
43 126
43 88
43 104
43 49
43 164
43 94
43 188
43 52
43 182
43 170
43 114
43 172
43 168
43 157
43 97
43 139
43 199
43 159
43 91
43 160
43 82
43 165
43 79
43 148
43 186
43 106
43 180
43 125
43 145
43 171
43 190
43 120
43 87
43 117
43 69
43 151
43 45
43 51
43 103
43 59
43 56
43 64
43 115
43 119
43 100
43 47
43 121
43 80
43 48
43 140
43 57
43 53
44 66
44 70
44 114
44 86
44 127
44 188
44 90
44 176
44 186
44 62
44 87
44 121
44 165
44 123
44 168
44 174
44 162
44 94
44 115
44 147
44 179
44 93
44 59
44 50
44 150
44 137
44 148
44 57
44 187
44 158
44 140
44 96
44 105
44 102
44 91
44 113
44 134
44 117
44 153
44 153
44 198
44 184
44 181
44 106
44 171
44 178
44 194
44 85
44 126
44 109
44 89
44 149
44 92
44 65
44 166
44 175
44 196
44 130
44 84
44 155
44 145
44 144
44 124
44 116
44 159
44 193
44 156
44 72
44 78
44 73
44 63
44 118
44 129
44 45
44 67
44 120
44 163
44 79
44 98
44 82
44 81
44 131
44 103
44 189
44 164
44 125
44 100
45 49
45 80
45 91
45 176
45 160
45 87
45 63
45 98
45 152
45 131
45 95
45 84
45 183
45 171
45 150
45 52
45 187
45 194
45 86
45 78
45 117
45 165
45 115
45 191
45 77
45 64
45 116
45 198
45 118
45 56
45 195
45 190
45 141
45 109
45 168
45 83
45 107
45 128
45 114
45 102
45 167
45 199
45 130
45 188
45 113
45 142
45 89
45 108
45 47
45 173
45 103
45 67
45 155
45 139
45 75
45 46
45 169
45 124
45 140
45 178
45 184
45 122
45 61
45 74
45 88
45 96
45 73
45 164
45 70
45 119
45 93
45 154
45 60
45 121
45 145
45 106
45 50
45 51
45 94
45 101
45 54
45 149
45 149
45 97
45 85
45 72
45 196
45 185
46 89
46 168
46 100
46 54
46 55
46 66
46 118
46 57
46 62
46 73
46 121
46 80
46 82
46 149
46 154
46 120
46 189
46 129
46 190
46 52
46 161
46 93
46 47
46 139
46 134
46 83
46 180
46 142
46 58
46 193
46 111
46 146
46 146
46 181
46 159
46 184
46 194
46 114
46 108
46 158
46 182
46 148
46 144
46 171
46 192
46 61
46 196
46 90
46 51
46 145
46 67
46 152
46 102
46 64
46 71
46 59
46 97
46 162
46 105
46 56
46 156
46 199
46 185
46 96
46 50
46 132
46 167
46 106
46 173
46 63
46 183
46 107
46 123
46 169
46 48
46 131
46 128
46 136
46 165
46 122
46 74
46 117
46 197
46 126
46 53
46 164
47 54
47 94
47 144
47 49
47 109
47 71
47 89
47 114
47 160
47 69
47 166
47 151
47 105
47 118
47 194
47 178
47 193
47 187
47 135
47 132
47 141
47 90
47 87
47 92
47 99
47 125
47 62
47 84
47 149
47 67
47 145
47 115
47 147
47 147
47 131
47 172
47 64
47 70
47 77
47 164
47 79
47 174
47 199
47 113
47 182
47 130
47 117
47 48
47 96
47 197
47 106
47 188
47 167
47 119
47 103
47 159
47 175
47 195
47 78
47 76
47 162
47 158
47 51
47 150
47 111
47 61
47 104
47 122
47 189
47 74
47 52
47 56
47 184
47 133
47 177
47 58
47 142
47 116
47 176
47 156
47 129
47 126
47 169
47 140
47 100
47 123
47 190
48 152
48 189
48 187
48 165
48 65
48 95
48 113
48 90
48 119
48 199
48 110
48 84
48 144
48 66
48 68
48 58
48 49
48 174
48 138
48 140
48 101
48 133
48 59
48 107
48 188
48 160
48 163
48 93
48 60
48 125
48 141
48 158
48 193
48 73
48 173
48 117
48 69
48 120
48 96
48 99
48 104
48 123
48 185
48 161
48 124
48 162
48 175
48 154
48 98
48 198
48 122
48 156
48 176
48 129
48 194
48 137
48 67
48 72
48 77
48 139
48 168
48 190
48 151
48 89
48 109
48 155
48 145
48 169
48 106
48 150
48 112
48 146
48 54
48 76
48 83
48 127
48 87
48 50
48 97
48 108
48 171
48 86
48 100
48 183
48 192
48 56
48 132
48 166
48 164
49 192
49 132
49 144
49 173
49 64
49 91
49 138
49 63
49 65
49 158
49 86
49 170
49 69
49 196
49 80
49 151
49 164
49 171
49 98
49 100
49 197
49 54
49 109
49 60
49 188
49 140
49 141
49 146
49 136
49 182
49 117
49 115
49 106
49 76
49 97
49 71
49 85
49 55
49 59
49 58
49 121
49 93
49 147
49 172
49 51
49 165
49 157
49 162
49 131
49 99
49 161
49 84
49 160
49 90
49 87
49 89
49 105
49 166
49 175
49 88
49 126
49 101
49 181
49 82
49 183
49 186
49 139
49 68
49 72
49 113
49 118
49 153
49 103
49 92
49 52
49 148
49 129
49 198
49 120
49 180
49 112
49 119
50 149
50 97
50 86
50 167
50 173
50 66
50 60
50 68
50 81
50 189
50 131
50 89
50 141
50 70
50 104
50 109
50 90
50 79
50 151
50 179
50 73
50 139
50 188
50 120
50 136
50 71
50 83
50 192
50 121
50 172
50 93
50 132
50 80
50 112
50 123
50 100
50 84
50 91
50 63
50 160
50 98
50 85
50 198
50 181
50 185
50 57
50 174
50 178
50 169
50 133
50 142
50 59
50 56
50 191
50 140
50 105
50 65
50 64
50 154
50 115
50 183
50 76
50 67
50 127
50 103
50 153
50 171
50 130
50 125
50 72
50 168
50 199
50 177
50 176
50 190
50 54
50 82
50 158
50 135
50 182
50 146
50 159
51 95
51 107
51 188
51 167
51 117
51 69
51 195
51 140
51 116
51 91
51 162
51 127
51 194
51 153
51 183
51 104
51 186
51 144
51 161
51 191
51 193
51 113
51 94
51 174
51 106
51 80
51 68
51 166
51 152
51 150
51 55
51 131
51 90
51 114
51 72
51 85
51 108
51 128
51 135
51 65
51 187
51 136
51 129
51 87
51 110
51 122
51 184
51 64
51 146
51 118
51 58
51 197
51 123
51 119
51 147
51 151
51 71
51 142
51 86
51 169
51 158
51 61
51 73
51 59
51 93
51 179
51 172
51 165
51 57
51 156
51 145
51 145
51 126
51 159
51 63
51 154
51 155
51 173
51 89
51 62
51 133
51 138
51 103
51 189
51 84
51 149
51 137
52 69
52 82
52 188
52 190
52 112
52 96
52 187
52 175
52 95
52 118
52 56
52 142
52 113
52 110
52 176
52 66
52 78
52 76
52 75
52 57
52 120
52 53
52 146
52 84
52 144
52 128
52 87
52 179
52 139
52 183
52 107
52 170
52 117
52 122
52 186
52 150
52 184
52 116
52 89
52 162
52 99
52 62
52 108
52 191
52 97
52 105
52 153
52 106
52 68
52 148
52 140
52 192
52 177
52 123
52 155
52 73
52 126
52 149
52 182
52 65
52 163
52 180
52 171
52 94
52 125
52 111
52 169
52 129
52 166
52 54
52 195
52 61
52 109
52 167
52 64
52 81
52 158
52 164
52 156
52 102
52 74
53 178
53 195
53 81
53 82
53 168
53 151
53 153
53 109
53 140
53 97
53 191
53 68
53 75
53 169
53 131
53 165
53 58
53 84
53 71
53 66
53 181
53 111
53 132
53 175
53 158
53 189
53 89
53 133
53 145
53 199
53 101
53 197
53 180
53 98
53 159
53 106
53 90
53 164
53 78
53 107
53 152
53 138
53 56
53 143
53 160
53 129
53 156
53 146
53 94
53 115
53 150
53 117
53 137
53 95
53 93
53 103
53 64
53 139
53 114
53 72
53 149
53 157
53 134
53 55
53 147
53 135
53 172
53 85
53 73
53 124
53 76
53 126
53 121
53 185
54 68
54 191
54 196
54 130
54 69
54 81
54 137
54 125
54 94
54 156
54 100
54 145
54 149
54 109
54 136
54 187
54 140
54 140
54 90
54 124
54 83
54 74
54 175
54 162
54 80
54 188
54 161
54 157
54 95
54 115
54 127
54 111
54 56
54 63
54 119
54 70
54 96
54 153
54 92
54 79
54 75
54 170
54 174
54 135
54 93
54 179
54 184
54 154
54 144
54 65
54 59
54 148
54 160
54 89
54 67
54 85
54 163
54 76
54 107
54 112
54 99
54 77
54 82
54 108
54 131
54 121
54 123
54 150
54 152
54 199
54 190
54 122
54 97
54 194
54 78
54 168
54 101
54 120
54 133
54 66
54 105
54 129
55 110
55 123
55 140
55 70
55 143
55 151
55 118
55 158
55 129
55 198
55 92
55 64
55 111
55 164
55 89
55 132
55 131
55 131
55 168
55 97
55 191
55 172
55 104
55 79
55 153
55 169
55 81
55 56
55 100
55 75
55 74
55 76
55 180
55 148
55 177
55 62
55 82
55 91
55 78
55 128
55 117
55 156
55 141
55 171
55 130
55 187
55 188
55 116
55 86
55 137
55 103
55 182
55 68
55 136
55 96
55 57
55 175
55 167
55 144
55 125
55 176
55 155
55 154
55 101
55 66
55 157
55 165
55 163
55 120
55 73
55 173
55 72
55 109
55 106
56 164
56 117
56 177
56 171
56 102
56 126
56 172
56 125
56 112
56 182
56 186
56 87
56 190
56 175
56 197
56 131
56 185
56 77
56 76
56 114
56 66
56 187
56 198
56 132
56 173
56 94
56 60
56 61
56 58
56 196
56 123
56 137
56 165
56 168
56 91
56 118
56 163
56 162
56 59
56 73
56 191
56 194
56 92
56 101
56 153
56 127
56 174
56 149
56 147
56 81
56 154
56 78
56 105
56 103
56 141
56 184
56 189
56 65
56 199
56 135
56 169
56 98
56 179
56 67
56 96
56 152
56 104
56 80
56 128
56 75
56 158
56 109
56 88
56 188
56 148
56 145
56 62
56 142
56 142
56 139
56 140
56 181
56 178
57 137
57 163
57 124
57 87
57 66
57 97
57 170
57 135
57 130
57 167
57 127
57 177
57 183
57 90
57 123
57 78
57 169
57 148
57 187
57 178
57 69
57 140
57 193
57 114
57 191
57 115
57 67
57 154
57 64
57 61
57 121
57 138
57 138
57 86
57 192
57 180
57 76
57 147
57 152
57 107
57 68
57 185
57 109
57 139
57 198
57 89
57 101
57 156
57 164
57 111
57 133
57 190
57 74
57 104
57 149
57 181
57 153
57 82
57 58
57 197
57 125
57 116
57 142
57 92
57 174
57 100
57 59
57 195
57 119
57 184
57 106
58 111
58 170
58 131
58 157
58 109
58 177
58 190
58 78
58 193
58 105
58 60
58 174
58 164
58 151
58 158
58 167
58 70
58 130
58 133
58 59
58 71
58 88
58 117
58 155
58 135
58 146
58 80
58 165
58 145
58 163
58 72
58 107
58 82
58 159
58 84
58 92
58 104
58 169
58 103
58 86
58 61
58 160
58 180
58 114
58 64
58 196
58 120
58 124
58 144
58 166
58 81
58 62
58 77
58 73
58 152
58 63
58 123
58 90
58 85
58 173
58 94
58 116
58 98
58 192
58 95
58 75
58 108
58 112
58 148
58 121
58 176
58 83
58 168
58 191
58 96
58 171
58 186
58 184
58 125
58 136
58 161
58 178
58 76
58 100
58 199
58 182
59 103
59 196
59 109
59 125
59 149
59 69
59 106
59 77
59 111
59 62
59 65
59 158
59 102
59 198
59 72
59 199
59 197
59 181
59 84
59 90
59 120
59 107
59 175
59 153
59 167
59 121
59 172
59 178
59 179
59 132
59 82
59 73
59 141
59 195
59 99
59 164
59 189
59 83
59 100
59 114
59 185
59 61
59 162
59 157
59 118
59 133
59 70
59 166
59 183
59 88
59 161
59 188
59 170
59 155
59 93
59 71
59 117
59 182
59 131
59 154
59 169
59 112
59 60
59 89
59 91
59 126
59 92
59 152
59 148
59 85
59 145
59 192
59 176
59 98
59 159
59 135
59 79
59 75
59 184
59 129
60 191
60 148
60 134
60 71
60 112
60 160
60 103
60 174
60 124
60 129
60 114
60 166
60 190
60 82
60 141
60 90
60 149
60 135
60 81
60 69
60 118
60 75
60 111
60 95
60 96
60 163
60 198
60 67
60 179
60 197
60 126
60 161
60 125
60 159
60 73
60 61
60 176
60 188
60 154
60 84
60 65
60 145
60 181
60 121
60 85
60 113
60 162
60 98
60 64
60 97
60 62
60 172
60 153
60 130
60 151
60 80
60 72
60 193
60 77
60 117
60 76
60 74
60 107
60 133
60 158
60 110
60 91
60 120
60 123
60 165
60 136
60 150
60 177
60 93
60 168
60 187
61 169
61 166
61 107
61 93
61 186
61 150
61 126
61 162
61 194
61 147
61 112
61 118
61 73
61 158
61 109
61 157
61 124
61 173
61 138
61 91
61 96
61 191
61 71
61 72
61 177
61 156
61 152
61 80
61 185
61 190
61 104
61 134
61 137
61 108
61 192
61 82
61 123
61 77
61 176
61 128
61 98
61 81
61 88
61 69
61 92
61 151
61 114
61 89
61 105
61 148
61 113
61 132
61 131
61 67
61 149
61 193
61 122
61 143
61 101
61 87
61 165
61 103
61 179
61 120
61 63
61 163
61 154
61 68
61 130
61 66
61 197
61 135
61 135
61 184
61 198
61 172
61 97
61 85
61 74
61 141
62 194
62 73
62 124
62 90
62 192
62 193
62 158
62 167
62 180
62 161
62 97
62 145
62 134
62 134
62 80
62 136
62 173
62 104
62 79
62 166
62 94
62 129
62 81
62 133
62 186
62 144
62 163
62 100
62 68
62 157
62 189
62 118
62 82
62 191
62 198
62 70
62 156
62 102
62 142
62 119
62 148
62 101
62 171
62 77
62 159
62 114
62 112
62 153
62 72
62 67
62 128
62 147
62 115
62 177
62 175
62 152
62 109
62 125
62 195
62 92
62 164
62 103
62 93
62 66
62 178
62 130
62 122
62 183
62 110
62 188
62 185
62 187
62 69
63 172
63 93
63 113
63 187
63 82
63 123
63 133
63 191
63 140
63 83
63 171
63 188
63 160
63 70
63 120
63 190
63 154
63 192
63 141
63 64
63 85
63 126
63 189
63 186
63 193
63 116
63 168
63 107
63 100
63 180
63 89
63 112
63 74
63 167
63 128
63 176
63 148
63 106
63 199
63 170
63 87
63 97
63 102
63 178
63 117
63 179
63 92
63 157
63 121
63 137
63 94
63 103
63 110
63 166
63 124
63 127
63 127
63 99
63 159
63 84
63 101
63 132
63 142
63 161
63 138
63 150
63 177
64 97
64 169
64 148
64 121
64 141
64 73
64 159
64 126
64 140
64 78
64 134
64 149
64 74
64 77
64 72
64 92
64 193
64 184
64 118
64 162
64 135
64 144
64 67
64 195
64 82
64 111
64 192
64 183
64 109
64 65
64 104
64 124
64 172
64 69
64 181
64 153
64 68
64 171
64 146
64 96
64 185
64 91
64 101
64 174
64 116
64 176
64 138
64 191
64 132
64 173
64 99
64 106
64 197
64 196
64 125
64 86
64 100
64 199
64 112
64 108
64 95
64 147
64 133
64 178
64 66
64 81
64 165
64 87
64 79
64 117
65 186
65 188
65 162
65 182
65 168
65 98
65 160
65 136
65 172
65 104
65 190
65 87
65 189
65 106
65 105
65 66
65 85
65 73
65 78
65 100
65 158
65 135
65 103
65 99
65 132
65 76
65 145
65 131
65 195
65 84
65 169
65 197
65 77
65 102
65 198
65 116
65 167
65 80
65 166
65 133
65 153
65 68
65 72
65 184
65 177
65 67
65 159
65 170
65 126
65 126
65 123
65 90
65 121
65 134
65 75
65 97
65 101
65 178
65 114
65 74
65 118
65 144
65 161
65 191
65 163
65 180
65 179
65 94
65 89
66 123
66 154
66 127
66 129
66 84
66 89
66 172
66 115
66 189
66 156
66 120
66 179
66 131
66 144
66 92
66 108
66 159
66 152
66 68
66 194
66 102
66 146
66 119
66 107
66 138
66 109
66 87
66 199
66 160
66 78
66 134
66 90
66 79
66 170
66 95
66 112
66 73
66 155
66 182
66 111
66 88
66 77
66 117
66 80
66 70
66 141
66 181
66 105
66 167
66 67
66 75
66 72
66 149
66 148
66 110
66 69
66 173
66 190
66 165
66 142
66 130
66 196
66 76
66 193
66 81
66 192
66 140
66 91
66 96
66 177
66 128
67 70
67 188
67 152
67 81
67 159
67 167
67 187
67 94
67 126
67 123
67 139
67 158
67 73
67 120
67 125
67 125
67 111
67 84
67 72
67 88
67 173
67 122
67 135
67 184
67 174
67 119
67 168
67 144
67 77
67 198
67 182
67 134
67 169
67 87
67 183
67 185
67 165
67 199
67 197
67 155
67 196
67 153
67 102
67 133
67 127
67 145
67 95
67 162
67 103
67 82
67 100
67 105
67 86
67 193
67 166
67 178
67 151
67 142
67 98
67 124
67 161
67 149
67 164
67 79
67 90
68 151
68 175
68 86
68 123
68 108
68 195
68 142
68 90
68 129
68 144
68 149
68 104
68 134
68 124
68 76
68 96
68 156
68 122
68 174
68 99
68 164
68 84
68 113
68 146
68 71
68 110
68 95
68 171
68 121
68 163
68 139
68 138
68 158
68 198
68 162
68 191
68 125
68 128
68 199
68 92
68 176
68 150
68 114
68 190
68 147
68 183
68 70
68 116
68 140
68 182
68 153
68 189
68 187
68 119
68 166
68 94
68 83
68 127
68 117
68 97
68 131
68 82
68 105
68 69
68 143
69 86
69 164
69 174
69 143
69 102
69 139
69 87
69 173
69 70
69 71
69 149
69 77
69 187
69 177
69 120
69 161
69 109
69 138
69 195
69 147
69 104
69 168
69 137
69 100
69 189
69 146
69 94
69 95
69 85
69 93
69 176
69 80
69 132
69 135
69 198
69 73
69 162
69 118
69 72
69 130
69 156
69 98
69 192
69 83
69 126
69 160
69 110
69 111
69 112
69 122
69 153
69 125
69 129
69 119
69 152
69 74
69 90
69 116
69 101
69 158
69 172
69 196
69 97
69 133
69 180
69 89
69 96
69 193
69 199
69 150
69 191
69 136
69 107
69 88
69 188
70 105
70 72
70 108
70 91
70 75
70 164
70 119
70 197
70 124
70 132
70 83
70 176
70 185
70 158
70 181
70 146
70 131
70 148
70 106
70 177
70 79
70 165
70 93
70 187
70 157
70 121
70 163
70 169
70 141
70 113
70 172
70 100
70 186
70 107
70 133
70 129
70 154
70 182
70 125
70 198
70 143
70 171
70 135
70 168
70 139
70 184
70 147
70 189
70 153
70 95
70 196
70 151
70 174
70 128
70 77
70 81
70 161
70 116
70 160
70 110
70 156
70 74
70 170
70 84
70 167
70 191
70 82
70 144
70 126
70 123
71 82
71 98
71 154
71 198
71 148
71 161
71 172
71 106
71 178
71 136
71 146
71 197
71 188
71 190
71 155
71 104
71 181
71 112
71 97
71 144
71 185
71 114
71 174
71 83
71 143
71 96
71 168
71 124
71 124
71 130
71 167
71 103
71 95
71 139
71 169
71 125
71 101
71 115
71 131
71 122
71 87
71 163
71 90
71 110
71 77
71 116
71 113
71 179
71 111
71 149
71 105
71 186
71 177
71 74
71 128
71 145
71 165
71 147
71 135
71 141
71 129
71 157
71 194
71 72
71 164
71 151
71 78
71 80
71 89
71 119
71 176
71 91
71 159
71 153
71 133
71 92
72 166
72 165
72 138
72 93
72 128
72 86
72 190
72 79
72 81
72 76
72 108
72 149
72 160
72 106
72 116
72 87
72 125
72 107
72 180
72 146
72 115
72 85
72 168
72 155
72 123
72 131
72 183
72 188
72 118
72 135
72 97
72 73
72 77
72 139
72 144
72 156
72 193
72 163
72 140
72 129
72 99
72 105
72 195
72 103
72 182
72 176
72 126
72 91
72 172
72 167
72 95
72 189
72 96
72 175
72 191
72 185
72 89
72 90
72 196
72 102
72 82
72 152
72 169
72 75
72 124
72 112
72 147
72 154
72 141
72 136
72 83
72 84
72 117
72 194
72 199
72 104
72 157
72 143
72 120
72 148
72 109
72 121
73 118
73 124
73 117
73 120
73 198
73 191
73 110
73 116
73 172
73 139
73 92
73 195
73 136
73 106
73 142
73 78
73 181
73 143
73 168
73 79
73 119
73 186
73 159
73 113
73 171
73 128
73 152
73 197
73 145
73 169
73 131
73 114
73 94
73 98
73 175
73 184
73 140
73 158
73 165
73 87
73 177
73 111
73 84
73 147
73 95
73 97
73 166
73 188
73 125
73 108
73 149
73 104
73 138
73 123
73 154
73 162
73 155
73 132
73 199
73 103
73 160
73 173
73 83
73 115
73 107
73 109
73 101
73 183
73 112
73 194
73 170
74 128
74 176
74 122
74 122
74 116
74 135
74 155
74 179
74 76
74 178
74 114
74 167
74 165
74 137
74 161
74 94
74 148
74 132
74 82
74 95
74 156
74 104
74 188
74 150
74 190
74 79
74 186
74 180
74 83
74 199
74 197
74 138
74 124
74 185
74 98
74 127
74 126
74 130
74 101
74 88
74 157
74 75
74 177
74 80
74 159
74 195
74 93
74 163
74 171
74 152
74 89
74 139
74 191
74 169
74 107
74 117
74 125
74 113
74 92
74 100
74 77
74 149
75 181
75 113
75 145
75 191
75 137
75 117
75 105
75 80
75 76
75 163
75 111
75 179
75 116
75 196
75 140
75 115
75 127
75 160
75 186
75 95
75 143
75 90
75 120
75 123
75 147
75 199
75 170
75 112
75 119
75 184
75 189
75 89
75 158
75 148
75 183
75 121
75 79
75 152
75 176
75 157
75 161
75 110
75 173
75 136
75 153
75 139
75 109
75 180
75 185
75 96
75 162
75 78
75 108
75 197
75 102
75 142
75 154
75 198
75 93
75 129
75 141
75 151
75 164
75 101
75 177
75 83
75 194
75 94
75 107
75 132
76 138
76 147
76 184
76 150
76 139
76 141
76 90
76 192
76 190
76 188
76 113
76 173
76 134
76 183
76 155
76 96
76 108
76 101
76 128
76 148
76 127
76 97
76 167
76 157
76 158
76 102
76 88
76 177
76 187
76 154
76 123
76 135
76 121
76 110
76 115
76 106
76 81
76 151
76 103
76 125
76 172
76 126
76 164
76 124
76 181
76 91
76 159
76 79
76 140
76 142
76 122
76 182
76 112
76 199
76 80
76 161
76 168
76 99
76 166
76 163
76 153
76 165
76 191
76 89
76 78
76 86
76 180
76 109
76 175
77 94
77 141
77 121
77 96
77 160
77 193
77 113
77 153
77 136
77 183
77 175
77 78
77 89
77 182
77 134
77 156
77 167
77 197
77 198
77 115
77 142
77 154
77 106
77 105
77 98
77 101
77 100
77 168
77 114
77 81
77 149
77 107
77 199
77 126
77 164
77 138
77 176
77 93
77 158
77 159
77 80
77 90
77 97
77 82
77 91
77 178
77 180
77 186
77 88
77 130
77 92
77 122
77 155
77 111
77 173
77 195
77 108
77 85
77 163
77 170
77 166
77 109
77 145
77 112
77 84
77 79
77 99
77 117
77 191
77 143
77 133
77 174
77 120
77 140
78 173
78 104
78 127
78 134
78 159
78 149
78 126
78 146
78 90
78 123
78 107
78 184
78 130
78 167
78 88
78 143
78 193
78 94
78 191
78 115
78 199
78 86
78 120
78 150
78 98
78 198
78 179
78 106
78 160
78 95
78 145
78 93
78 124
78 102
78 171
78 116
78 182
78 119
78 139
78 152
78 113
78 154
78 183
78 131
78 91
78 192
78 190
78 132
78 195
78 110
78 129
78 118
78 79
78 161
78 137
78 87
78 81
78 140
78 105
78 178
78 138
78 196
78 114
78 186
78 197
78 121
78 84
78 111
78 156
78 136
78 128
78 82
79 145
79 180
79 197
79 173
79 109
79 176
79 89
79 137
79 112
79 157
79 195
79 148
79 152
79 146
79 117
79 123
79 154
79 111
79 94
79 85
79 84
79 124
79 119
79 167
79 99
79 163
79 193
79 164
79 140
79 136
79 96
79 172
79 103
79 159
79 133
79 106
79 127
79 120
79 114
79 87
79 150
79 104
79 134
79 147
79 149
79 97
79 190
79 160
79 175
79 144
79 153
79 171
79 110
79 177
79 158
79 183
79 143
79 192
79 142
79 151
79 126
79 80
79 181
79 86
79 189
79 161
80 92
80 182
80 90
80 84
80 177
80 135
80 83
80 144
80 142
80 100
80 128
80 99
80 168
80 143
80 165
80 133
80 93
80 145
80 114
80 162
80 104
80 116
80 81
80 158
80 136
80 187
80 115
80 107
80 161
80 106
80 122
80 185
80 121
80 189
80 112
80 129
80 95
80 194
80 120
80 109
80 137
80 103
80 138
80 179
80 98
80 123
80 126
80 132
80 110
80 130
80 175
80 172
80 125
80 191
80 164
80 188
80 94
80 157
80 183
80 102
80 97
80 171
80 154
80 119
80 181
80 131
80 113
81 133
81 152
81 86
81 179
81 199
81 184
81 91
81 138
81 171
81 137
81 178
81 187
81 165
81 136
81 151
81 121
81 177
81 176
81 143
81 104
81 167
81 163
81 96
81 194
81 155
81 170
81 191
81 139
81 156
81 148
81 82
81 166
81 127
81 102
81 132
81 180
81 131
81 135
81 181
81 168
81 122
81 140
81 85
81 157
81 153
81 174
81 134
81 110
81 109
81 112
81 158
81 97
81 159
81 192
81 128
81 92
81 195
81 130
81 126
81 124
81 119
81 118
81 162
81 189
82 171
82 183
82 145
82 168
82 164
82 194
82 191
82 125
82 159
82 122
82 118
82 124
82 161
82 112
82 107
82 116
82 160
82 199
82 117
82 154
82 138
82 95
82 140
82 172
82 100
82 139
82 197
82 101
82 103
82 104
82 111
82 167
82 143
82 182
82 176
82 108
82 188
82 147
82 137
82 121
82 178
82 146
82 149
82 130
82 90
82 126
82 157
82 185
82 92
82 187
82 102
82 136
82 156
82 177
82 173
82 93
82 91
82 94
82 86
82 105
82 144
82 133
82 152
82 158
82 114
82 169
82 142
83 114
83 146
83 184
83 185
83 168
83 130
83 125
83 177
83 134
83 116
83 110
83 188
83 92
83 157
83 160
83 139
83 196
83 132
83 186
83 120
83 193
83 178
83 93
83 84
83 113
83 161
83 122
83 171
83 170
83 162
83 137
83 86
83 181
83 148
83 126
83 87
83 95
83 145
83 173
83 140
83 195
83 158
83 149
83 97
83 91
83 94
83 190
83 103
83 112
83 152
83 99
83 182
83 141
83 175
83 96
83 163
83 101
83 108
83 138
83 156
84 133
84 89
84 175
84 187
84 184
84 138
84 134
84 96
84 188
84 195
84 117
84 183
84 122
84 85
84 115
84 161
84 131
84 194
84 163
84 87
84 121
84 121
84 116
84 185
84 104
84 151
84 88
84 168
84 92
84 137
84 164
84 126
84 178
84 169
84 135
84 112
84 193
84 197
84 172
84 86
84 181
84 94
84 95
84 125
84 99
84 123
84 153
84 165
84 182
84 150
84 142
84 162
84 111
84 173
84 196
84 157
84 90
84 93
85 113
85 135
85 91
85 120
85 132
85 123
85 170
85 180
85 126
85 128
85 127
85 112
85 136
85 98
85 195
85 193
85 122
85 187
85 111
85 100
85 107
85 130
85 183
85 199
85 198
85 97
85 178
85 114
85 117
85 95
85 92
85 115
85 154
85 191
85 163
85 151
85 110
85 177
85 103
85 140
85 197
85 181
85 105
85 164
85 186
85 99
85 176
85 173
85 142
85 87
85 160
85 119
85 133
85 166
85 165
85 144
85 175
85 149
85 102
85 179
85 189
85 89
85 162
85 121
85 116
85 108
85 196
85 194
85 101
85 188
86 116
86 141
86 175
86 99
86 149
86 190
86 132
86 128
86 100
86 169
86 185
86 111
86 196
86 192
86 118
86 135
86 137
86 139
86 123
86 189
86 194
86 184
86 115
86 87
86 171
86 122
86 147
86 103
86 120
86 153
86 148
86 144
86 109
86 193
86 112
86 98
86 167
86 151
86 187
86 97
86 158
86 180
86 110
86 164
86 129
86 117
86 121
86 93
86 104
86 107
86 90
86 191
86 146
86 102
86 119
86 159
86 113
86 170
87 151
87 178
87 97
87 167
87 176
87 163
87 119
87 119
87 133
87 113
87 99
87 183
87 102
87 193
87 107
87 169
87 109
87 153
87 171
87 180
87 115
87 172
87 134
87 155
87 139
87 98
87 138
87 185
87 156
87 123
87 106
87 159
87 95
87 145
87 192
87 140
87 170
87 152
87 148
87 184
87 160
87 175
87 189
87 103
87 118
87 89
87 130
87 187
87 100
87 116
87 149
87 190
87 111
87 127
87 181
87 110
87 158
87 124
87 173
88 96
88 161
88 113
88 173
88 119
88 97
88 159
88 141
88 156
88 102
88 94
88 130
88 129
88 145
88 196
88 155
88 165
88 150
88 148
88 120
88 121
88 108
88 170
88 95
88 188
88 99
88 103
88 187
88 169
88 136
88 195
88 98
88 128
88 115
88 133
88 152
88 142
88 185
88 175
88 186
88 125
88 107
88 123
88 163
88 154
88 162
88 106
88 147
88 153
88 132
88 104
88 124
88 172
88 122
88 137
88 110
88 127
88 149
88 131
88 92
88 117
88 117
88 112
89 140
89 159
89 167
89 95
89 129
89 197
89 150
89 144
89 164
89 148
89 153
89 149
89 90
89 163
89 114
89 137
89 102
89 109
89 139
89 108
89 155
89 98
89 192
89 103
89 117
89 138
89 152
89 185
89 115
89 178
89 151
89 141
89 175
89 142
89 190
89 182
89 106
89 156
89 127
89 184
89 123
89 96
89 107
89 99
89 93
89 161
89 181
89 186
89 146
89 133
89 179
89 176
89 111
89 111
89 131
89 188
89 198
89 91
89 113
89 119
89 143
89 124
89 125
89 126
90 147
90 197
90 110
90 160
90 99
90 149
90 123
90 104
90 105
90 115
90 131
90 148
90 141
90 106
90 121
90 112
90 136
90 157
90 163
90 113
90 194
90 199
90 196
90 171
90 168
90 164
90 97
90 169
90 140
90 93
90 188
90 152
90 176
90 137
90 118
90 118
90 175
90 134
90 179
90 111
90 178
90 102
90 172
90 130
90 122
90 108
90 114
90 159
90 193
90 126
90 91
90 151
90 127
90 120
90 146
90 125
90 142
90 170
90 174
90 128
90 165
90 180
90 96
90 186
90 162
90 132
91 115
91 117
91 151
91 186
91 102
91 149
91 183
91 106
91 107
91 107
91 111
91 161
91 119
91 192
91 174
91 143
91 198
91 167
91 147
91 181
91 132
91 166
91 146
91 191
91 133
91 93
91 154
91 141
91 157
91 162
91 170
91 175
91 177
91 121
91 155
91 98
91 163
91 138
91 196
91 182
91 160
91 173
91 179
91 172
91 123
91 131
91 122
91 130
91 195
91 171
91 124
91 128
91 92
91 96
91 95
91 127
91 190
91 112
92 132
92 157
92 96
92 161
92 191
92 196
92 167
92 143
92 125
92 130
92 184
92 177
92 192
92 110
92 190
92 189
92 154
92 169
92 122
92 155
92 142
92 121
92 173
92 193
92 93
92 95
92 97
92 152
92 120
92 134
92 175
92 111
92 129
92 94
92 158
92 176
92 117
92 174
92 131
92 181
92 140
92 147
92 100
92 100
92 197
92 105
92 185
92 114
92 123
92 124
92 188
92 180
92 199
92 179
92 139
92 115
92 166
92 144
92 183
92 101
92 141
92 194
92 168
93 110
93 165
93 171
93 130
93 188
93 132
93 193
93 172
93 98
93 113
93 116
93 94
93 176
93 114
93 146
93 138
93 160
93 175
93 164
93 122
93 183
93 163
93 127
93 101
93 118
93 121
93 99
93 180
93 178
93 167
93 177
93 184
93 169
93 155
93 156
93 159
93 179
93 157
93 109
93 95
93 136
93 150
93 195
93 119
93 100
93 153
93 103
93 103
93 96
93 190
93 194
93 199
94 100
94 95
94 124
94 98
94 132
94 174
94 119
94 149
94 128
94 191
94 106
94 161
94 171
94 141
94 121
94 188
94 166
94 143
94 105
94 193
94 185
94 110
94 199
94 181
94 140
94 190
94 142
94 168
94 158
94 163
94 183
94 125
94 186
94 116
94 170
94 96
94 129
94 173
94 148
94 151
94 136
94 112
94 130
94 120
94 164
94 118
94 155
94 131
94 144
94 153
94 184
94 104
94 104
94 137
94 176
94 192
94 196
94 111
94 115
94 133
94 154
94 179
94 162
94 156
94 189
94 167
94 145
95 168
95 136
95 187
95 142
95 128
95 196
95 181
95 188
95 135
95 100
95 190
95 98
95 98
95 159
95 120
95 115
95 133
95 138
95 165
95 144
95 143
95 172
95 163
95 140
95 102
95 157
95 166
95 194
95 186
95 114
95 107
95 197
95 154
95 182
95 141
95 96
95 137
95 189
95 108
95 122
95 164
95 147
95 112
95 109
95 105
95 97
95 110
95 148
95 101
95 127
95 183
95 167
95 173
95 179
95 156
95 125
95 123
95 151
95 171
95 162
95 192
95 119
96 118
96 98
96 134
96 131
96 163
96 189
96 194
96 186
96 161
96 129
96 141
96 190
96 138
96 119
96 193
96 162
96 148
96 156
96 114
96 109
96 142
96 159
96 154
96 155
96 127
96 132
96 168
96 171
96 140
96 170
96 175
96 115
96 112
96 102
96 174
96 139
96 126
96 108
96 128
96 151
96 99
96 153
96 111
96 145
96 183
96 143
96 179
96 106
96 137
96 173
96 184
96 135
96 124
96 116
96 164
96 123
97 165
97 134
97 149
97 115
97 181
97 110
97 116
97 142
97 162
97 111
97 176
97 102
97 198
97 164
97 143
97 157
97 188
97 199
97 113
97 117
97 139
97 152
97 150
97 98
97 183
97 146
97 148
97 185
97 133
97 145
97 107
97 169
97 166
97 190
97 174
97 196
97 184
97 100
97 160
97 140
97 167
97 161
97 173
97 180
97 112
97 103
97 151
97 170
97 191
97 197
97 178
97 121
97 175
97 106
97 131
97 125
97 144
98 162
98 190
98 170
98 127
98 193
98 165
98 112
98 125
98 198
98 146
98 131
98 194
98 167
98 105
98 143
98 108
98 169
98 141
98 173
98 180
98 187
98 123
98 188
98 99
98 135
98 130
98 106
98 100
98 157
98 117
98 176
98 185
98 137
98 104
98 110
98 160
98 164
98 109
98 163
98 177
98 166
98 179
98 149
98 192
98 145
98 181
98 175
98 186
98 151
98 119
98 174
98 128
99 141
99 154
99 174
99 156
99 103
99 139
99 153
99 185
99 171
99 115
99 178
99 118
99 177
99 150
99 122
99 116
99 100
99 117
99 158
99 130
99 173
99 136
99 151
99 162
99 123
99 194
99 102
99 186
99 191
99 195
99 107
99 167
99 125
99 198
99 146
99 144
99 113
99 149
99 193
99 189
99 134
99 132
99 187
99 182
99 184
99 138
99 197
99 140
99 188
99 172
99 176
99 152
99 145
99 124
99 143
99 169
99 108
99 129
100 183
100 161
100 138
100 193
100 115
100 122
100 151
100 119
100 116
100 113
100 173
100 197
100 165
100 189
100 112
100 180
100 168
100 154
100 177
100 166
100 186
100 176
100 125
100 118
100 162
100 101
100 159
100 109
100 175
100 170
100 103
100 143
100 191
100 145
100 139
100 126
100 196
100 135
100 187
100 111
100 147
100 131
100 195
100 107
100 158
100 163
100 132
100 120
100 172
100 148
100 185
100 102
100 178
100 184
100 110
100 106
100 152
100 121
100 179
100 174
100 133
100 124
100 123
101 120
101 195
101 163
101 156
101 137
101 119
101 134
101 199
101 165
101 189
101 111
101 184
101 148
101 149
101 157
101 187
101 197
101 107
101 166
101 125
101 128
101 161
101 190
101 113
101 160
101 130
101 144
101 167
101 146
101 162
101 168
101 158
101 196
101 112
101 105
101 123
101 124
101 136
101 175
101 151
101 110
101 155
101 159
101 140
101 122
101 176
101 174
101 109
101 179
101 106
101 115
101 153
101 198
101 154
101 192
101 102
101 126
102 139
102 143
102 105
102 145
102 180
102 152
102 185
102 178
102 171
102 112
102 199
102 194
102 172
102 129
102 173
102 179
102 117
102 197
102 104
102 144
102 110
102 163
102 161
102 134
102 184
102 154
102 158
102 124
102 192
102 126
102 188
102 155
102 133
102 116
102 138
102 160
102 132
102 169
102 168
102 195
102 166
102 170
102 153
102 130
102 106
102 189
102 190
102 196
102 140
102 103
102 176
102 142
102 187
102 148
102 121
102 141
102 157
102 113
102 119
103 130
103 176
103 160
103 199
103 182
103 107
103 127
103 142
103 159
103 191
103 118
103 189
103 173
103 150
103 184
103 119
103 153
103 112
103 132
103 172
103 105
103 109
103 140
103 181
103 157
103 170
103 135
103 113
103 158
103 134
103 179
103 108
103 186
103 123
103 177
103 146
103 163
103 194
103 149
103 198
103 136
103 148
103 141
103 193
103 111
103 120
103 196
103 155
103 190
103 104
103 117
103 151
103 145
103 152
103 116
103 165
103 185
103 115
103 125
103 178
104 152
104 115
104 131
104 110
104 121
104 182
104 188
104 174
104 130
104 119
104 199
104 156
104 180
104 171
104 106
104 158
104 118
104 166
104 135
104 195
104 151
104 145
104 181
104 132
104 142
104 109
104 161
104 122
104 129
104 173
104 165
104 167
104 138
104 105
104 117
104 175
104 162
104 172
104 198
104 114
104 144
104 164
104 176
104 154
104 153
104 191
104 124
104 157
104 146
104 194
104 170
104 190
104 127
104 184
104 150
105 113
105 144
105 154
105 193
105 181
105 106
105 149
105 162
105 196
105 122
105 109
105 116
105 194
105 111
105 195
105 124
105 128
105 184
105 155
105 188
105 165
105 164
105 142
105 115
105 172
105 151
105 156
105 168
105 170
105 146
105 182
105 171
105 176
105 179
105 121
105 197
105 178
105 183
105 126
105 110
105 167
105 192
105 123
105 125
105 143
105 177
105 185
105 132
105 108
105 173
105 119
105 189
105 131
105 137
106 159
106 166
106 115
106 132
106 135
106 133
106 119
106 152
106 147
106 127
106 172
106 167
106 143
106 149
106 165
106 131
106 136
106 186
106 160
106 191
106 146
106 113
106 187
106 158
106 148
106 196
106 141
106 108
106 193
106 189
106 151
106 156
106 139
106 109
106 199
106 138
106 188
106 107
106 137
106 154
106 120
106 144
106 182
106 134
106 130
106 171
106 142
106 126
106 180
106 170
106 117
106 125
106 192
106 163
106 129
106 161
107 123
107 158
107 129
107 111
107 145
107 171
107 198
107 119
107 154
107 150
107 191
107 132
107 126
107 142
107 195
107 168
107 194
107 185
107 196
107 186
107 181
107 169
107 163
107 130
107 177
107 173
107 147
107 184
107 180
107 127
107 193
107 112
107 153
107 162
107 115
107 175
107 182
107 167
107 164
107 110
107 120
107 131
107 187
107 190
107 174
107 133
107 136
107 192
107 178
107 165
107 183
107 108
108 141
108 127
108 178
108 157
108 187
108 159
108 119
108 194
108 199
108 118
108 173
108 123
108 147
108 122
108 130
108 156
108 112
108 111
108 150
108 133
108 162
108 151
108 179
108 138
108 117
108 198
108 171
108 191
108 177
108 125
108 121
108 176
108 160
108 144
108 182
108 137
108 134
108 155
108 126
108 124
108 189
108 110
108 129
108 196
108 195
108 164
108 128
108 186
108 148
108 158
108 163
108 131
108 149
108 175
108 152
108 154
108 193
108 113
109 182
109 167
109 159
109 139
109 128
109 189
109 172
109 183
109 138
109 150
109 136
109 124
109 125
109 154
109 126
109 166
109 169
109 175
109 151
109 145
109 187
109 115
109 164
109 114
109 173
109 153
109 168
109 121
109 140
109 129
109 133
109 160
109 171
109 174
109 148
109 131
109 149
109 161
109 113
109 180
109 193
109 199
109 165
109 110
109 111
109 196
109 155
109 178
109 176
109 191
109 156
109 123
109 152
109 179
109 177
109 135
109 163
110 127
110 173
110 130
110 181
110 145
110 139
110 171
110 128
110 185
110 119
110 118
110 174
110 138
110 180
110 120
110 176
110 179
110 157
110 126
110 191
110 159
110 132
110 188
110 124
110 151
110 184
110 182
110 152
110 153
110 164
110 133
110 194
110 169
110 162
110 166
110 125
110 192
110 165
110 175
110 136
110 137
110 155
110 161
110 114
110 178
110 167
110 149
110 199
110 197
110 131
111 148
111 198
111 183
111 174
111 180
111 123
111 139
111 185
111 181
111 160
111 161
111 136
111 118
111 175
111 120
111 163
111 164
111 166
111 168
111 141
111 137
111 172
111 158
111 116
111 140
111 112
111 135
111 153
111 191
111 187
111 176
111 127
111 184
111 145
111 188
111 199
111 149
111 128
111 162
111 157
111 171
111 167
111 125
111 179
111 122
111 177
111 190
111 152
111 144
112 146
112 164
112 113
112 156
112 169
112 157
112 192
112 197
112 181
112 194
112 129
112 119
112 150
112 151
112 171
112 121
112 143
112 117
112 114
112 160
112 123
112 186
112 136
112 135
112 126
112 116
112 131
112 175
112 159
112 127
112 178
112 132
112 167
112 161
112 133
112 148
112 140
112 199
112 145
112 176
112 115
113 122
113 116
113 190
113 152
113 168
113 199
113 118
113 128
113 139
113 131
113 125
113 143
113 160
113 191
113 133
113 182
113 141
113 149
113 158
113 144
113 117
113 165
113 189
113 194
113 157
113 153
113 167
113 124
113 169
113 193
113 145
113 148
113 172
113 126
113 120
113 154
113 185
113 164
113 171
113 173
113 135
113 170
113 140
113 192
113 156
113 183
114 171
114 181
114 196
114 178
114 133
114 151
114 119
114 120
114 157
114 186
114 162
114 140
114 116
114 195
114 129
114 158
114 127
114 135
114 174
114 125
114 168
114 138
114 148
114 182
114 123
114 149
114 180
114 176
114 193
114 165
114 147
114 144
114 152
114 189
114 175
114 137
114 160
114 124
114 143
114 154
114 172
114 153
114 121
114 161
114 188
115 163
115 193
115 129
115 144
115 135
115 119
115 196
115 179
115 140
115 176
115 172
115 195
115 148
115 138
115 118
115 139
115 173
115 188
115 167
115 126
115 143
115 156
115 151
115 166
115 182
115 197
115 199
115 127
115 120
115 191
115 161
115 153
115 158
115 128
115 149
115 184
115 171
115 152
115 131
115 178
115 116
115 180
115 183
115 132
115 194
115 168
115 186
115 190
115 164
115 150
115 174
116 185
116 166
116 135
116 151
116 168
116 171
116 145
116 178
116 140
116 149
116 128
116 156
116 181
116 160
116 198
116 120
116 184
116 123
116 129
116 147
116 146
116 119
116 137
116 174
116 133
116 169
116 194
116 170
116 191
116 188
116 187
116 190
116 195
116 196
116 189
116 131
116 136
116 124
116 163
116 176
116 143
116 165
117 174
117 181
117 153
117 158
117 141
117 125
117 192
117 154
117 187
117 161
117 142
117 129
117 175
117 120
117 186
117 159
117 166
117 198
117 182
117 140
117 126
117 162
117 190
117 196
117 143
117 119
117 118
117 167
117 193
117 188
117 180
117 147
117 136
117 197
117 145
117 133
117 124
117 122
117 139
117 148
117 160
117 168
117 171
117 195
117 150
117 137
117 178
117 121
117 156
118 166
118 140
118 161
118 179
118 171
118 130
118 192
118 198
118 147
118 136
118 195
118 125
118 131
118 120
118 162
118 164
118 163
118 151
118 156
118 145
118 173
118 196
118 155
118 194
118 181
118 158
118 143
118 135
118 149
118 177
118 175
118 132
118 168
118 119
118 160
118 167
118 184
118 169
118 187
118 146
118 122
118 190
118 180
118 188
119 180
119 190
119 182
119 137
119 161
119 166
119 164
119 172
119 175
119 191
119 196
119 126
119 195
119 140
119 150
119 177
119 178
119 130
119 168
119 160
119 132
119 122
119 133
119 146
119 151
119 197
119 163
119 193
119 143
119 123
119 149
119 174
119 185
119 139
119 124
119 154
119 156
119 167
119 131
120 163
120 133
120 138
120 180
120 150
120 191
120 142
120 164
120 151
120 159
120 148
120 172
120 197
120 127
120 152
120 190
120 153
120 134
120 165
120 141
120 160
120 145
120 135
120 176
120 189
120 199
120 155
120 167
120 123
120 146
120 185
120 149
120 181
120 186
120 126
120 162
120 171
120 124
120 170
120 161
120 125
120 182
120 195
120 175
120 147
120 166
120 156
121 129
121 161
121 153
121 132
121 176
121 174
121 139
121 137
121 173
121 193
121 183
121 185
121 191
121 164
121 140
121 156
121 175
121 167
121 146
121 195
121 188
121 145
121 170
121 133
121 181
121 152
121 155
121 165
121 148
121 122
121 149
121 197
121 130
121 163
121 123
121 125
121 144
121 138
121 179
121 128
121 151
121 126
121 159
121 172
122 164
122 184
122 153
122 140
122 162
122 141
122 146
122 174
122 126
122 192
122 143
122 199
122 179
122 169
122 158
122 124
122 167
122 159
122 145
122 163
122 131
122 176
122 147
122 144
122 180
122 172
122 157
122 194
122 175
122 152
122 161
122 127
122 189
122 171
122 134
122 185
122 123
122 128
122 142
122 166
122 156
122 130
122 197
123 140
123 183
123 170
123 164
123 124
123 175
123 176
123 189
123 128
123 185
123 182
123 141
123 158
123 178
123 133
123 191
123 150
123 160
123 169
123 135
123 147
123 148
123 153
123 167
123 155
123 144
123 154
123 156
123 152
123 126
123 145
123 194
123 180
123 199
123 137
123 142
123 159
123 195
123 179
123 192
123 181
123 190
123 165
123 129
123 130
123 146
123 166
124 125
124 172
124 187
124 146
124 151
124 126
124 148
124 152
124 128
124 185
124 163
124 166
124 189
124 147
124 195
124 132
124 181
124 149
124 162
124 136
124 192
124 160
124 137
124 183
124 143
124 194
124 184
124 161
124 177
124 150
124 173
124 134
124 191
124 156
124 130
124 175
125 184
125 152
125 133
125 130
125 138
125 198
125 195
125 192
125 129
125 187
125 163
125 162
125 190
125 166
125 137
125 199
125 159
125 169
125 132
125 185
125 188
125 160
125 146
125 136
125 131
125 135
125 156
125 193
125 149
125 176
125 180
125 144
125 150
125 157
125 139
125 175
125 142
125 183
125 177
125 141
125 134
125 148
125 155
125 126
125 191
125 182
125 151
126 128
126 197
126 179
126 161
126 192
126 186
126 139
126 178
126 150
126 195
126 165
126 143
126 171
126 131
126 154
126 169
126 173
126 187
126 170
126 142
126 155
126 147
126 140
126 151
126 193
126 148
126 189
126 129
126 138
126 145
126 167
126 177
126 196
126 198
126 194
126 159
126 199
126 157
126 137
126 184
126 175
126 168
126 158
127 142
127 171
127 156
127 187
127 161
127 180
127 144
127 179
127 150
127 173
127 128
127 169
127 145
127 159
127 189
127 178
127 139
127 130
127 160
127 165
127 134
127 188
127 131
127 148
127 197
127 147
127 196
127 158
127 177
127 141
127 181
127 135
127 152
127 140
127 193
127 174
127 155
127 176
127 192
128 179
128 132
128 136
128 195
128 182
128 184
128 191
128 149
128 183
128 170
128 148
128 145
128 152
128 143
128 194
128 161
128 197
128 165
128 163
128 176
128 139
128 129
128 190
128 185
128 178
128 174
128 164
128 156
128 144
128 146
128 199
128 159
128 198
128 142
128 166
128 196
128 180
128 154
128 135
129 188
129 174
129 180
129 186
129 194
129 191
129 169
129 199
129 137
129 144
129 131
129 160
129 178
129 132
129 176
129 181
129 171
129 152
129 148
129 167
129 164
129 150
129 136
129 185
129 143
129 195
129 149
129 155
129 162
129 134
129 151
129 175
129 166
129 142
129 157
129 135
129 139
129 141
129 133
129 190
129 163
129 193
130 137
130 143
130 135
130 147
130 187
130 167
130 146
130 169
130 144
130 158
130 178
130 132
130 181
130 195
130 156
130 198
130 154
130 171
130 141
130 172
130 131
130 176
130 163
130 192
130 153
130 180
130 160
130 157
130 184
130 148
130 140
130 196
130 164
130 189
130 182
131 182
131 177
131 135
131 196
131 175
131 179
131 146
131 164
131 142
131 188
131 173
131 183
131 185
131 197
131 193
131 162
131 136
131 170
131 171
131 145
131 143
131 154
131 159
131 174
131 198
131 199
131 147
131 150
131 134
131 160
131 167
131 144
132 191
132 170
132 143
132 163
132 176
132 195
132 169
132 184
132 151
132 147
132 142
132 168
132 138
132 171
132 180
132 177
132 183
132 162
132 149
132 199
132 186
132 148
132 145
132 157
132 161
132 135
132 160
132 197
132 198
132 146
132 174
132 165
132 152
132 155
132 133
132 140
132 192
132 178
132 172
133 183
133 167
133 136
133 172
133 145
133 151
133 149
133 166
133 134
133 146
133 163
133 196
133 174
133 168
133 160
133 161
133 195
133 186
133 185
133 193
133 135
133 150
133 187
133 178
133 188
133 144
133 175
133 156
133 182
133 164
133 198
134 174
134 171
134 175
134 137
134 172
134 188
134 157
134 160
134 164
134 140
134 189
134 196
134 152
134 184
134 168
134 154
134 158
134 167
134 135
134 145
134 191
134 185
134 192
134 181
134 147
134 176
134 159
134 177
135 186
135 143
135 165
135 149
135 157
135 172
135 188
135 170
135 138
135 171
135 184
135 197
135 162
135 182
135 147
135 176
135 185
135 179
135 177
135 160
135 158
135 192
135 195
135 199
135 146
135 154
135 159
135 193
136 199
136 148
136 138
136 168
136 159
136 157
136 178
136 164
136 182
136 169
136 179
136 187
136 181
136 140
136 188
136 193
136 163
136 191
136 150
136 156
136 198
136 147
136 162
136 155
136 151
136 196
136 153
136 165
136 158
136 174
136 166
137 150
137 138
137 182
137 177
137 178
137 197
137 195
137 146
137 192
137 145
137 170
137 196
137 169
137 193
137 148
137 168
137 141
137 185
137 189
137 179
137 190
137 165
137 184
137 191
137 175
137 159
137 147
137 166
137 149
137 142
137 188
137 164
137 151
137 154
137 187
137 152
137 157
137 176
138 185
138 165
138 142
138 145
138 153
138 139
138 172
138 162
138 156
138 148
138 166
138 177
138 180
138 150
138 198
138 152
138 186
138 181
138 151
138 183
138 199
138 154
138 175
138 149
138 170
138 195
138 157
138 193
138 187
138 140
138 155
138 182
139 154
139 143
139 166
139 181
139 165
139 161
139 172
139 171
139 188
139 149
139 158
139 185
139 191
139 153
139 175
139 176
139 145
139 198
139 160
139 199
139 194
139 151
139 189
139 164
139 141
139 179
139 147
139 180
139 163
139 162
139 148
139 173
140 183
140 155
140 153
140 148
140 196
140 191
140 152
140 158
140 187
140 176
140 142
140 185
140 166
140 193
140 165
140 198
140 169
140 145
140 162
140 146
140 189
140 192
140 173
140 174
140 151
140 186
140 199
140 141
141 142
141 180
141 149
141 198
141 151
141 171
141 163
141 166
141 176
141 174
141 159
141 160
141 195
141 146
141 154
141 152
141 194
141 197
141 153
141 158
141 175
141 183
141 182
141 156
141 187
141 155
141 172
141 167
141 165
141 168
141 148
141 170
141 196
141 144
141 193
141 169
141 157
142 159
142 161
142 197
142 181
142 146
142 154
142 166
142 171
142 156
142 157
142 155
142 177
142 167
142 158
142 199
142 176
142 194
142 190
142 163
142 153
142 192
142 186
142 172
142 145
142 189
143 170
143 174
143 159
143 172
143 151
143 165
143 195
143 178
143 176
143 161
143 157
143 179
143 199
143 185
143 160
143 167
143 183
143 152
143 154
143 146
143 198
143 181
143 168
143 149
143 191
143 175
143 187
143 189
143 194
143 148
143 186
143 166
143 158
143 193
144 152
144 158
144 156
144 198
144 169
144 185
144 153
144 193
144 157
144 159
144 167
144 186
144 148
144 163
144 149
144 150
144 166
144 147
144 196
144 173
144 197
144 175
144 181
144 178
145 162
145 189
145 179
145 180
145 183
145 151
145 177
145 156
145 147
145 175
145 159
145 158
145 186
145 197
145 191
145 173
145 170
145 171
145 184
145 198
145 164
145 182
145 153
145 196
145 194
145 169
145 199
145 167
145 161
145 187
145 166
145 152
146 199
146 173
146 185
146 161
146 175
146 166
146 172
146 170
146 180
146 154
146 156
146 183
146 196
146 164
146 188
146 163
146 181
146 149
146 155
146 184
146 147
146 190
146 192
146 162
146 195
147 163
147 148
147 197
147 164
147 190
147 196
147 160
147 174
147 172
147 161
147 199
147 188
147 152
147 193
147 149
147 183
147 173
147 176
147 154
147 167
147 159
147 186
147 158
147 187
147 168
147 198
147 182
147 194
147 162
147 177
147 192
147 195
147 155
148 154
148 186
148 195
148 199
148 175
148 161
148 166
148 169
148 189
148 157
148 171
148 183
148 197
148 188
148 160
148 170
148 176
148 191
148 168
148 165
148 172
148 163
148 181
148 196
149 191
149 167
149 155
149 183
149 153
149 172
149 162
149 174
149 171
149 182
149 197
149 168
149 196
149 188
149 186
149 169
149 151
149 198
149 157
149 176
149 161
149 165
149 154
149 185
149 163
149 152
149 150
149 173
149 164
149 194
149 175
149 190
149 181
149 170
149 180
150 183
150 155
150 164
150 193
150 182
150 154
150 158
150 152
150 168
150 167
150 190
150 172
150 176
150 184
150 157
150 165
150 163
150 178
150 181
150 197
150 151
150 187
151 180
151 199
151 185
151 179
151 156
151 154
151 166
151 152
151 170
151 195
151 158
151 157
151 184
151 196
151 171
151 181
151 183
151 159
151 177
151 153
151 197
151 191
151 163
151 198
151 187
152 153
152 156
152 166
152 194
152 198
152 195
152 186
152 170
152 190
152 160
152 188
152 176
152 192
152 162
152 177
152 163
152 171
152 197
152 178
152 169
152 159
152 199
152 185
152 182
152 158
152 181
152 184
153 181
153 179
153 193
153 166
153 173
153 165
153 161
153 164
153 167
153 191
153 154
153 162
153 188
153 178
153 185
153 163
153 189
153 160
153 180
153 156
153 157
153 177
153 159
154 166
154 177
154 176
154 179
154 155
154 194
154 199
154 163
154 189
154 184
154 188
154 158
154 169
154 196
154 164
154 175
154 180
154 156
154 157
154 185
154 173
154 167
154 172
154 181
155 182
155 173
155 163
155 181
155 166
155 183
155 164
155 167
155 176
155 168
155 196
155 180
155 170
155 161
155 169
155 187
155 184
155 194
155 191
155 189
155 192
155 162
155 188
155 160
156 196
156 163
156 181
156 162
156 192
156 160
156 185
156 180
156 158
156 159
156 175
156 174
156 188
156 176
156 193
156 173
156 189
156 164
156 169
156 198
156 178
156 168
156 172
156 190
156 157
157 191
157 178
157 183
157 161
157 163
157 182
157 197
157 193
157 171
157 174
157 187
157 164
157 165
157 176
157 166
157 181
157 168
157 184
157 194
157 179
157 199
157 158
157 195
157 169
158 168
158 194
158 192
158 174
158 180
158 171
158 187
158 162
158 198
158 196
158 164
158 182
158 181
158 176
158 179
158 170
158 199
158 161
158 195
158 172
158 177
158 173
159 165
159 178
159 175
159 177
159 195
159 160
159 191
159 163
159 190
159 189
159 162
159 171
159 172
159 167
159 196
159 186
159 173
159 184
159 179
159 170
159 180
159 164
159 182
159 185
159 198
159 169
160 181
160 178
160 161
160 173
160 185
160 168
160 183
160 197
160 187
160 166
160 177
160 189
160 196
160 162
160 182
160 175
160 172
160 186
160 191
160 198
161 189
161 180
161 178
161 192
161 182
161 190
161 188
161 176
161 179
161 186
161 175
161 168
161 174
161 183
161 167
161 194
161 187
161 169
161 177
161 163
161 196
161 172
161 164
161 162
161 173
161 166
161 195
162 164
162 167
162 183
162 189
162 172
162 169
162 165
162 192
162 193
162 174
162 166
162 177
162 190
162 168
162 173
162 175
162 176
162 194
162 171
162 198
162 170
162 191
162 195
162 182
162 188
163 197
163 168
163 179
163 175
163 164
163 195
163 190
163 178
163 171
163 169
163 198
163 174
163 183
163 199
163 170
163 176
163 167
163 166
163 173
163 165
163 185
163 177
163 180
163 182
164 184
164 170
164 197
164 199
164 191
164 192
164 194
164 166
164 189
164 182
164 171
164 181
164 168
164 176
164 195
164 187
164 179
164 193
164 169
164 177
164 185
164 172
165 174
165 190
165 167
165 179
165 197
165 185
165 172
165 168
165 196
165 183
165 187
165 166
165 198
165 180
165 177
165 192
165 191
165 194
166 193
166 167
166 195
166 173
166 186
166 184
166 176
166 196
166 188
166 185
166 178
166 191
166 189
166 177
166 183
166 174
166 199
167 180
167 179
167 192
167 185
167 194
167 177
167 182
167 178
167 198
167 191
167 173
167 170
167 169
167 184
167 199
168 193
168 172
168 176
168 177
168 191
168 181
168 199
168 182
168 186
168 180
168 171
168 170
168 173
168 187
168 192
168 194
168 188
168 169
168 174
168 190
168 189
168 178
169 179
169 185
169 173
169 170
169 172
169 187
169 194
169 195
169 171
169 177
169 188
169 182
169 184
169 193
169 174
169 198
169 189
169 181
170 172
170 171
170 187
170 198
170 188
170 197
170 194
170 185
170 178
170 199
170 175
170 173
170 182
171 196
171 197
171 194
171 195
171 183
171 181
171 187
171 182
171 176
171 185
171 172
171 192
171 188
171 193
171 175
172 186
172 177
172 185
172 178
172 193
172 192
172 195
172 184
172 188
172 191
172 196
172 180
172 187
172 190
172 179
172 176
172 174
172 194
173 180
173 191
173 193
173 181
173 199
173 187
173 197
173 174
173 189
173 198
173 192
173 195
174 181
174 194
174 186
174 189
174 182
174 185
174 176
174 178
174 191
174 190
174 192
175 189
175 199
175 188
175 195
175 198
175 182
175 184
175 187
175 197
175 176
175 193
175 177
175 180
175 185
175 179
175 190
175 191
176 179
176 198
176 184
176 178
176 181
176 182
176 193
176 188
176 177
176 180
176 186
176 190
176 191
177 179
177 183
177 193
177 196
177 197
177 191
177 182
177 192
177 188
177 198
177 185
177 180
177 189
177 190
178 188
178 195
178 192
178 179
178 181
178 197
178 187
178 199
178 186
178 185
178 182
178 190
179 194
179 198
179 197
179 187
179 185
179 183
179 184
179 199
179 193
179 190
180 195
180 194
180 183
180 187
180 181
180 189
180 188
180 196
180 185
180 197
180 198
180 199
180 193
180 186
181 199
181 189
181 182
181 197
181 192
181 196
181 184
181 183
181 185
182 187
182 183
182 196
182 198
182 192
182 186
182 199
182 191
182 189
183 189
183 186
183 197
183 199
183 185
183 188
183 191
183 195
183 194
183 192
184 190
184 188
184 196
184 191
184 185
184 194
184 186
184 199
185 191
185 193
185 187
185 194
185 190
185 186
186 190
186 198
186 193
186 189
186 191
186 192
186 199
186 187
187 195
187 190
187 191
187 192
187 197
187 193
187 199
187 198
188 195
188 198
188 192
188 193
188 189
189 194
189 190
189 198
189 196
189 197
190 192
190 199
190 194
190 195
190 193
191 192
191 199
191 194
191 198
192 196
192 195
192 193
192 198
192 197
192 199
193 199
193 196
193 195
193 198
193 194
193 197
194 195
194 198
195 199
195 196
196 197
196 199
196 198
197 198
197 199
