0 1
0 3
0 5
0 7
0 41
0 49
0 86
0 152
0 15
0 160
0 84
0 75
0 168
0 6
0 74
0 71
0 24
0 63
0 181
0 138
0 167
0 79
0 198
0 196
0 157
0 66
0 11
0 136
0 56
0 18
0 4
0 129
0 149
0 31
0 178
0 46
0 90
0 38
0 23
0 170
0 118
0 92
0 21
0 108
0 142
0 77
0 43
0 193
0 80
0 112
0 30
0 42
0 109
0 187
0 33
0 106
0 14
0 166
0 185
0 161
0 19
0 147
0 195
0 192
0 175
0 65
0 13
0 72
0 105
0 85
0 120
0 191
0 174
0 162
0 55
0 128
0 60
0 44
0 69
0 8
0 140
0 70
0 28
0 113
0 81
0 119
0 132
0 48
0 37
0 156
0 139
0 87
0 135
0 96
1 2
1 4
1 12
1 50
1 61
1 181
1 132
1 29
1 114
1 3
1 185
1 9
1 15
1 30
1 133
1 119
1 63
1 117
1 190
1 195
1 195
1 192
1 127
1 156
1 10
1 56
1 140
1 154
1 166
1 112
1 176
1 42
1 80
1 152
1 101
1 41
1 59
1 87
1 62
1 129
1 39
1 68
1 75
1 124
1 103
1 38
1 145
1 139
1 110
1 149
1 8
1 163
1 196
1 24
1 183
1 5
1 94
1 144
1 172
1 108
1 17
1 66
1 7
1 78
1 188
1 22
1 76
1 19
1 46
1 161
1 47
1 40
1 109
1 55
1 84
1 31
1 57
2 6
2 13
2 19
2 71
2 87
2 169
2 89
2 156
2 153
2 134
2 198
2 121
2 66
2 73
2 101
2 84
2 52
2 122
2 146
2 135
2 119
2 185
2 172
2 114
2 55
2 32
2 44
2 106
2 58
2 30
2 94
2 105
2 173
2 187
2 79
2 11
2 83
2 56
2 191
2 171
2 160
2 22
2 175
2 33
2 93
2 35
2 47
2 190
2 14
2 176
2 17
2 76
2 38
2 25
2 63
2 111
2 8
2 168
2 166
2 137
2 49
2 142
2 120
2 77
2 69
2 110
2 88
2 139
2 95
2 132
2 91
2 184
2 31
2 9
2 98
2 127
2 90
2 180
2 5
2 130
2 136
3 14
3 16
3 36
3 38
3 46
3 109
3 132
3 111
3 161
3 143
3 160
3 126
3 193
3 44
3 69
3 175
3 53
3 64
3 68
3 18
3 80
3 107
3 138
3 137
3 40
3 154
3 108
3 39
3 194
3 5
3 180
3 60
3 34
3 155
3 9
3 91
3 8
3 83
3 184
3 134
3 48
3 156
3 77
3 142
3 78
3 10
3 90
3 171
3 71
3 96
3 52
3 162
3 166
3 173
3 183
3 35
3 33
3 118
3 75
3 41
3 105
3 188
3 61
3 76
3 86
3 169
3 19
3 7
3 115
3 149
3 178
3 84
3 74
3 141
3 93
3 122
3 94
3 87
3 174
3 148
3 147
3 114
3 73
3 133
3 27
3 88
3 28
3 140
3 85
3 72
4 8
4 10
4 33
4 115
4 152
4 23
4 16
4 14
4 42
4 69
4 168
4 43
4 29
4 82
4 187
4 178
4 133
4 138
4 121
4 71
4 76
4 154
4 139
4 28
4 128
4 74
4 31
4 161
4 81
4 91
4 117
4 131
4 150
4 198
4 153
4 50
4 111
4 27
4 12
4 32
4 182
4 75
4 156
4 61
4 100
4 170
4 155
4 149
4 116
4 166
4 183
4 179
4 185
4 99
4 39
4 6
4 77
4 197
4 118
4 36
4 5
4 25
4 92
4 134
4 126
4 55
4 194
4 172
4 57
4 83
4 124
4 73
4 52
4 97
4 164
4 144
4 89
4 136
4 174
4 87
4 60
4 64
4 132
4 112
4 104
4 78
4 70
4 79
4 125
4 114
5 52
5 98
5 83
5 99
5 119
5 126
5 53
5 169
5 89
5 80
5 128
5 16
5 132
5 164
5 194
5 175
5 137
5 87
5 95
5 191
5 92
5 104
5 102
5 74
5 185
5 6
5 21
5 86
5 173
5 101
5 58
5 7
5 46
5 153
5 182
5 54
5 115
5 138
5 152
5 34
5 166
5 31
5 30
5 47
5 183
5 11
5 100
5 172
5 174
5 33
5 63
5 196
5 51
5 75
5 48
5 154
5 198
5 151
5 113
5 70
5 111
5 42
5 55
5 188
5 66
5 177
5 56
5 116
5 176
5 160
5 36
5 156
5 141
5 39
5 105
5 35
5 50
5 27
5 94
5 38
5 121
5 26
5 180
5 140
5 64
5 123
5 103
5 82
5 57
5 199
5 199
5 78
5 45
5 134
5 139
5 28
5 136
6 20
6 25
6 70
6 140
6 145
6 26
6 112
6 182
6 7
6 29
6 37
6 137
6 139
6 132
6 53
6 149
6 110
6 195
6 190
6 49
6 59
6 89
6 106
6 63
6 15
6 183
6 87
6 103
6 161
6 125
6 168
6 97
6 13
6 191
6 41
6 86
6 155
6 130
6 180
6 117
6 80
6 138
6 85
6 163
6 43
6 148
6 170
6 158
6 143
6 28
6 66
6 48
6 126
6 88
6 119
6 51
6 146
6 84
6 114
6 121
6 9
6 42
6 74
6 11
6 81
6 19
6 82
6 76
6 118
6 94
6 65
6 172
6 47
6 128
6 109
6 141
6 104
6 176
6 107
6 96
6 192
6 54
6 16
6 116
6 44
6 171
6 32
6 166
6 151
6 197
6 39
6 24
6 189
6 194
6 188
6 123
7 9
7 23
7 76
7 91
7 108
7 78
7 47
7 35
7 141
7 62
7 159
7 133
7 57
7 147
7 114
7 83
7 42
7 55
7 154
7 119
7 129
7 176
7 84
7 109
7 150
7 184
7 82
7 165
7 170
7 198
7 49
7 194
7 161
7 113
7 97
7 41
7 98
7 130
7 148
7 137
7 56
7 34
7 169
7 172
7 68
7 52
7 174
7 48
7 180
7 116
7 127
7 193
7 178
7 88
7 63
7 37
7 12
7 22
7 18
7 81
7 53
7 139
7 175
7 126
7 93
7 132
7 186
7 195
7 156
7 162
7 26
7 140
7 85
7 29
7 110
7 70
7 15
7 121
7 188
7 80
7 30
7 13
7 87
7 46
7 72
7 173
7 11
8 11
8 27
8 57
8 80
8 160
8 49
8 103
8 107
8 126
8 149
8 18
8 98
8 128
8 120
8 24
8 44
8 59
8 140
8 189
8 32
8 118
8 76
8 143
8 96
8 26
8 167
8 165
8 142
8 105
8 130
8 198
8 52
8 95
8 50
8 162
8 10
8 100
8 184
8 34
8 146
8 127
8 97
8 60
8 20
8 112
8 67
8 116
8 71
8 136
8 188
8 196
8 17
8 54
8 115
8 113
8 84
8 135
8 145
8 123
8 150
8 56
8 78
8 86
8 58
8 117
8 106
8 42
8 101
8 61
8 133
8 82
8 64
8 104
8 30
8 91
8 81
8 43
8 85
8 22
8 109
8 179
8 175
8 16
8 134
8 194
8 138
8 122
9 37
9 110
9 176
9 99
9 85
9 68
9 73
9 60
9 53
9 111
9 31
9 101
9 118
9 122
9 144
9 112
9 190
9 13
9 62
9 189
9 120
9 42
9 49
9 69
9 45
9 22
9 141
9 135
9 41
9 194
9 194
9 188
9 184
9 171
9 97
9 78
9 25
9 30
9 27
9 125
9 137
9 40
9 153
9 103
9 119
9 83
9 65
9 61
9 133
9 140
9 80
9 46
9 43
9 164
9 142
9 58
9 18
9 32
9 90
9 199
9 149
9 185
9 183
9 187
9 108
9 70
9 105
9 126
9 86
9 168
9 63
9 94
9 77
9 123
9 129
9 115
9 107
9 186
9 34
9 165
9 35
10 24
10 54
10 190
10 32
10 80
10 199
10 172
10 107
10 16
10 136
10 56
10 36
10 105
10 194
10 94
10 18
10 137
10 139
10 71
10 21
10 41
10 29
10 99
10 167
10 151
10 43
10 116
10 161
10 90
10 174
10 145
10 85
10 153
10 22
10 192
10 154
10 68
10 131
10 103
10 152
10 33
10 38
10 64
10 14
10 61
10 164
10 129
10 27
10 86
10 142
10 110
10 191
10 150
10 48
10 65
10 113
10 104
10 159
10 135
10 177
10 163
10 182
10 140
10 178
10 51
10 55
10 197
10 195
10 30
10 189
10 15
10 130
10 143
10 138
10 118
10 28
10 72
10 88
10 40
10 93
10 168
10 101
10 124
10 176
10 184
10 75
11 15
11 17
11 40
11 48
11 139
11 183
11 119
11 185
11 168
11 116
11 109
11 33
11 120
11 12
11 50
11 54
11 131
11 115
11 104
11 64
11 192
11 90
11 23
11 170
11 198
11 138
11 43
11 77
11 82
11 125
11 93
11 34
11 105
11 49
11 57
11 62
11 91
11 45
11 176
11 160
11 156
11 163
11 128
11 123
11 71
11 38
11 42
11 94
11 188
11 194
11 169
11 122
11 99
11 58
11 161
11 187
11 78
11 87
11 175
11 167
11 159
11 177
11 52
11 72
11 39
11 172
11 44
11 70
11 173
11 149
11 60
11 148
11 132
11 121
11 158
11 171
11 24
11 195
11 133
11 179
11 88
11 69
11 157
11 89
11 84
11 67
12 28
12 43
12 69
12 97
12 26
12 110
12 29
12 122
12 183
12 130
12 48
12 151
12 84
12 191
12 134
12 120
12 125
12 157
12 137
12 87
12 41
12 108
12 131
12 18
12 39
12 85
12 140
12 30
12 163
12 189
12 59
12 33
12 149
12 152
12 78
12 14
12 112
12 190
12 34
12 89
12 37
12 146
12 197
12 197
12 176
12 47
12 27
12 124
12 181
12 159
12 174
12 132
12 170
12 167
12 150
12 193
12 72
12 186
12 32
12 199
12 127
12 128
12 52
12 139
12 31
12 17
12 187
12 66
12 133
12 86
12 19
12 119
12 62
12 15
12 53
12 184
12 50
12 73
12 175
12 13
12 24
12 36
12 138
12 164
13 84
13 189
13 124
13 184
13 71
13 54
13 40
13 75
13 88
13 101
13 85
13 119
13 42
13 121
13 143
13 19
13 140
13 94
13 175
13 187
13 138
13 49
13 136
13 37
13 181
13 21
13 198
13 76
13 177
13 25
13 29
13 116
13 172
13 135
13 139
13 117
13 56
13 182
13 114
13 176
13 52
13 83
13 55
13 63
13 149
13 97
13 98
13 192
13 160
13 122
13 133
13 178
13 185
13 81
13 36
13 91
13 58
13 92
13 179
13 104
13 14
13 158
13 77
13 168
13 191
13 35
13 157
13 106
13 188
13 90
13 66
13 72
13 18
13 100
13 51
13 186
13 70
13 165
13 147
13 131
13 69
13 93
13 173
13 171
13 48
13 113
13 17
13 195
13 82
13 31
13 162
13 134
13 110
13 169
14 18
14 32
14 131
14 151
14 178
14 172
14 78
14 20
14 21
14 63
14 67
14 117
14 180
14 47
14 57
14 84
14 82
14 68
14 51
14 102
14 36
14 143
14 159
14 88
14 80
14 15
14 189
14 189
14 127
14 19
14 22
14 23
14 79
14 155
14 144
14 184
14 122
14 110
14 39
14 191
14 94
14 171
14 53
14 194
14 96
14 116
14 105
14 118
14 179
14 31
14 166
14 161
14 121
14 49
14 163
14 174
14 91
14 140
14 112
14 169
14 187
14 107
14 175
14 160
14 92
14 62
14 167
14 135
14 113
14 157
14 150
14 142
14 26
14 145
14 185
15 31
15 34
15 75
15 161
15 95
15 22
15 107
15 178
15 47
15 189
15 144
15 146
15 93
15 184
15 175
15 106
15 169
15 63
15 16
15 122
15 136
15 87
15 159
15 123
15 158
15 69
15 96
15 196
15 20
15 199
15 172
15 42
15 59
15 68
15 148
15 39
15 110
15 167
15 140
15 24
15 143
15 187
15 82
15 99
15 170
15 192
15 192
15 48
15 147
15 61
15 149
15 94
15 113
15 85
15 193
15 18
15 44
15 114
15 197
15 176
15 54
15 72
15 153
15 97
15 49
15 174
15 50
15 179
15 183
15 190
15 71
15 40
15 90
15 30
15 134
15 27
15 41
15 52
15 102
15 160
15 129
15 135
15 121
15 163
15 198
15 67
15 65
15 119
15 164
15 56
15 152
15 58
15 26
15 104
16 68
16 65
16 139
16 40
16 62
16 134
16 102
16 179
16 61
16 116
16 170
16 168
16 136
16 100
16 185
16 47
16 87
16 133
16 150
16 190
16 27
16 86
16 43
16 186
16 54
16 77
16 60
16 109
16 192
16 80
16 164
16 92
16 84
16 19
16 172
16 90
16 82
16 147
16 152
16 37
16 142
16 48
16 114
16 88
16 17
16 49
16 111
16 161
16 79
16 74
16 64
16 95
16 197
16 81
16 149
16 171
16 45
16 137
16 132
16 75
16 135
16 67
16 127
16 31
16 70
16 93
16 141
16 72
16 121
16 24
16 51
16 118
16 107
16 91
16 128
16 103
16 34
16 169
16 110
17 26
17 190
17 80
17 186
17 186
17 94
17 155
17 66
17 197
17 158
17 40
17 153
17 107
17 79
17 163
17 162
17 54
17 165
17 130
17 195
17 51
17 95
17 150
17 23
17 76
17 138
17 132
17 125
17 45
17 30
17 129
17 131
17 115
17 28
17 185
17 198
17 104
17 100
17 49
17 169
17 135
17 36
17 192
17 91
17 60
17 168
17 82
17 59
17 73
17 189
17 96
17 88
17 58
17 21
17 64
17 143
17 86
17 77
17 111
17 83
17 44
17 65
17 181
17 112
17 98
17 31
17 156
17 71
17 22
17 69
17 124
17 102
17 122
17 57
17 175
17 78
17 191
17 183
17 152
18 111
18 194
18 173
18 123
18 142
18 130
18 83
18 34
18 28
18 100
18 120
18 138
18 53
18 99
18 124
18 131
18 160
18 107
18 85
18 188
18 172
18 116
18 64
18 136
18 151
18 62
18 122
18 115
18 197
18 158
18 44
18 29
18 73
18 127
18 171
18 179
18 166
18 102
18 153
18 126
18 191
18 33
18 92
18 121
18 170
18 167
18 114
18 63
18 168
18 185
18 198
18 175
18 56
18 50
18 36
18 155
18 106
18 103
18 163
18 193
18 162
18 40
18 41
18 149
18 186
18 104
18 180
18 180
18 70
18 76
18 20
18 165
18 80
18 134
18 42
18 159
18 133
18 19
18 39
18 89
18 192
18 140
19 79
19 144
19 131
19 75
19 83
19 149
19 28
19 91
19 121
19 167
19 186
19 184
19 189
19 59
19 94
19 183
19 21
19 112
19 126
19 81
19 107
19 23
19 164
19 168
19 174
19 67
19 104
19 198
19 82
19 22
19 151
19 61
19 26
19 90
19 48
19 150
19 161
19 31
19 199
19 40
19 116
19 172
19 172
19 138
19 85
19 33
19 44
19 84
19 165
19 130
19 137
19 188
19 169
19 73
19 177
19 108
19 46
19 64
19 52
19 57
19 194
19 55
19 170
19 178
19 109
19 162
19 145
19 129
19 139
19 100
19 47
19 66
19 36
19 105
19 132
19 42
19 92
19 158
19 135
19 38
20 21
20 131
20 106
20 52
20 31
20 102
20 98
20 37
20 92
20 154
20 101
20 195
20 171
20 164
20 130
20 159
20 45
20 83
20 118
20 24
20 178
20 65
20 138
20 122
20 132
20 144
20 115
20 85
20 84
20 147
20 137
20 71
20 70
20 23
20 158
20 139
20 90
20 79
20 91
20 82
20 99
20 120
20 116
20 67
20 53
20 180
20 165
20 186
20 194
20 48
20 36
20 34
20 47
20 128
20 168
20 88
20 63
20 50
20 192
20 94
20 103
20 184
20 173
20 56
20 110
20 162
20 46
20 58
20 136
20 39
20 108
20 73
20 125
20 76
20 149
20 193
20 89
20 119
20 113
20 191
20 134
21 22
21 101
21 37
21 45
21 163
21 172
21 194
21 26
21 148
21 128
21 108
21 60
21 184
21 64
21 152
21 121
21 87
21 138
21 73
21 42
21 57
21 79
21 149
21 141
21 136
21 25
21 123
21 71
21 142
21 55
21 61
21 94
21 125
21 82
21 67
21 124
21 114
21 90
21 29
21 68
21 171
21 167
21 147
21 76
21 115
21 112
21 162
21 159
21 28
21 107
21 193
21 179
21 54
21 95
21 161
21 168
21 116
21 176
21 176
21 126
21 165
21 198
21 192
21 38
21 195
21 93
21 130
21 88
21 78
21 111
21 77
21 27
21 197
21 102
21 110
21 137
21 50
21 140
21 53
21 183
21 164
21 44
21 91
21 33
21 156
21 144
22 42
22 58
22 62
22 109
22 80
22 156
22 187
22 84
22 119
22 106
22 89
22 101
22 127
22 104
22 197
22 185
22 29
22 192
22 82
22 138
22 53
22 57
22 171
22 64
22 161
22 143
22 149
22 183
22 186
22 191
22 50
22 145
22 158
22 195
22 136
22 66
22 76
22 184
22 166
22 180
22 128
22 118
22 47
22 32
22 36
22 137
22 97
22 117
22 59
22 35
22 160
22 133
22 181
22 181
22 41
22 165
22 105
22 174
22 73
22 27
22 33
22 176
22 129
22 65
22 163
22 38
22 110
22 146
22 39
22 123
22 188
22 142
22 153
22 167
22 96
22 198
22 131
22 63
22 78
22 113
22 189
22 74
22 103
23 45
23 162
23 127
23 168
23 163
23 29
23 153
23 194
23 129
23 25
23 78
23 154
23 92
23 176
23 44
23 159
23 93
23 134
23 148
23 63
23 95
23 81
23 178
23 70
23 167
23 32
23 128
23 113
23 133
23 102
23 57
23 33
23 111
23 156
23 144
23 28
23 66
23 76
23 51
23 142
23 108
23 109
23 198
23 185
23 164
23 39
23 94
23 47
23 193
23 100
23 197
23 84
23 67
23 131
23 179
23 189
23 130
23 86
23 83
23 41
23 116
23 190
23 191
23 188
23 68
23 80
23 122
23 121
23 99
23 91
23 186
23 152
23 52
23 89
23 147
23 175
23 175
23 187
24 35
24 51
24 140
24 137
24 152
24 28
24 125
24 154
24 95
24 189
24 54
24 72
24 80
24 191
24 53
24 104
24 192
24 158
24 59
24 65
24 74
24 91
24 34
24 117
24 32
24 178
24 88
24 71
24 97
24 76
24 164
24 98
24 185
24 68
24 41
24 57
24 48
24 127
24 159
24 60
24 39
24 132
24 50
24 92
24 55
24 144
24 145
24 181
24 75
24 170
24 170
24 84
24 77
24 38
24 134
24 111
24 184
24 122
24 160
24 73
24 61
24 66
24 115
24 151
24 56
24 126
24 90
24 106
24 188
24 123
24 121
24 190
24 107
24 37
24 131
24 64
24 29
24 101
24 187
24 44
24 119
24 47
24 58
24 195
25 29
25 64
25 164
25 102
25 111
25 193
25 191
25 130
25 195
25 151
25 95
25 139
25 94
25 165
25 188
25 80
25 110
25 108
25 73
25 150
25 163
25 143
25 170
25 61
25 26
25 53
25 144
25 43
25 149
25 162
25 49
25 38
25 109
25 50
25 118
25 187
25 169
25 114
25 135
25 85
25 146
25 134
25 116
25 34
25 127
25 101
25 136
25 89
25 51
25 31
25 158
25 36
25 171
25 99
25 39
25 137
25 198
25 76
25 132
25 112
25 145
25 140
25 175
25 105
25 56
25 121
25 81
25 107
25 92
25 104
25 155
25 194
25 168
25 133
25 33
25 96
25 157
25 62
25 147
25 87
25 54
25 199
25 55
25 185
25 71
26 81
26 63
26 61
26 164
26 194
26 79
26 95
26 29
26 68
26 44
26 111
26 183
26 156
26 141
26 60
26 189
26 58
26 106
26 177
26 40
26 135
26 153
26 195
26 198
26 145
26 75
26 90
26 134
26 117
26 76
26 55
26 66
26 100
26 71
26 85
26 99
26 158
26 56
26 148
26 138
26 126
26 151
26 105
26 186
26 72
26 176
26 118
26 89
26 150
26 109
26 140
26 174
26 51
26 42
26 132
26 104
26 120
26 168
26 168
26 102
26 146
26 57
26 27
26 131
26 123
26 59
26 147
26 116
26 46
26 121
26 157
27 74
27 103
27 111
27 60
27 98
27 138
27 85
27 58
27 108
27 143
27 65
27 170
27 157
27 177
27 28
27 83
27 147
27 39
27 32
27 194
27 155
27 54
27 128
27 137
27 171
27 188
27 173
27 173
27 122
27 53
27 181
27 132
27 76
27 88
27 36
27 43
27 133
27 115
27 49
27 130
27 140
27 166
27 45
27 31
27 167
27 41
27 187
27 96
27 64
27 33
27 134
27 106
27 184
27 69
27 91
27 100
27 87
27 186
27 176
27 68
27 114
27 141
27 38
27 110
27 84
27 196
27 101
27 81
27 126
27 189
27 119
27 29
27 148
27 125
28 44
28 128
28 173
28 190
28 171
28 131
28 181
28 56
28 84
28 30
28 49
28 136
28 147
28 194
28 137
28 94
28 119
28 157
28 60
28 36
28 102
28 129
28 158
28 175
28 161
28 57
28 61
28 74
28 148
28 39
28 142
28 135
28 186
28 176
28 38
28 155
28 159
28 80
28 68
28 169
28 37
28 77
28 53
28 76
28 191
28 65
28 180
28 153
28 174
28 195
28 154
28 168
28 123
28 40
28 45
28 146
28 117
28 64
28 97
28 121
28 197
28 165
28 43
28 192
28 105
28 41
28 127
28 156
28 185
28 115
28 87
28 70
28 164
28 184
29 30
29 136
29 197
29 94
29 99
29 195
29 115
29 87
29 171
29 117
29 77
29 89
29 139
29 110
29 145
29 39
29 163
29 78
29 129
29 166
29 158
29 34
29 152
29 100
29 121
29 51
29 47
29 198
29 143
29 190
29 118
29 155
29 66
29 48
29 185
29 177
29 76
29 95
29 181
29 102
29 60
29 182
29 97
29 70
29 49
29 84
29 192
29 188
29 44
29 153
29 164
29 175
29 114
29 116
29 32
29 103
29 154
29 130
29 31
29 138
29 124
29 40
29 133
29 142
29 144
29 161
29 128
29 159
29 43
29 179
29 35
29 91
29 157
29 178
29 135
29 62
29 183
29 85
29 92
29 193
29 72
30 39
30 47
30 53
30 56
30 73
30 154
30 104
30 121
30 115
30 31
30 165
30 165
30 118
30 147
30 55
30 126
30 190
30 127
30 195
30 45
30 164
30 49
30 160
30 70
30 48
30 33
30 44
30 72
30 194
30 148
30 172
30 99
30 142
30 93
30 106
30 94
30 152
30 65
30 111
30 132
30 168
30 167
30 157
30 51
30 95
30 89
30 170
30 120
30 146
30 181
30 42
30 40
30 162
30 198
30 140
30 186
30 133
30 71
30 91
30 130
30 116
30 184
30 158
30 112
30 128
30 35
30 177
30 92
30 196
30 110
30 192
30 108
30 185
30 161
30 77
30 81
30 80
31 83
31 41
31 191
31 85
31 108
31 97
31 166
31 71
31 59
31 153
31 174
31 48
31 89
31 194
31 123
31 67
31 37
31 184
31 192
31 61
31 177
31 38
31 94
31 40
31 42
31 167
31 88
31 100
31 193
31 168
31 139
31 129
31 150
31 188
31 140
31 126
31 44
31 103
31 50
31 60
31 109
31 179
31 124
31 189
31 154
31 163
31 34
31 63
31 136
31 145
31 64
31 105
31 170
31 187
31 143
31 54
31 72
31 117
31 169
31 169
31 92
31 52
31 165
31 155
31 197
31 57
31 33
31 65
31 69
31 91
31 51
31 171
31 76
31 95
31 43
31 159
31 81
31 151
31 79
31 116
31 98
31 107
31 182
31 96
32 55
32 182
32 197
32 58
32 159
32 82
32 137
32 36
32 188
32 76
32 176
32 77
32 83
32 97
32 175
32 169
32 196
32 100
32 180
32 61
32 178
32 145
32 166
32 153
32 50
32 189
32 135
32 118
32 165
32 101
32 56
32 131
32 199
32 86
32 104
32 119
32 67
32 148
32 155
32 79
32 171
32 191
32 73
32 40
32 93
32 89
32 185
32 74
32 62
32 85
32 49
32 45
32 140
32 133
32 143
32 123
32 142
32 75
32 96
32 42
32 51
32 162
32 181
32 46
32 91
32 170
32 109
32 139
32 125
32 127
32 134
32 136
32 147
32 149
32 59
32 163
32 72
32 183
32 68
33 108
33 191
33 157
33 163
33 190
33 34
33 72
33 99
33 118
33 77
33 65
33 55
33 110
33 53
33 134
33 70
33 199
33 46
33 59
33 109
33 125
33 42
33 69
33 139
33 192
33 93
33 48
33 183
33 184
33 137
33 141
33 85
33 47
33 150
33 74
33 103
33 182
33 90
33 161
33 168
33 68
33 156
33 169
33 144
33 127
33 188
33 181
33 104
33 167
33 91
33 35
33 178
33 159
33 111
33 106
33 60
33 132
33 49
33 133
33 172
33 76
33 198
33 197
33 82
33 151
33 84
33 119
33 121
33 58
33 101
33 193
33 73
33 71
33 166
33 166
33 136
33 38
33 78
33 164
33 143
33 41
33 189
33 140
34 161
34 160
34 55
34 84
34 103
34 41
34 75
34 83
34 111
34 131
34 133
34 165
34 68
34 136
34 44
34 187
34 91
34 80
34 39
34 101
34 153
34 157
34 127
34 192
34 96
34 156
34 35
34 90
34 69
34 52
34 149
34 141
34 36
34 71
34 42
34 144
34 118
34 159
34 94
34 193
34 128
34 56
34 116
34 113
34 88
34 148
34 197
34 117
34 183
34 168
34 179
34 189
34 81
34 97
34 108
34 146
34 49
34 172
34 151
34 142
34 73
34 77
34 173
34 145
34 95
34 63
34 174
34 154
34 76
34 85
34 107
34 92
34 66
34 177
34 47
34 196
34 163
34 191
35 107
35 183
35 152
35 172
35 56
35 167
35 145
35 142
35 81
35 197
35 194
35 111
35 159
35 159
35 199
35 112
35 77
35 166
35 70
35 49
35 165
35 157
35 132
35 171
35 161
35 130
35 85
35 148
35 180
35 108
35 110
35 114
35 64
35 127
35 46
35 97
35 87
35 189
35 37
35 52
35 153
35 133
35 98
35 170
35 57
35 116
35 38
35 58
35 105
35 173
35 164
35 163
35 55
35 82
35 151
35 42
35 176
35 101
35 185
35 60
35 80
35 135
35 195
35 106
35 54
35 113
35 168
35 61
35 99
35 156
35 95
35 67
35 74
35 177
36 180
36 196
36 132
36 159
36 175
36 106
36 187
36 83
36 42
36 139
36 56
36 104
36 120
36 61
36 192
36 90
36 94
36 186
36 179
36 50
36 108
36 89
36 189
36 97
36 198
36 137
36 122
36 54
36 156
36 74
36 168
36 197
36 99
36 173
36 68
36 105
36 71
36 138
36 67
36 182
36 78
36 154
36 63
36 109
36 128
36 45
36 161
36 49
36 123
36 164
36 178
36 91
36 121
36 69
36 87
36 149
36 174
36 181
36 57
36 62
36 77
36 73
36 143
36 172
36 153
36 55
36 166
36 183
36 191
36 103
36 124
37 67
37 74
37 142
37 116
37 121
37 193
37 131
37 55
37 44
37 106
37 154
37 190
37 56
37 69
37 80
37 45
37 58
37 104
37 51
37 120
37 160
37 170
37 188
37 94
37 52
37 60
37 133
37 155
37 155
37 68
37 124
37 145
37 53
37 150
37 47
37 178
37 111
37 107
37 108
37 110
37 92
37 199
37 65
37 112
37 136
37 192
37 129
37 184
37 78
37 102
37 87
37 171
37 194
37 89
37 191
37 135
37 71
37 48
37 61
37 101
37 82
37 128
37 93
37 181
37 86
37 186
37 96
37 109
37 179
37 173
37 157
37 153
37 165
37 159
37 73
38 125
38 170
38 44
38 180
38 143
38 113
38 59
38 174
38 45
38 145
38 94
38 165
38 43
38 117
38 72
38 122
38 123
38 41
38 182
38 181
38 89
38 128
38 104
38 187
38 52
38 112
38 53
38 64
38 101
38 184
38 134
38 149
38 48
38 178
38 115
38 126
38 96
38 175
38 153
38 39
38 111
38 191
38 154
38 56
38 40
38 162
38 55
38 109
38 103
38 151
38 173
38 70
38 85
38 158
38 47
38 93
38 177
38 80
38 160
38 84
38 169
38 77
38 95
39 62
39 158
39 158
39 136
39 156
39 115
39 165
39 195
39 50
39 178
39 67
39 177
39 84
39 98
39 105
39 66
39 166
39 194
39 71
39 155
39 89
39 45
39 119
39 135
39 82
39 176
39 100
39 64
39 127
39 118
39 191
39 140
39 174
39 131
39 106
39 87
39 190
39 80
39 182
39 133
39 70
39 52
39 43
39 134
39 56
39 116
39 59
39 93
39 137
39 183
39 181
39 138
39 144
39 120
39 154
39 161
39 72
39 175
39 54
39 173
39 44
39 172
39 111
39 57
39 42
39 109
39 121
39 143
39 184
39 148
39 169
39 99
39 193
39 69
39 51
39 199
39 192
39 157
39 142
39 60
39 123
39 150
39 91
39 48
39 77
40 60
40 93
40 193
40 57
40 59
40 128
40 65
40 199
40 90
40 181
40 45
40 114
40 100
40 146
40 76
40 109
40 191
40 170
40 145
40 129
40 92
40 110
40 70
40 127
40 161
40 133
40 190
40 184
40 143
40 103
40 174
40 123
40 50
40 139
40 197
40 196
40 152
40 189
40 56
40 162
40 116
40 85
40 131
40 186
40 183
40 188
40 82
40 53
40 171
40 48
40 108
40 195
40 63
40 159
40 169
40 164
40 55
40 77
40 87
40 91
40 178
40 111
40 58
40 43
40 124
40 194
40 78
40 67
40 137
40 138
40 66
40 182
40 154
40 176
40 126
40 185
40 68
40 64
40 106
40 141
40 132
40 149
40 72
40 151
41 84
41 135
41 171
41 148
41 183
41 81
41 173
41 176
41 45
41 87
41 141
41 73
41 67
41 188
41 121
41 44
41 43
41 90
41 195
41 112
41 129
41 65
41 192
41 94
41 51
41 55
41 152
41 60
41 177
41 157
41 197
41 123
41 116
41 96
41 91
41 93
41 59
41 151
41 196
41 150
41 109
41 164
41 189
41 187
41 118
41 58
41 132
41 57
41 72
41 155
41 79
41 48
41 167
41 190
41 66
41 145
41 149
41 160
41 136
41 78
41 124
41 114
41 92
42 44
42 84
42 100
42 117
42 194
42 126
42 58
42 183
42 148
42 189
42 151
42 141
42 65
42 127
42 153
42 43
42 197
42 131
42 88
42 174
42 190
42 60
42 191
42 149
42 57
42 113
42 184
42 107
42 125
42 123
42 97
42 173
42 181
42 110
42 89
42 163
42 165
42 70
42 159
42 195
42 158
42 162
42 124
42 63
42 166
42 85
42 98
42 52
42 129
42 101
42 112
42 160
42 95
42 77
42 185
42 78
42 145
42 139
42 90
42 155
42 62
42 59
42 79
42 132
42 167
42 147
42 147
42 54
42 116
42 106
43 156
43 156
43 176
43 135
43 53
43 187
43 47
43 108
43 199
43 101
43 90
43 163
43 196
43 140
43 116
43 114
43 77
43 72
43 70
43 55
43 164
43 185
43 59
43 124
43 188
43 79
43 123
43 197
43 136
43 60
43 177
43 65
43 82
43 112
43 182
43 67
43 149
43 110
43 150
43 168
43 80
43 139
43 50
43 128
43 142
43 127
43 98
43 89
43 174
43 143
43 175
43 57
43 180
43 194
43 132
43 190
43 91
43 179
43 170
43 169
43 119
43 45
43 106
43 64
43 155
43 44
43 193
43 198
43 141
43 171
43 129
44 66
44 75
44 151
44 189
44 113
44 110
44 101
44 52
44 186
44 54
44 47
44 67
44 91
44 76
44 122
44 149
44 103
44 99
44 127
44 74
44 73
44 49
44 168
44 157
44 166
44 86
44 131
44 104
44 88
44 170
44 63
44 143
44 107
44 56
44 64
44 115
44 197
44 89
44 106
44 109
44 184
44 183
44 182
44 57
44 69
44 114
44 141
44 61
44 161
44 176
44 155
44 192
44 46
44 138
44 125
44 156
44 48
44 152
44 118
44 198
44 180
44 70
44 123
44 129
44 95
44 62
44 121
44 137
44 79
44 90
44 163
44 55
44 179
44 94
44 68
44 78
44 117
45 175
45 61
45 46
45 107
45 104
45 143
45 160
45 166
45 137
45 135
45 101
45 110
45 106
45 180
45 52
45 51
45 86
45 158
45 89
45 113
45 181
45 163
45 95
45 102
45 103
45 176
45 199
45 139
45 124
45 79
45 159
45 109
45 161
45 186
45 179
45 105
45 171
45 196
45 144
45 121
45 99
45 130
45 172
45 82
45 76
45 94
45 136
45 129
45 85
45 119
45 194
45 162
45 74
45 68
45 97
45 145
45 60
45 57
45 96
45 149
45 182
45 111
45 65
45 59
45 167
46 183
46 81
46 182
46 196
46 133
46 192
46 120
46 125
46 164
46 64
46 185
46 116
46 156
46 130
46 101
46 148
46 74
46 142
46 79
46 91
46 155
46 163
46 137
46 161
46 60
46 68
46 158
46 87
46 153
46 113
46 70
46 61
46 62
46 57
46 47
46 75
46 110
46 123
46 171
46 175
46 126
46 82
46 169
46 54
46 66
46 176
46 141
46 107
46 134
46 119
46 63
46 188
46 127
46 190
46 90
46 162
46 100
46 144
46 106
46 168
46 69
46 88
46 167
46 138
46 56
46 194
46 95
46 117
47 61
47 95
47 87
47 51
47 121
47 101
47 171
47 167
47 175
47 144
47 173
47 151
47 129
47 103
47 81
47 77
47 55
47 68
47 132
47 170
47 56
47 93
47 74
47 50
47 63
47 59
47 183
47 135
47 166
47 122
47 48
47 58
47 146
47 111
47 182
47 64
47 82
47 107
47 123
47 188
47 174
47 69
47 148
47 195
47 198
47 178
47 116
47 100
47 152
47 127
47 80
47 113
47 162
47 140
47 79
47 108
47 57
47 185
47 149
47 141
47 159
47 130
47 102
47 70
47 75
47 119
47 150
47 150
47 193
48 150
48 177
48 182
48 50
48 80
48 96
48 102
48 82
48 55
48 73
48 136
48 74
48 90
48 147
48 121
48 63
48 129
48 61
48 159
48 123
48 105
48 99
48 132
48 52
48 107
48 185
48 144
48 144
48 69
48 103
48 135
48 51
48 119
48 76
48 133
48 160
48 94
48 137
48 83
48 49
48 181
48 192
48 186
48 106
48 193
48 112
48 115
48 164
48 196
48 95
48 174
48 155
48 60
48 64
48 57
48 157
48 134
48 116
48 162
48 122
48 85
48 117
48 163
48 197
48 111
48 68
48 180
49 78
49 112
49 153
49 71
49 50
49 96
49 182
49 145
49 145
49 119
49 196
49 135
49 64
49 170
49 176
49 168
49 66
49 189
49 82
49 111
49 74
49 134
49 79
49 89
49 165
49 164
49 122
49 99
49 65
49 95
49 86
49 161
49 193
49 106
49 141
49 75
49 97
49 155
49 104
49 63
49 109
49 105
49 55
49 92
49 152
49 80
49 191
49 143
49 175
49 156
49 183
49 118
49 124
49 178
49 108
49 58
49 87
49 187
50 59
50 63
50 67
50 100
50 69
50 183
50 87
50 138
50 113
50 74
50 149
50 96
50 190
50 60
50 199
50 166
50 94
50 177
50 179
50 119
50 109
50 153
50 102
50 99
50 147
50 58
50 101
50 64
50 56
50 72
50 95
50 127
50 152
50 53
50 187
50 76
50 167
50 93
50 161
50 122
50 157
50 115
50 57
50 83
50 134
50 156
50 55
50 164
50 175
50 188
50 144
50 112
50 77
50 92
50 143
50 171
50 123
50 98
50 137
50 137
50 61
50 66
50 117
50 163
50 70
50 129
50 124
50 132
51 96
51 85
51 156
51 178
51 184
51 73
51 80
51 148
51 152
51 102
51 150
51 82
51 187
51 117
51 194
51 199
51 88
51 107
51 89
51 132
51 185
51 128
51 170
51 106
51 179
51 169
51 140
51 137
51 191
51 195
51 168
51 97
51 127
51 163
51 60
51 147
51 197
51 90
51 171
51 98
51 65
51 125
51 172
51 110
51 174
51 189
51 68
51 188
51 183
51 176
51 157
51 113
51 116
52 141
52 141
52 156
52 77
52 97
52 79
52 173
52 163
52 151
52 133
52 114
52 162
52 138
52 66
52 74
52 131
52 149
52 123
52 152
52 120
52 96
52 81
52 178
52 155
52 171
52 147
52 70
52 58
52 153
52 189
52 139
52 116
52 169
52 128
52 90
52 195
52 113
52 187
52 61
52 57
52 73
52 194
52 170
52 182
52 93
52 157
52 85
52 71
52 80
52 132
52 101
52 176
52 184
52 78
52 64
52 106
52 166
53 72
53 89
53 61
53 184
53 116
53 152
53 138
53 130
53 176
53 105
53 63
53 111
53 120
53 195
53 88
53 73
53 142
53 133
53 57
53 165
53 149
53 55
53 98
53 77
53 102
53 194
53 78
53 158
53 60
53 66
53 180
53 187
53 122
53 67
53 75
53 166
53 121
53 112
53 146
53 64
53 151
53 129
53 172
53 186
53 127
53 175
53 132
53 86
53 99
53 197
53 96
53 190
53 87
53 119
53 92
53 163
53 131
53 95
53 84
53 114
53 117
53 90
53 171
53 173
53 178
53 54
53 106
53 125
53 94
53 196
53 167
53 174
53 160
53 71
53 97
53 80
53 91
53 100
53 118
53 109
53 59
53 85
54 77
54 195
54 177
54 196
54 122
54 123
54 155
54 115
54 72
54 67
54 139
54 128
54 144
54 131
54 104
54 182
54 174
54 56
54 82
54 112
54 142
54 160
54 71
54 146
54 65
54 78
54 199
54 113
54 84
54 173
54 60
54 101
54 145
54 68
54 130
54 102
54 143
54 119
54 164
54 95
54 156
54 137
54 141
54 149
54 169
54 188
54 152
54 91
54 166
54 194
54 171
54 172
54 140
54 189
54 109
54 55
54 74
54 132
54 184
55 111
55 180
55 121
55 199
55 175
55 130
55 68
55 113
55 190
55 87
55 188
55 122
55 164
55 136
55 144
55 78
55 158
55 66
55 92
55 109
55 149
55 196
55 114
55 105
55 85
55 86
55 172
55 131
55 75
55 187
55 198
55 64
55 117
55 119
55 99
55 98
55 127
55 104
55 155
55 146
55 185
55 107
55 80
55 195
55 143
55 197
55 135
55 151
55 65
55 141
55 123
55 74
55 183
55 178
55 161
55 116
55 60
55 76
55 126
55 177
55 89
55 90
55 173
55 165
55 139
55 139
55 59
56 64
56 106
56 83
56 199
56 190
56 150
56 68
56 79
56 107
56 120
56 197
56 114
56 63
56 110
56 157
56 125
56 141
56 99
56 130
56 162
56 147
56 177
56 129
56 116
56 146
56 140
56 127
56 115
56 62
56 124
56 198
56 136
56 138
56 104
56 81
56 139
56 61
56 58
56 171
56 188
56 164
56 143
56 126
56 113
56 87
56 165
56 192
56 80
56 90
56 160
56 118
56 145
56 176
56 131
56 128
56 144
56 181
56 193
56 123
56 100
56 185
57 65
57 101
57 139
57 87
57 162
57 178
57 108
57 125
57 155
57 85
57 95
57 173
57 180
57 152
57 119
57 100
57 93
57 79
57 124
57 153
57 149
57 90
57 123
57 63
57 164
57 110
57 170
57 194
57 113
57 167
57 116
57 73
57 75
57 166
57 179
57 136
57 150
57 141
57 165
57 159
57 86
57 69
57 60
57 106
57 74
57 137
57 171
57 115
57 172
57 94
57 77
57 92
57 81
58 141
58 98
58 99
58 101
58 150
58 183
58 177
58 129
58 134
58 134
58 95
58 174
58 81
58 97
58 102
58 192
58 191
58 88
58 90
58 198
58 61
58 126
58 76
58 113
58 137
58 83
58 184
58 116
58 188
58 179
58 105
58 160
58 115
58 124
58 148
58 171
58 94
58 161
58 127
58 197
58 107
58 170
58 86
58 139
58 144
58 122
58 176
58 132
58 153
58 72
58 195
58 104
58 62
58 75
58 79
58 121
58 156
58 59
58 169
58 178
58 82
59 153
59 103
59 99
59 198
59 68
59 137
59 83
59 120
59 67
59 124
59 111
59 117
59 187
59 87
59 132
59 132
59 189
59 64
59 161
59 92
59 184
59 131
59 122
59 197
59 73
59 102
59 171
59 88
59 179
59 82
59 194
59 70
59 90
59 126
59 148
59 199
59 105
59 156
59 183
59 196
59 95
59 63
59 69
59 155
59 121
59 185
59 193
59 101
59 163
59 158
59 79
59 78
59 60
59 172
59 178
59 164
59 107
59 150
59 152
59 114
59 176
59 144
59 167
59 191
59 145
59 61
59 94
60 167
60 104
60 67
60 176
60 152
60 77
60 146
60 106
60 74
60 63
60 140
60 92
60 97
60 94
60 86
60 183
60 110
60 122
60 64
60 129
60 121
60 141
60 87
60 147
60 72
60 101
60 133
60 149
60 79
60 197
60 189
60 166
60 130
60 103
60 89
60 118
60 155
60 81
60 70
60 84
60 168
60 136
60 124
60 126
60 143
60 113
60 172
60 138
60 85
60 174
60 158
60 132
60 196
60 150
60 154
60 73
60 187
60 148
60 128
60 78
60 82
60 66
60 178
60 116
60 153
60 117
60 108
60 99
60 199
61 82
61 151
61 195
61 171
61 187
61 157
61 166
61 140
61 119
61 128
61 97
61 68
61 106
61 168
61 199
61 174
61 180
61 137
61 159
61 108
61 111
61 65
61 136
61 190
61 177
61 161
61 109
61 150
61 146
61 103
61 105
61 77
61 173
61 75
61 189
61 112
61 183
61 78
61 69
61 67
61 169
61 163
61 98
61 92
61 167
61 165
61 135
61 197
61 131
61 100
61 138
61 85
61 124
61 63
61 114
61 113
61 196
61 149
61 66
61 101
61 188
61 79
61 62
61 83
62 122
62 155
62 95
62 159
62 179
62 108
62 67
62 194
62 158
62 163
62 72
62 193
62 112
62 103
62 65
62 115
62 138
62 139
62 150
62 134
62 144
62 126
62 166
62 129
62 69
62 124
62 184
62 175
62 90
62 116
62 106
62 89
62 165
62 84
62 113
62 111
62 191
62 199
62 130
62 75
62 157
62 185
62 180
62 71
62 142
62 142
62 161
62 183
62 109
62 114
62 148
62 92
62 128
62 149
62 164
62 162
62 152
62 178
63 118
63 126
63 166
63 128
63 134
63 145
63 122
63 116
63 199
63 137
63 161
63 148
63 144
63 124
63 83
63 156
63 195
63 162
63 184
63 142
63 182
63 127
63 115
63 185
63 121
63 169
63 177
63 76
63 152
63 157
63 97
63 108
63 181
63 80
63 153
63 79
63 94
63 123
63 125
63 193
63 77
63 151
63 138
63 85
63 114
63 189
63 155
63 95
63 175
63 92
63 186
63 73
63 69
63 139
63 91
63 99
63 197
63 149
63 71
63 112
64 195
64 159
64 135
64 73
64 169
64 177
64 199
64 150
64 87
64 154
64 173
64 101
64 175
64 125
64 183
64 78
64 131
64 167
64 89
64 180
64 120
64 126
64 149
64 75
64 182
64 143
64 139
64 90
64 171
64 185
64 91
64 74
64 97
64 88
64 102
64 134
64 103
64 170
64 95
64 77
64 129
64 114
64 82
64 67
64 112
64 127
64 174
64 132
64 85
64 105
64 133
64 124
64 198
64 181
64 115
64 193
64 69
64 66
64 179
64 98
65 81
65 116
65 173
65 72
65 75
65 177
65 133
65 101
65 176
65 195
65 118
65 194
65 172
65 158
65 163
65 130
65 174
65 121
65 125
65 148
65 69
65 157
65 189
65 178
65 78
65 80
65 197
65 93
65 149
65 156
65 184
65 95
65 119
65 110
65 166
65 141
65 115
65 128
65 144
65 140
65 140
65 159
65 70
65 153
65 94
65 113
65 137
65 142
65 107
65 123
65 187
65 83
65 134
65 191
65 136
65 108
65 82
65 106
66 142
66 170
66 110
66 161
66 149
66 84
66 120
66 86
66 184
66 117
66 133
66 133
66 82
66 188
66 143
66 130
66 123
66 141
66 191
66 114
66 129
66 121
66 85
66 194
66 148
66 72
66 180
66 177
66 124
66 106
66 115
66 175
66 139
66 122
66 78
66 105
66 195
66 162
66 189
66 93
66 198
66 94
66 108
66 92
66 81
66 152
66 192
66 164
66 165
66 104
66 95
66 169
66 118
66 134
66 137
66 197
67 86
67 181
67 136
67 76
67 152
67 143
67 92
67 114
67 192
67 119
67 72
67 111
67 116
67 161
67 70
67 137
67 125
67 131
67 77
67 166
67 171
67 117
67 141
67 123
67 94
67 165
67 130
67 140
67 156
67 99
67 115
67 179
67 139
67 89
67 193
67 196
67 188
67 109
67 108
67 154
67 154
67 91
67 199
67 149
67 103
67 78
67 167
67 160
67 147
67 113
67 84
67 127
67 153
67 81
67 168
67 133
67 112
67 104
67 138
67 162
67 159
68 173
68 190
68 90
68 108
68 185
68 103
68 180
68 99
68 192
68 106
68 97
68 168
68 193
68 92
68 164
68 178
68 78
68 133
68 94
68 187
68 81
68 186
68 126
68 137
68 105
68 124
68 119
68 89
68 91
68 77
68 101
68 82
68 141
68 98
68 157
68 150
68 73
68 136
68 102
68 104
68 163
68 93
68 160
68 122
68 197
68 166
68 115
68 169
68 76
68 189
68 118
68 130
68 188
68 156
68 85
68 198
68 165
69 177
69 133
69 167
69 77
69 140
69 87
69 119
69 92
69 199
69 97
69 88
69 164
69 84
69 142
69 186
69 90
69 121
69 135
69 148
69 96
69 174
69 117
69 95
69 126
69 129
69 181
69 112
69 127
69 125
69 190
69 157
69 150
69 130
69 188
69 108
69 138
69 123
69 187
69 171
69 122
69 70
69 73
69 141
69 74
69 89
69 158
69 159
69 175
69 147
69 115
69 176
69 136
69 93
69 104
69 132
69 179
69 82
69 160
69 116
69 78
69 72
69 102
69 139
69 81
69 100
69 193
69 165
70 180
70 162
70 87
70 75
70 113
70 80
70 119
70 93
70 145
70 185
70 107
70 142
70 102
70 156
70 187
70 83
70 79
70 95
70 104
70 172
70 94
70 153
70 110
70 177
70 88
70 199
70 90
70 140
70 139
70 77
70 71
70 138
70 174
70 178
70 195
70 99
70 155
70 121
70 117
70 84
70 179
70 141
70 125
70 92
70 123
70 72
70 188
70 159
70 132
70 97
70 109
70 120
70 164
70 165
70 186
70 129
70 129
70 116
70 182
70 137
71 98
71 187
71 132
71 184
71 76
71 112
71 158
71 82
71 80
71 149
71 152
71 154
71 170
71 81
71 128
71 78
71 148
71 115
71 94
71 172
71 107
71 190
71 142
71 86
71 106
71 100
71 182
71 108
71 199
71 116
71 74
71 118
71 129
71 114
71 93
71 150
71 97
71 83
71 168
71 126
71 92
71 145
71 79
71 139
71 141
71 173
71 117
71 153
71 88
71 101
71 96
71 122
71 146
71 147
71 161
71 90
71 123
71 131
71 189
71 191
71 198
71 163
71 164
72 105
72 117
72 184
72 166
72 149
72 182
72 111
72 162
72 142
72 119
72 97
72 193
72 153
72 163
72 122
72 137
72 93
72 169
72 171
72 146
72 73
72 92
72 191
72 130
72 178
72 159
72 76
72 86
72 158
72 154
72 99
72 121
72 172
72 181
72 131
72 185
72 83
72 81
72 98
72 144
72 104
72 192
72 152
72 129
72 90
72 186
72 194
72 95
72 106
72 199
72 177
72 109
72 135
72 115
72 94
72 134
72 103
72 195
72 190
72 87
73 181
73 97
73 145
73 109
73 198
73 112
73 167
73 119
73 195
73 177
73 75
73 134
73 183
73 125
73 175
73 192
73 78
73 132
73 189
73 101
73 82
73 160
73 184
73 140
73 93
73 116
73 159
73 107
73 154
73 161
73 111
73 83
73 164
73 139
73 118
73 135
73 185
73 197
73 85
73 94
73 186
73 174
73 127
73 108
73 142
73 196
73 87
73 173
73 126
73 176
73 194
73 92
73 84
73 138
73 149
73 152
73 191
74 78
74 85
74 138
74 174
74 192
74 100
74 88
74 101
74 131
74 131
74 81
74 190
74 161
74 91
74 115
74 176
74 103
74 144
74 98
74 75
74 118
74 102
74 150
74 113
74 124
74 157
74 140
74 122
74 145
74 95
74 151
74 172
74 189
74 177
74 96
74 160
74 169
74 166
74 152
74 159
74 77
74 134
74 199
74 109
74 193
74 83
74 89
74 148
74 141
74 149
74 143
74 168
74 186
74 104
74 80
74 133
74 110
74 129
75 145
75 185
75 93
75 186
75 163
75 152
75 129
75 138
75 178
75 135
75 135
75 169
75 132
75 111
75 142
75 76
75 102
75 98
75 112
75 183
75 95
75 180
75 181
75 182
75 90
75 150
75 192
75 149
75 89
75 105
75 117
75 108
75 144
75 141
75 191
75 119
75 198
75 140
75 151
75 78
75 94
75 165
75 166
75 184
75 196
75 199
75 189
75 177
75 188
75 88
75 176
75 162
75 122
75 187
75 179
76 94
76 170
76 85
76 169
76 167
76 175
76 128
76 87
76 104
76 77
76 92
76 103
76 138
76 130
76 142
76 186
76 123
76 82
76 88
76 166
76 172
76 95
76 111
76 180
76 132
76 156
76 127
76 127
76 144
76 195
76 125
76 155
76 143
76 89
76 79
76 154
76 83
76 162
76 171
76 86
76 148
76 152
76 93
76 187
76 146
76 99
76 194
76 181
76 189
76 185
76 198
76 176
76 137
76 178
76 78
77 148
77 198
77 168
77 140
77 98
77 160
77 176
77 145
77 92
77 173
77 110
77 119
77 196
77 126
77 103
77 129
77 120
77 79
77 199
77 132
77 83
77 121
77 121
77 104
77 166
77 84
77 127
77 153
77 130
77 133
77 187
77 161
77 78
77 128
77 81
77 179
77 197
77 180
77 105
77 192
77 144
77 107
77 155
77 139
77 100
77 171
77 154
77 125
77 190
77 150
78 156
78 180
78 136
78 196
78 117
78 192
78 144
78 94
78 174
78 85
78 134
78 102
78 127
78 106
78 100
78 166
78 142
78 97
78 173
78 121
78 158
78 120
78 101
78 147
78 191
78 171
78 86
78 153
78 140
78 154
78 197
78 178
78 132
78 137
78 193
78 175
78 108
78 177
78 115
78 93
78 186
78 157
78 190
78 183
78 107
78 79
78 189
78 138
79 178
79 149
79 80
79 109
79 107
79 172
79 119
79 167
79 150
79 132
79 148
79 93
79 151
79 113
79 120
79 188
79 142
79 97
79 166
79 190
79 154
79 180
79 198
79 156
79 146
79 94
79 192
79 169
79 85
79 155
79 128
79 82
79 136
79 136
79 108
79 160
79 189
79 102
79 163
79 181
79 196
79 101
79 199
79 159
79 89
79 103
79 110
79 161
79 88
79 92
79 125
79 152
79 130
79 177
79 165
80 99
80 185
80 182
80 171
80 184
80 138
80 190
80 166
80 162
80 156
80 128
80 141
80 91
80 82
80 85
80 102
80 177
80 142
80 178
80 121
80 148
80 100
80 131
80 112
80 163
80 94
80 108
80 123
80 123
80 150
80 154
80 109
80 179
80 81
80 155
80 115
80 127
80 153
80 101
80 144
80 110
80 173
80 151
80 97
80 193
80 143
80 139
80 168
80 169
80 170
80 195
80 126
80 196
80 158
80 192
81 90
81 109
81 171
81 106
81 164
81 127
81 138
81 133
81 185
81 89
81 96
81 150
81 123
81 126
81 153
81 140
81 121
81 183
81 88
81 107
81 97
81 178
81 199
81 91
81 118
81 114
81 102
81 152
81 85
81 196
81 148
81 177
81 124
81 124
81 112
81 193
81 181
81 197
81 169
81 122
81 115
81 187
81 186
81 154
81 182
81 113
81 139
81 136
81 117
81 119
81 104
81 101
81 83
81 172
82 199
82 193
82 180
82 106
82 135
82 154
82 146
82 168
82 182
82 118
82 162
82 167
82 150
82 96
82 165
82 159
82 91
82 179
82 147
82 122
82 105
82 93
82 98
82 139
82 170
82 89
82 161
82 155
82 133
82 187
82 183
82 83
82 169
82 90
82 101
82 129
82 97
82 192
82 177
82 144
82 143
82 140
82 92
82 112
82 197
82 103
82 124
82 127
82 148
82 117
82 114
83 88
83 117
83 171
83 123
83 141
83 161
83 120
83 120
83 198
83 164
83 108
83 188
83 147
83 166
83 177
83 172
83 152
83 168
83 153
83 107
83 167
83 129
83 126
83 196
83 130
83 181
83 155
83 97
83 102
83 191
83 127
83 86
83 173
83 119
83 114
83 131
83 112
83 174
83 139
83 160
83 182
83 143
83 169
83 162
83 195
83 159
83 197
83 95
84 92
84 196
84 120
84 168
84 189
84 87
84 183
84 180
84 133
84 137
84 157
84 164
84 106
84 198
84 160
84 147
84 105
84 125
84 114
84 130
84 135
84 167
84 121
84 179
84 144
84 192
84 165
84 155
84 150
84 161
84 172
84 169
84 174
84 131
84 128
84 108
84 184
84 143
84 194
84 101
84 102
84 153
84 90
84 98
84 188
84 129
84 95
84 91
84 191
84 122
85 143
85 182
85 148
85 146
85 174
85 158
85 123
85 126
85 128
85 130
85 86
85 165
85 150
85 164
85 166
85 122
85 117
85 152
85 93
85 88
85 135
85 99
85 178
85 116
85 184
85 167
85 103
85 140
85 199
85 196
85 185
85 131
85 142
85 189
85 127
85 175
85 161
85 100
85 138
85 172
85 124
85 154
85 134
85 195
85 173
85 90
85 179
85 118
85 156
86 123
86 158
86 94
86 168
86 100
86 199
86 154
86 198
86 115
86 151
86 95
86 132
86 190
86 124
86 90
86 102
86 185
86 152
86 191
86 103
86 155
86 98
86 153
86 181
86 159
86 104
86 128
86 146
86 150
86 111
86 169
86 161
86 197
86 162
86 147
86 194
86 114
86 109
86 196
86 172
86 163
86 160
86 130
86 101
86 117
86 117
86 106
87 134
87 149
87 188
87 166
87 129
87 140
87 177
87 197
87 189
87 167
87 124
87 139
87 194
87 99
87 115
87 128
87 187
87 142
87 154
87 137
87 97
87 100
87 121
87 141
87 127
87 159
87 96
87 156
87 196
87 173
87 152
87 120
87 105
87 93
87 135
87 90
87 147
87 176
87 143
87 191
87 148
87 114
87 178
87 132
87 106
87 130
88 112
88 119
88 174
88 173
88 97
88 105
88 116
88 116
88 137
88 120
88 195
88 171
88 126
88 148
88 96
88 179
88 180
88 117
88 155
88 160
88 118
88 129
88 146
88 159
88 111
88 123
88 99
88 177
88 130
88 100
88 154
88 95
88 113
88 184
88 157
88 138
88 196
88 98
88 167
88 109
88 161
88 128
88 183
88 189
88 168
88 165
89 124
89 184
89 100
89 146
89 95
89 180
89 196
89 183
89 167
89 114
89 191
89 105
89 121
89 168
89 110
89 195
89 132
89 178
89 148
89 187
89 116
89 127
89 101
89 99
89 162
89 164
89 93
89 165
89 176
89 144
89 192
89 166
89 131
89 140
89 150
89 177
89 186
89 97
89 147
89 189
89 160
89 113
89 125
89 104
89 198
89 136
89 117
89 122
89 122
89 193
89 190
89 173
89 159
89 120
89 156
89 92
90 114
90 108
90 189
90 120
90 92
90 190
90 158
90 183
90 165
90 93
90 110
90 112
90 106
90 159
90 167
90 105
90 143
90 170
90 139
90 191
90 175
90 157
90 195
90 181
90 126
90 96
90 121
90 125
90 168
90 124
90 131
90 192
90 102
90 182
90 162
90 118
90 152
90 150
90 156
90 164
90 176
90 113
90 144
90 98
90 142
90 149
90 188
90 94
91 194
91 150
91 189
91 144
91 196
91 106
91 123
91 145
91 119
91 166
91 153
91 135
91 195
91 152
91 197
91 148
91 190
91 182
91 186
91 167
91 188
91 181
91 98
91 165
91 160
91 126
91 156
91 187
91 192
91 163
91 179
91 141
91 130
91 127
91 107
91 101
91 180
91 173
91 105
91 154
91 113
91 147
91 108
91 193
91 184
91 155
91 118
91 96
91 109
91 120
91 125
91 162
92 123
92 184
92 100
92 165
92 191
92 173
92 95
92 177
92 115
92 170
92 114
92 181
92 168
92 167
92 121
92 108
92 193
92 190
92 153
92 169
92 182
92 109
92 180
92 111
92 194
92 105
92 99
92 178
92 104
92 126
92 143
92 172
92 134
92 159
92 112
92 188
92 132
92 101
92 103
92 166
93 147
93 189
93 139
93 156
93 127
93 177
93 178
93 158
93 117
93 107
93 123
93 104
93 182
93 133
93 143
93 174
93 187
93 101
93 166
93 95
93 118
93 151
93 183
93 142
93 131
93 167
93 111
93 168
93 185
93 96
93 135
93 94
93 124
93 172
93 116
93 106
93 136
93 145
93 115
93 196
93 195
93 103
93 120
93 163
93 110
93 199
93 119
93 141
93 125
93 105
93 193
93 162
93 152
93 109
93 190
94 102
94 197
94 132
94 106
94 114
94 143
94 120
94 199
94 131
94 179
94 175
94 122
94 178
94 142
94 184
94 101
94 119
94 141
94 99
94 151
94 189
94 165
94 121
94 144
94 196
94 111
94 123
94 128
94 145
94 191
94 124
94 174
94 135
94 139
94 186
94 190
94 168
94 109
94 166
94 182
94 95
94 155
94 138
94 125
94 177
94 127
94 150
94 172
94 112
94 195
94 164
94 97
95 186
95 99
95 157
95 127
95 181
95 107
95 121
95 167
95 124
95 146
95 159
95 112
95 97
95 113
95 139
95 180
95 194
95 128
95 136
95 178
95 174
95 115
95 149
95 173
95 185
95 158
95 176
95 170
95 131
95 169
95 105
95 195
95 188
95 152
95 109
95 130
95 108
95 126
95 151
95 98
95 129
95 133
95 165
95 187
95 117
96 116
96 175
96 182
96 146
96 181
96 164
96 101
96 100
96 158
96 110
96 117
96 159
96 193
96 119
96 198
96 180
96 170
96 111
96 124
96 109
96 136
96 156
96 173
96 107
96 168
96 150
96 187
96 103
96 157
96 184
96 97
96 155
96 127
96 144
96 99
96 121
96 131
96 113
96 195
96 138
96 140
96 171
96 197
96 169
96 108
96 130
96 125
96 162
96 148
97 145
97 107
97 132
97 140
97 179
97 133
97 195
97 113
97 147
97 138
97 187
97 198
97 158
97 175
97 128
97 193
97 141
97 110
97 106
97 166
97 197
97 167
97 104
97 189
97 105
97 146
97 168
97 182
97 99
97 190
97 184
97 124
97 125
97 151
97 112
97 181
97 134
97 169
97 108
97 98
97 114
97 159
97 148
97 156
97 130
97 183
97 188
97 127
98 150
98 156
98 162
98 146
98 183
98 141
98 116
98 185
98 105
98 105
98 142
98 197
98 164
98 163
98 187
98 172
98 147
98 158
98 188
98 106
98 198
98 186
98 177
98 152
98 159
98 195
98 131
98 161
98 193
98 121
98 171
98 127
98 103
98 117
98 123
98 173
98 167
98 138
98 135
98 134
98 112
98 182
98 178
98 157
98 174
98 132
98 102
98 149
98 120
99 120
99 121
99 133
99 187
99 194
99 129
99 161
99 154
99 159
99 156
99 178
99 123
99 101
99 101
99 134
99 110
99 151
99 116
99 113
99 147
99 131
99 175
99 181
99 126
99 162
99 106
99 166
99 157
99 152
99 158
99 172
99 182
99 153
99 148
99 132
99 118
99 171
99 137
99 189
99 140
99 185
99 177
99 112
99 130
99 168
99 109
99 183
99 150
99 160
99 100
99 128
99 190
99 127
99 188
100 187
100 117
100 149
100 164
100 199
100 104
100 142
100 130
100 172
100 178
100 151
100 163
100 143
100 177
100 103
100 153
100 127
100 158
100 170
100 169
100 194
100 147
100 136
100 154
100 175
100 102
100 101
100 113
100 155
100 132
100 184
100 160
100 185
100 120
100 180
100 145
100 106
100 183
100 197
100 152
100 156
100 150
100 124
100 167
100 141
100 121
100 161
100 191
100 108
100 110
100 189
100 126
100 165
100 129
101 104
101 117
101 112
101 181
101 113
101 179
101 134
101 177
101 147
101 184
101 118
101 195
101 116
101 158
101 109
101 178
101 197
101 198
101 122
101 182
101 170
101 128
101 159
101 199
101 183
101 130
101 153
101 149
101 102
101 160
101 135
101 190
101 151
101 172
101 137
101 105
101 133
101 157
101 196
102 135
102 138
102 152
102 172
102 140
102 145
102 161
102 114
102 185
102 139
102 146
102 108
102 117
102 184
102 147
102 116
102 175
102 109
102 183
102 190
102 112
102 143
102 160
102 186
102 197
102 174
102 148
102 118
102 107
102 105
102 193
102 106
102 159
102 113
102 124
102 144
102 136
102 176
102 122
102 121
102 142
102 173
102 196
102 171
102 162
102 133
102 149
102 199
102 179
103 114
103 166
103 161
103 181
103 174
103 154
103 123
103 173
103 141
103 119
103 125
103 121
103 112
103 193
103 182
103 159
103 131
103 156
103 149
103 115
103 175
103 163
103 162
103 157
103 179
103 148
103 189
103 171
103 110
103 116
103 170
103 150
103 142
103 195
103 106
103 136
103 111
103 190
103 135
103 145
103 197
103 158
104 116
104 159
104 196
104 167
104 136
104 175
104 143
104 130
104 195
104 124
104 106
104 148
104 134
104 157
104 158
104 144
104 162
104 169
104 149
104 192
104 118
104 141
104 140
104 112
104 171
104 125
104 183
104 151
104 127
104 110
104 152
104 114
104 114
104 193
104 146
104 185
104 179
104 150
105 135
105 144
105 198
105 154
105 155
105 177
105 197
105 148
105 121
105 164
105 186
105 137
105 184
105 142
105 179
105 185
105 126
105 127
105 173
105 161
105 172
105 139
105 107
105 117
105 115
105 147
105 163
105 112
105 193
105 192
105 167
105 176
105 175
105 195
105 129
105 153
105 108
105 149
105 152
105 196
105 159
105 183
105 146
105 125
105 191
105 145
105 182
106 199
106 183
106 111
106 111
106 126
106 107
106 161
106 117
106 177
106 144
106 190
106 157
106 181
106 122
106 185
106 169
106 196
106 141
106 143
106 135
106 172
106 164
106 131
106 166
106 139
106 109
106 182
106 116
106 118
106 133
106 112
106 138
106 171
106 187
106 150
106 192
106 175
106 114
106 151
106 148
107 159
107 154
107 155
107 143
107 144
107 193
107 183
107 114
107 115
107 150
107 196
107 195
107 191
107 120
107 161
107 116
107 135
107 160
107 141
107 122
107 130
107 169
107 118
107 157
107 108
107 179
107 117
107 142
107 125
107 194
107 110
107 148
107 138
107 153
107 112
107 134
107 163
107 109
107 166
107 170
107 156
107 186
107 192
107 127
107 174
107 129
107 158
107 165
108 113
108 178
108 124
108 179
108 131
108 118
108 183
108 187
108 154
108 170
108 147
108 198
108 164
108 150
108 119
108 127
108 180
108 109
108 149
108 112
108 162
108 145
108 163
108 133
108 151
108 116
108 156
108 191
108 153
108 175
108 185
108 137
108 181
108 126
108 182
108 117
108 186
108 122
108 192
108 199
108 157
108 152
108 132
108 184
108 172
109 161
109 195
109 115
109 171
109 197
109 157
109 172
109 184
109 188
109 181
109 152
109 155
109 156
109 186
109 142
109 114
109 126
109 118
109 175
109 166
109 127
109 182
109 124
109 151
109 120
109 139
109 169
109 113
109 133
109 146
109 191
109 138
109 183
109 149
109 192
109 154
109 179
109 150
109 134
109 168
109 132
109 141
109 178
110 137
110 151
110 191
110 128
110 157
110 196
110 131
110 167
110 119
110 168
110 161
110 148
110 113
110 145
110 152
110 164
110 132
110 184
110 172
110 190
110 187
110 197
110 175
110 169
110 112
110 171
110 185
110 156
110 186
110 180
110 165
110 160
110 114
110 143
111 114
111 172
111 182
111 119
111 186
111 142
111 121
111 157
111 118
111 152
111 126
111 165
111 194
111 139
111 190
111 116
111 191
111 185
111 197
111 155
111 132
111 135
111 133
111 154
111 174
111 179
111 146
111 178
111 131
111 199
111 187
111 193
111 171
111 150
111 189
111 127
111 176
111 160
111 149
111 184
111 192
111 145
111 158
111 120
111 180
111 195
111 170
111 113
111 144
111 162
111 134
111 115
111 173
111 130
111 140
112 152
112 114
112 175
112 121
112 164
112 151
112 193
112 176
112 158
112 173
112 170
112 171
112 183
112 123
112 154
112 156
112 127
112 195
112 147
112 120
112 191
112 138
112 143
112 141
112 197
112 163
112 125
112 119
112 149
112 153
112 136
112 174
112 113
112 178
112 187
112 198
113 117
113 130
113 147
113 151
113 176
113 149
113 162
113 145
113 161
113 148
113 160
113 182
113 189
113 172
113 131
113 157
113 195
113 170
113 121
113 190
113 156
113 132
113 167
113 186
113 188
113 196
113 163
113 187
113 165
113 164
113 191
113 119
113 144
113 140
113 171
113 192
113 120
113 127
113 181
113 138
113 178
113 134
114 167
114 177
114 176
114 133
114 137
114 120
114 178
114 142
114 186
114 146
114 158
114 169
114 165
114 198
114 118
114 132
114 195
114 149
114 191
114 184
114 164
114 196
114 134
114 143
114 139
114 117
114 179
114 162
114 154
114 192
114 168
114 199
114 170
114 115
115 163
115 117
115 184
115 192
115 130
115 196
115 154
115 128
115 152
115 147
115 164
115 161
115 189
115 126
115 155
115 176
115 142
115 191
115 177
115 188
115 137
115 197
115 172
115 139
115 133
115 174
115 180
115 116
115 125
115 138
115 121
115 169
115 199
115 175
115 136
115 190
115 182
115 173
115 157
115 149
115 140
115 123
115 129
115 122
115 144
116 166
116 126
116 184
116 173
116 165
116 137
116 190
116 188
116 135
116 133
116 183
116 176
116 198
116 179
116 139
116 191
116 132
116 123
116 167
116 171
116 180
116 124
116 154
116 157
116 160
116 189
116 181
116 197
116 150
116 119
116 196
116 153
116 148
116 186
117 195
117 163
117 153
117 148
117 183
117 184
117 122
117 154
117 129
117 130
117 135
117 120
117 155
117 172
117 138
117 173
117 196
117 158
117 176
117 180
117 140
117 165
117 179
117 143
117 119
117 149
117 141
117 131
117 182
117 124
117 197
117 157
117 121
117 167
117 144
117 139
117 168
117 190
118 168
118 176
118 186
118 178
118 173
118 193
118 126
118 188
118 163
118 128
118 162
118 119
118 134
118 185
118 198
118 195
118 138
118 192
118 177
118 164
118 174
118 196
118 199
118 180
118 137
118 169
118 150
118 172
118 143
118 181
118 127
118 141
118 165
118 147
118 125
119 137
119 187
119 148
119 152
119 145
119 191
119 153
119 149
119 178
119 177
119 197
119 125
119 190
119 185
119 193
119 194
119 121
119 142
119 126
119 151
119 157
119 133
119 180
119 181
119 120
119 170
119 122
119 167
119 192
119 199
119 123
119 155
119 198
119 186
119 171
120 129
120 150
120 184
120 135
120 121
120 130
120 142
120 154
120 186
120 189
120 134
120 174
120 144
120 196
120 188
120 164
120 171
120 182
120 122
120 168
120 125
120 128
120 160
120 131
120 158
120 183
120 190
120 138
120 185
120 148
120 191
120 193
120 136
121 146
121 160
121 139
121 152
121 188
121 138
121 156
121 135
121 155
121 195
121 145
121 128
121 140
121 173
121 159
121 183
121 131
121 161
121 163
121 147
121 122
121 179
121 130
121 129
121 180
121 151
121 144
121 171
121 177
121 126
121 197
121 194
121 172
121 176
122 189
122 188
122 166
122 199
122 148
122 195
122 169
122 131
122 134
122 171
122 135
122 145
122 165
122 172
122 163
122 152
122 177
122 146
122 136
122 184
122 149
122 151
122 191
122 155
122 196
122 160
122 123
122 193
122 154
122 181
122 130
122 153
122 174
122 170
122 175
122 142
122 173
122 138
123 128
123 149
123 150
123 171
123 127
123 172
123 185
123 157
123 176
123 146
123 131
123 136
123 169
123 124
123 178
123 138
123 173
123 163
123 141
123 153
123 195
123 190
123 154
123 137
123 184
123 161
123 197
123 165
123 125
123 196
123 170
123 139
123 142
123 167
124 126
124 127
124 159
124 189
124 132
124 152
124 142
124 183
124 192
124 134
124 169
124 188
124 163
124 167
124 161
124 164
124 137
124 177
124 125
124 140
124 153
124 138
124 139
124 160
124 175
124 149
124 180
124 194
124 193
124 185
124 166
124 133
125 142
125 192
125 149
125 134
125 191
125 196
125 140
125 165
125 178
125 183
125 160
125 193
125 188
125 163
125 197
125 152
125 137
125 166
125 164
125 167
125 171
125 161
125 168
125 144
125 143
125 157
125 174
125 128
125 153
125 179
125 150
125 158
125 187
125 170
125 131
125 130
125 154
125 175
125 145
126 136
126 156
126 129
126 157
126 179
126 127
126 146
126 140
126 191
126 185
126 171
126 168
126 149
126 132
126 183
126 187
126 194
126 128
126 165
126 189
126 195
126 162
126 167
126 176
126 177
126 159
126 199
126 130
126 182
126 198
126 142
126 163
126 196
126 137
126 151
126 143
126 153
126 138
127 155
127 147
127 142
127 158
127 157
127 129
127 152
127 177
127 174
127 185
127 175
127 146
127 168
127 139
127 166
127 169
127 131
127 133
127 190
127 135
127 176
127 198
127 194
127 132
127 150
127 138
127 178
127 161
128 152
128 181
128 150
128 198
128 170
128 164
128 153
128 130
128 187
128 193
128 166
128 188
128 154
128 132
128 156
128 143
128 173
128 157
128 148
128 131
128 147
128 190
128 171
128 177
128 135
128 184
128 136
128 129
128 195
128 197
129 167
129 171
129 184
129 164
129 191
129 137
129 135
129 192
129 142
129 160
129 166
129 141
129 168
129 180
129 134
129 197
129 196
129 132
129 177
129 152
129 172
129 153
129 163
129 133
129 150
130 169
130 168
130 184
130 134
130 174
130 165
130 195
130 171
130 147
130 179
130 172
130 199
130 198
130 189
130 140
130 149
130 191
130 156
130 182
130 144
130 193
130 133
130 139
130 143
130 148
130 178
130 167
130 187
131 158
131 166
131 168
131 135
131 182
131 163
131 134
131 132
131 149
131 154
131 195
131 161
131 181
131 171
131 169
131 133
131 173
131 167
131 180
131 147
131 197
131 157
131 139
131 138
131 193
131 179
131 186
131 164
131 191
132 160
132 190
132 155
132 145
132 185
132 133
132 195
132 169
132 166
132 139
132 192
132 194
132 187
132 134
132 142
132 146
132 136
132 156
132 177
132 162
132 147
132 144
132 138
132 181
132 143
132 167
132 183
132 197
132 196
132 170
132 176
132 198
132 178
133 165
133 161
133 148
133 176
133 170
133 163
133 155
133 134
133 189
133 149
133 164
133 153
133 140
133 135
133 142
133 169
133 198
133 166
133 184
133 160
133 151
133 171
133 182
133 178
133 191
133 143
133 177
133 152
133 194
134 159
134 184
134 181
134 178
134 158
134 183
134 169
134 165
134 146
134 143
134 164
134 149
134 167
134 144
134 185
134 162
134 147
134 157
134 161
134 154
134 153
134 180
134 148
134 187
134 141
134 199
134 182
134 194
135 151
135 169
135 192
135 147
135 160
135 171
135 144
135 161
135 163
135 168
135 136
135 154
135 156
135 138
135 178
135 193
135 188
135 158
135 150
135 185
135 139
135 164
135 162
135 137
135 143
135 157
135 184
135 186
135 142
135 145
135 155
135 153
136 171
136 179
136 190
136 140
136 145
136 173
136 159
136 178
136 184
136 168
136 182
136 170
136 144
136 191
136 195
136 175
136 154
136 193
136 189
136 181
136 163
136 160
136 155
136 194
136 199
136 139
136 152
136 197
136 188
136 137
136 146
136 185
137 183
137 142
137 149
137 195
137 196
137 168
137 146
137 167
137 157
137 144
137 190
137 175
137 148
137 147
137 161
137 184
137 186
137 185
137 172
137 179
137 178
137 170
137 191
138 186
138 146
138 140
138 149
138 148
138 161
138 160
138 143
138 169
138 177
138 178
138 168
138 189
138 150
138 166
138 170
138 142
138 147
138 190
138 162
138 163
138 144
138 159
139 168
139 147
139 141
139 158
139 145
139 156
139 177
139 179
139 172
139 173
139 184
139 196
139 192
139 165
139 191
139 149
139 188
139 159
139 194
139 178
139 176
139 187
139 190
139 185
139 160
139 150
140 145
140 152
140 167
140 186
140 190
140 166
140 173
140 147
140 183
140 180
140 163
140 175
140 142
140 143
140 146
140 150
140 185
140 191
140 153
140 165
140 177
140 160
140 194
140 169
140 192
140 159
140 197
140 188
140 149
140 172
140 148
140 179
140 168
140 189
140 195
141 148
141 199
141 154
141 179
141 172
141 170
141 178
141 189
141 153
141 175
141 194
141 152
141 192
141 196
141 168
141 191
141 174
141 162
141 190
141 161
141 182
141 169
141 177
141 183
141 166
141 185
141 186
142 179
142 196
142 192
142 147
142 160
142 159
142 154
142 175
142 153
142 173
142 168
142 170
142 143
142 182
142 178
142 146
142 195
142 193
142 191
142 150
142 180
142 174
142 156
142 155
142 145
143 172
143 196
143 182
143 160
143 150
143 183
143 180
143 179
143 152
143 162
143 145
143 166
143 189
143 159
143 184
143 186
143 194
143 193
143 149
143 170
143 157
143 153
144 168
144 167
144 199
144 175
144 171
144 190
144 192
144 166
144 158
144 155
144 181
144 173
144 160
144 145
144 147
144 198
144 191
144 184
145 172
145 166
145 180
145 153
145 161
145 163
145 179
145 188
145 187
145 198
145 184
145 165
145 189
145 176
145 158
145 154
145 195
145 162
145 174
145 186
145 190
145 146
145 171
146 161
146 196
146 156
146 168
146 147
146 186
146 159
146 169
146 180
146 172
146 152
146 165
146 166
146 155
146 173
146 187
146 149
146 181
146 167
146 164
146 190
147 149
147 187
147 154
147 196
147 164
147 182
147 177
147 162
147 194
147 199
147 181
147 157
147 165
147 172
147 189
147 179
147 178
147 180
147 175
147 160
147 183
147 190
148 189
148 198
148 185
148 183
148 155
148 174
148 188
148 196
148 162
148 194
148 181
148 175
148 184
148 159
148 163
148 170
148 173
148 156
148 199
148 171
148 166
148 169
148 153
148 193
148 160
149 151
149 187
149 161
149 194
149 184
149 196
149 179
149 172
149 169
149 190
149 158
149 155
149 197
149 185
149 171
149 181
149 168
149 162
149 186
149 167
149 182
149 177
149 199
149 174
150 157
150 184
150 152
150 167
150 178
150 197
150 185
150 162
150 177
150 158
150 151
150 168
150 170
150 173
150 190
150 159
150 155
150 179
150 163
150 198
150 183
150 194
150 195
151 162
151 156
151 155
151 184
151 192
151 194
151 171
151 186
151 157
151 159
151 177
151 188
151 183
151 175
151 153
151 199
151 163
151 154
151 180
151 179
151 167
151 196
152 167
152 176
152 188
152 195
152 174
152 189
152 153
152 199
152 170
152 184
152 185
152 198
152 177
152 193
152 181
152 163
152 154
152 160
152 179
152 186
152 178
152 155
152 190
153 158
153 163
153 176
153 156
153 170
153 173
153 186
153 167
153 172
153 199
153 192
153 197
153 185
153 154
153 180
153 188
154 167
154 179
154 196
154 171
154 159
154 156
154 199
154 165
154 192
154 185
154 182
154 173
154 162
154 180
154 160
154 187
154 190
154 157
154 161
154 186
154 183
154 168
154 177
155 174
155 164
155 173
155 170
155 196
155 194
155 193
155 156
155 187
155 185
155 165
155 168
155 180
155 186
155 199
155 158
155 160
155 169
156 177
156 192
156 182
156 183
156 171
156 175
156 194
156 191
156 162
156 172
156 179
156 163
156 164
156 187
156 176
156 195
156 170
156 157
156 168
156 178
156 190
157 189
157 188
157 181
157 171
157 197
157 185
157 176
157 198
157 173
157 186
157 187
157 193
157 182
157 161
157 166
158 180
158 195
158 176
158 161
158 165
158 172
158 188
158 189
158 192
158 170
158 183
158 163
158 166
158 193
158 167
158 178
158 174
158 160
158 187
159 164
159 172
159 184
159 165
159 191
159 161
159 183
159 167
159 180
159 182
159 190
159 186
159 168
159 171
159 187
159 176
160 196
160 186
160 182
160 169
160 167
160 180
160 194
160 191
160 171
160 183
160 195
160 184
160 165
160 188
160 199
160 166
161 195
161 192
161 174
161 187
161 177
161 178
161 170
161 188
161 162
161 184
161 196
161 186
161 197
161 173
161 172
161 191
161 171
161 199
161 198
161 182
162 180
162 167
162 195
162 189
162 186
162 173
162 169
162 184
162 174
162 198
162 188
162 179
162 187
162 163
162 177
162 193
162 176
163 184
163 195
163 183
163 169
163 170
163 194
163 193
163 171
163 172
163 179
163 166
163 191
163 180
163 192
163 164
164 178
164 199
164 176
164 192
164 186
164 182
164 167
164 180
164 195
164 171
164 188
164 185
164 168
164 183
164 187
164 184
164 193
164 190
164 191
164 198
164 170
165 184
165 192
165 172
165 170
165 167
165 189
165 166
165 174
165 195
165 179
165 194
165 187
165 180
165 197
165 178
165 168
165 185
165 190
165 188
165 171
165 183
165 177
166 179
166 180
166 198
166 171
166 184
166 181
166 192
166 173
166 172
166 191
166 168
166 188
166 196
166 178
167 169
167 170
167 180
167 193
167 172
167 176
167 175
167 186
167 178
167 195
167 183
167 192
167 199
167 189
167 191
167 197
168 179
168 187
168 169
168 189
168 180
168 185
168 191
168 172
168 182
168 197
168 181
168 196
169 183
169 173
169 184
169 172
169 190
169 185
169 170
169 178
169 186
169 176
169 174
170 175
170 180
170 179
170 199
170 192
170 196
170 193
170 186
170 177
170 189
170 191
170 190
171 182
171 197
171 191
171 192
171 172
171 185
171 183
171 176
171 179
171 194
171 175
171 186
171 177
172 195
172 176
172 197
172 174
172 180
172 184
172 188
172 192
172 190
172 186
173 198
173 184
173 197
173 193
173 180
173 187
173 196
173 192
173 194
173 195
173 190
173 174
173 176
173 182
173 186
173 177
174 182
174 187
174 176
174 191
174 189
174 194
174 185
174 184
174 186
174 180
175 199
175 192
175 197
175 198
175 179
175 187
175 188
175 182
175 184
175 185
175 189
175 176
176 178
176 196
176 194
176 186
176 180
176 185
176 177
177 198
177 181
177 192
177 187
177 183
177 179
177 193
177 180
177 184
177 189
178 190
178 187
178 179
178 184
178 188
178 198
178 197
178 193
179 194
179 197
179 186
179 180
179 193
179 183
179 195
179 196
179 192
179 189
180 197
180 189
180 195
180 190
180 191
180 181
180 188
180 183
181 184
181 183
181 182
181 198
181 191
181 189
181 190
181 192
181 187
181 193
182 186
182 185
182 196
182 197
182 189
182 188
182 192
182 198
182 184
183 184
183 197
183 188
183 193
183 194
183 199
184 185
184 189
184 186
184 198
184 190
184 194
185 188
185 196
185 190
186 195
186 197
186 194
186 199
186 187
186 191
186 193
186 192
187 194
187 190
187 196
187 192
187 191
187 188
187 195
188 193
188 189
188 199
188 195
188 192
188 190
189 193
189 198
190 191
190 194
191 197
192 198
192 193
192 196
192 195
192 199
193 196
193 195
194 199
194 197
194 195
196 198
196 197
