0 1
0 37
0 110
0 6
0 86
0 156
0 180
0 19
0 179
0 135
0 17
0 195
0 195
0 95
0 142
0 132
0 99
0 33
0 66
0 23
0 192
0 53
0 97
0 194
0 107
0 129
0 108
0 104
0 16
0 70
1 2
1 3
1 4
1 8
1 14
1 62
1 83
1 184
1 143
1 128
1 72
1 82
1 105
1 91
1 111
1 125
1 110
1 67
1 129
1 115
1 155
1 56
1 114
1 10
1 103
1 136
1 65
1 171
1 194
1 194
1 113
1 33
1 85
1 189
1 112
1 6
1 73
1 160
1 58
1 28
1 11
1 42
1 182
2 19
2 130
2 196
2 3
2 174
2 80
2 46
2 143
2 179
2 163
2 168
2 40
2 94
2 18
2 141
2 191
2 105
2 17
2 77
2 76
2 70
2 36
2 151
2 31
2 155
2 32
2 14
2 96
2 120
2 144
2 66
2 124
2 99
3 5
3 12
3 22
3 26
3 33
3 176
3 93
3 14
3 30
3 170
3 62
3 84
3 86
3 117
3 34
3 76
3 152
3 37
3 13
3 179
3 141
3 165
3 157
3 175
3 8
3 145
3 121
3 57
3 56
3 186
3 173
3 35
3 150
3 29
3 41
3 147
3 96
3 108
4 9
4 24
4 73
4 89
4 165
4 161
4 51
4 107
4 54
4 11
4 28
4 184
4 184
4 121
4 7
4 77
4 35
4 37
4 10
4 190
4 76
4 145
4 78
4 57
4 135
4 84
4 16
4 183
4 42
4 110
4 105
4 189
4 23
4 113
4 128
4 169
4 8
4 160
4 180
4 144
4 122
4 134
4 147
5 6
5 31
5 52
5 153
5 154
5 192
5 10
5 137
5 100
5 58
5 38
5 175
5 19
5 199
5 47
5 13
5 168
5 180
5 32
5 187
5 9
5 54
5 111
5 97
5 194
5 132
5 62
5 184
5 139
5 12
5 49
5 57
5 121
5 115
5 179
5 23
5 98
5 118
5 151
6 7
6 10
6 13
6 34
6 105
6 181
6 155
6 101
6 48
6 48
6 182
6 139
6 77
6 91
6 33
6 184
6 20
6 124
6 198
6 196
6 165
6 117
6 116
6 57
6 175
6 22
6 94
6 108
6 125
6 122
6 32
6 112
6 106
6 100
6 163
6 146
6 52
7 68
7 90
7 66
7 50
7 43
7 119
7 72
7 39
7 138
7 14
7 47
7 9
7 174
7 122
7 167
7 144
7 149
7 77
7 121
7 126
7 135
7 190
7 170
7 83
7 130
7 194
7 16
7 193
8 11
8 15
8 45
8 60
8 86
8 107
8 133
8 160
8 170
8 135
8 76
8 42
8 21
8 161
8 75
8 75
8 130
8 188
8 147
8 78
8 9
8 182
8 96
8 19
8 175
8 22
8 140
8 106
8 87
8 105
8 80
8 125
8 69
8 164
8 190
8 40
8 38
8 64
8 128
8 155
8 172
8 176
8 198
8 158
8 152
8 68
8 110
8 43
8 100
8 180
8 59
9 156
9 53
9 95
9 101
9 16
9 82
9 174
9 118
9 54
9 137
9 92
9 41
9 122
9 81
9 99
9 145
9 124
9 138
9 97
9 93
9 64
9 199
9 194
9 195
9 87
9 104
9 157
9 167
10 39
10 53
10 54
10 143
10 57
10 134
10 144
10 164
10 106
10 83
10 167
10 112
10 124
10 141
10 111
10 104
10 139
10 20
10 140
10 179
10 121
10 195
10 103
10 163
10 68
10 41
10 172
10 46
10 193
10 129
10 102
10 80
10 25
10 109
11 16
11 28
11 50
11 58
11 175
11 31
11 181
11 165
11 106
11 69
11 197
11 74
11 166
11 177
11 27
11 43
11 54
11 121
11 136
11 36
11 154
11 52
11 173
11 134
11 35
11 30
11 38
11 104
11 174
11 115
11 152
11 63
11 25
11 132
11 188
11 140
11 185
11 21
11 47
11 67
11 41
11 113
11 20
12 106
12 140
12 129
12 181
12 193
12 58
12 124
12 149
12 26
12 177
12 50
12 134
12 169
12 130
12 78
12 121
12 191
12 20
12 85
12 14
12 184
12 115
12 96
12 144
12 75
12 40
12 185
12 152
12 173
12 159
12 125
12 197
12 197
12 158
12 127
12 110
13 36
13 94
13 19
13 84
13 108
13 172
13 80
13 106
13 71
13 164
13 44
13 173
13 139
13 131
13 178
13 137
13 186
13 56
13 165
13 118
13 143
13 129
13 183
13 183
13 141
13 33
13 29
14 17
14 41
14 66
14 135
14 180
14 155
14 30
14 112
14 97
14 105
14 93
14 126
14 149
14 88
14 142
14 45
14 131
14 122
14 176
14 147
14 40
14 167
14 124
14 64
14 160
14 150
14 171
14 71
14 50
15 20
15 104
15 92
15 114
15 121
15 60
15 49
15 52
15 87
15 103
15 189
15 122
15 119
15 159
15 186
15 178
15 178
15 157
15 74
15 151
15 81
15 150
15 137
15 158
15 39
15 126
15 177
15 167
15 174
16 18
16 61
16 167
16 171
16 171
16 83
16 47
16 123
16 118
16 158
16 30
16 31
16 142
16 196
16 85
16 127
16 56
16 136
16 26
16 42
16 63
16 115
16 151
16 20
16 36
16 25
16 43
16 122
16 172
17 32
17 91
17 127
17 41
17 115
17 26
17 150
17 36
17 46
17 152
17 62
17 195
17 181
17 111
17 21
17 75
17 198
17 114
17 182
17 160
17 141
17 70
17 136
17 163
17 165
17 86
17 134
18 21
18 29
18 106
18 127
18 91
18 143
18 165
18 84
18 80
18 37
18 118
18 113
18 66
18 188
18 55
18 196
18 159
18 47
18 171
18 169
18 111
18 25
18 131
18 81
18 22
18 177
18 166
18 56
18 85
18 192
18 43
18 144
18 198
18 41
18 172
18 94
18 42
18 134
18 20
18 140
18 108
18 93
18 28
18 33
19 35
19 38
19 129
19 163
19 179
19 20
19 33
19 84
19 146
19 121
19 180
19 67
19 136
19 128
19 199
19 162
19 139
19 140
19 125
19 37
19 68
19 172
19 172
19 112
19 143
19 165
19 97
19 58
19 64
19 150
19 71
19 52
19 85
20 27
20 77
20 125
20 33
20 166
20 23
20 163
20 195
20 71
20 71
20 141
20 81
20 96
20 21
20 129
20 25
20 93
20 140
20 109
20 58
20 76
20 145
20 156
20 134
20 133
20 123
20 70
20 191
20 120
20 34
20 22
20 49
20 160
20 104
21 72
21 72
21 85
21 136
21 192
21 145
21 41
21 190
21 117
21 134
21 75
21 36
21 89
21 179
21 77
21 81
21 63
21 40
21 196
21 46
21 127
21 68
21 35
21 162
21 101
21 160
21 97
21 172
21 128
21 175
21 126
21 82
21 185
22 23
22 25
22 125
22 112
22 164
22 127
22 106
22 147
22 49
22 40
22 129
22 172
22 100
22 184
22 161
22 51
22 55
22 136
22 37
22 87
22 138
22 26
22 148
22 175
22 72
22 199
22 117
22 121
22 130
22 126
22 32
22 190
22 122
22 179
22 74
23 40
23 51
23 140
23 64
23 76
23 73
23 162
23 72
23 46
23 112
23 139
23 189
23 110
23 191
23 60
23 187
23 145
23 75
23 138
23 56
23 91
23 52
23 149
23 152
23 30
23 163
23 194
23 117
23 181
23 181
23 87
23 45
23 144
23 114
23 122
23 44
23 62
24 88
24 116
24 133
24 163
24 179
24 87
24 53
24 167
24 145
24 123
24 55
24 102
24 36
24 69
24 95
24 101
24 175
24 115
24 114
24 188
24 174
24 130
24 49
24 99
24 189
24 181
24 182
24 81
24 111
24 64
24 118
25 76
25 153
25 141
25 149
25 106
25 171
25 84
25 41
25 40
25 131
25 55
25 160
25 58
25 59
25 64
25 174
25 32
25 45
25 180
25 150
25 158
25 139
25 89
25 100
25 54
25 49
25 199
25 146
25 146
25 119
25 170
25 44
26 163
26 52
26 57
26 78
26 199
26 160
26 77
26 110
26 31
26 56
26 94
26 120
26 76
26 55
26 50
26 148
26 168
26 167
26 81
26 42
26 39
26 61
26 134
26 38
26 58
26 90
26 111
26 161
26 43
27 199
27 61
27 44
27 180
27 190
27 48
27 165
27 39
27 115
27 185
27 132
27 174
27 33
27 126
27 99
27 113
27 57
27 65
27 139
27 164
27 181
27 155
27 103
27 141
27 131
27 120
27 125
27 138
28 46
28 58
28 67
28 177
28 136
28 31
28 162
28 191
28 145
28 155
28 43
28 52
28 131
28 127
28 180
28 86
28 170
28 107
28 101
28 194
28 78
28 32
28 103
28 54
28 171
28 38
28 99
28 138
28 62
28 161
29 30
29 146
29 186
29 54
29 52
29 98
29 179
29 45
29 83
29 36
29 100
29 62
29 47
29 68
29 37
29 143
29 93
29 42
29 151
29 160
29 191
29 148
29 158
29 142
29 88
29 144
29 118
29 91
29 164
29 181
29 46
29 192
29 117
29 41
29 59
29 105
29 114
29 104
29 119
30 44
30 134
30 160
30 39
30 165
30 188
30 112
30 75
30 91
30 152
30 150
30 48
30 41
30 31
30 145
30 56
30 78
30 155
30 95
30 69
30 82
30 45
30 52
30 37
30 187
30 169
30 106
30 54
31 67
31 50
31 94
31 60
31 74
31 69
31 96
31 91
31 46
31 84
31 190
31 183
31 117
31 85
31 86
31 159
31 153
31 130
31 130
31 109
31 169
31 116
31 131
32 172
32 75
32 100
32 178
32 118
32 182
32 193
32 42
32 177
32 126
32 119
32 196
32 37
32 197
32 183
32 131
32 195
32 143
32 90
32 109
32 112
32 191
32 137
32 173
32 108
33 187
33 55
33 74
33 151
33 57
33 167
33 78
33 105
33 100
33 136
33 92
33 92
33 193
33 62
33 131
33 130
33 106
33 175
33 142
33 119
33 184
33 145
33 139
33 112
33 152
33 107
33 149
33 196
33 156
33 137
33 120
33 111
33 198
33 47
33 39
33 197
33 101
33 195
33 49
34 42
34 122
34 61
34 67
34 132
34 183
34 49
34 186
34 90
34 74
34 174
34 37
34 136
34 68
34 66
34 71
34 53
34 50
34 76
34 116
34 175
34 130
34 180
34 173
34 124
34 83
34 165
34 41
34 189
34 94
34 125
34 102
34 59
34 47
34 149
34 152
34 126
34 137
34 162
35 49
35 122
35 188
35 104
35 134
35 143
35 140
35 64
35 36
35 148
35 169
35 91
35 189
35 180
35 141
35 86
35 109
35 121
35 54
35 45
35 173
35 172
35 176
35 176
35 39
35 57
35 154
35 183
35 196
35 113
35 193
35 178
35 130
36 57
36 103
36 174
36 74
36 194
36 44
36 190
36 147
36 117
36 71
36 141
36 125
36 152
36 67
36 69
36 61
36 84
36 169
36 66
36 127
36 92
36 197
36 73
36 155
36 97
36 96
36 181
36 98
36 166
36 37
36 62
37 48
37 64
37 95
37 160
37 67
37 61
37 100
37 62
37 40
37 174
37 144
37 96
37 113
37 155
37 181
37 129
37 124
37 83
37 161
37 126
37 148
37 118
37 66
37 162
37 196
37 98
37 197
37 86
37 152
37 152
37 193
37 103
37 182
37 89
37 120
38 50
38 82
38 136
38 94
38 186
38 61
38 47
38 198
38 58
38 147
38 152
38 62
38 97
38 194
38 126
38 69
38 184
38 148
38 174
38 185
38 63
38 153
38 85
38 173
38 59
38 118
39 152
39 197
39 174
39 49
39 170
39 170
39 151
39 93
39 44
39 127
39 47
39 178
39 88
39 83
39 86
39 118
39 116
39 166
39 110
39 172
39 126
39 177
39 185
39 128
39 150
39 103
40 71
40 198
40 100
40 185
40 145
40 178
40 114
40 129
40 182
40 191
40 143
40 143
40 95
40 144
40 65
40 179
40 76
40 152
40 132
40 194
40 51
40 99
40 55
40 168
40 83
40 180
40 92
41 112
41 189
41 162
41 138
41 90
41 177
41 134
41 125
41 172
41 171
41 77
41 67
41 151
41 151
41 75
41 141
41 59
41 42
41 120
41 47
42 43
42 93
42 108
42 171
42 94
42 123
42 91
42 137
42 142
42 74
42 116
42 128
42 102
42 163
42 132
42 138
42 199
42 54
42 197
42 195
42 156
42 115
42 103
42 119
43 69
43 148
43 54
43 149
43 151
43 142
43 147
43 187
43 169
43 188
43 60
43 77
43 119
43 67
43 136
43 114
43 196
43 116
43 197
43 177
43 94
43 168
43 86
43 186
43 72
43 80
44 47
44 119
44 75
44 78
44 145
44 129
44 188
44 182
44 197
44 72
44 183
44 79
44 63
44 51
44 98
44 117
44 84
44 53
44 130
44 142
44 101
45 123
45 58
45 75
45 63
45 195
45 125
45 187
45 128
45 114
45 62
45 194
45 165
45 159
45 80
45 177
45 71
45 54
45 72
45 93
45 142
45 142
45 127
45 144
45 161
45 61
45 182
45 155
45 118
45 52
46 55
46 59
46 99
46 145
46 129
46 129
46 134
46 163
46 97
46 81
46 169
46 64
46 50
46 167
46 157
46 123
46 87
46 74
46 100
46 151
46 182
46 140
46 177
46 126
46 79
46 139
47 75
47 78
47 97
47 120
47 187
47 74
47 90
47 100
47 133
47 147
47 73
47 56
47 144
47 129
47 58
47 106
47 92
47 190
47 57
47 111
47 127
47 85
48 65
48 129
48 186
48 94
48 50
48 197
48 117
48 96
48 63
48 167
48 152
48 179
48 171
48 60
48 142
48 90
48 175
48 104
48 153
48 49
48 160
48 102
48 147
49 85
49 91
49 111
49 151
49 66
49 146
49 161
49 123
49 154
49 92
49 145
49 107
49 174
49 142
49 105
49 59
49 54
49 93
49 79
49 75
49 88
49 198
49 197
49 76
49 67
49 149
49 100
49 119
49 196
49 97
49 182
49 98
49 102
50 138
50 54
50 192
50 155
50 127
50 85
50 158
50 121
50 166
50 93
50 181
50 69
50 120
50 168
50 169
50 83
50 52
50 154
50 154
50 105
50 140
50 148
50 172
50 189
50 87
50 162
50 160
50 92
51 56
51 173
51 187
51 164
51 145
51 167
51 198
51 74
51 153
51 152
51 150
51 116
51 94
51 133
51 52
51 57
51 157
51 61
51 126
51 77
51 60
51 144
51 165
51 176
51 79
52 198
52 73
52 167
52 196
52 173
52 160
52 57
52 138
52 138
52 113
52 191
52 140
52 155
52 127
52 145
52 97
52 158
52 142
52 74
53 63
53 169
53 114
53 132
53 182
53 146
53 98
53 59
53 83
53 189
53 177
53 186
53 128
53 175
53 120
53 135
53 101
53 157
53 137
53 159
53 191
53 133
53 79
53 131
53 161
53 179
53 190
53 163
54 102
54 100
54 94
54 93
54 76
54 77
54 158
54 86
54 154
54 91
54 137
54 127
54 99
54 74
54 61
54 122
54 101
54 174
54 159
54 179
54 123
54 66
54 152
55 100
55 82
55 184
55 102
55 123
55 130
55 128
55 121
55 151
55 97
55 180
55 192
55 103
55 199
55 141
55 141
55 171
55 78
55 87
55 77
55 71
55 107
55 99
55 117
55 118
55 164
56 138
56 174
56 172
56 140
56 58
56 198
56 90
56 185
56 181
56 149
56 137
56 137
56 95
56 94
56 60
56 179
56 162
56 161
56 139
56 87
56 160
56 103
56 99
56 182
56 120
56 184
56 178
56 98
56 199
56 171
57 84
57 90
57 96
57 98
57 118
57 197
57 95
57 58
57 64
57 152
57 131
57 160
57 113
57 143
57 140
57 101
57 125
57 126
57 126
57 188
57 176
57 142
57 175
57 106
57 144
57 137
57 148
57 94
57 154
57 100
57 169
57 124
57 159
57 190
57 191
57 187
57 119
58 79
58 175
58 180
58 133
58 177
58 181
58 163
58 73
58 70
58 121
58 121
58 129
58 84
58 59
58 188
58 114
58 187
58 192
58 172
58 174
58 157
58 148
58 166
58 159
59 74
59 157
59 68
59 73
59 144
59 100
59 75
59 156
59 189
59 77
59 102
59 186
59 62
59 196
59 108
59 103
59 99
59 109
59 127
59 61
59 91
59 154
59 145
59 142
59 141
59 85
59 155
59 191
59 98
59 169
60 187
60 92
60 124
60 120
60 183
60 76
60 90
60 180
60 186
60 193
60 168
60 104
60 84
60 166
60 167
60 112
60 129
60 192
60 115
60 174
60 143
60 177
60 137
60 88
60 151
60 142
60 74
60 109
60 132
60 194
60 70
60 75
60 98
60 171
61 71
61 72
61 112
61 161
61 91
61 89
61 124
61 166
61 183
61 190
61 180
61 69
61 77
61 171
61 90
61 65
61 92
61 165
61 154
61 75
61 144
61 158
61 159
61 83
61 85
61 156
61 153
61 68
61 73
61 79
61 131
61 97
61 167
61 148
61 130
62 193
62 139
62 194
62 181
62 66
62 129
62 183
62 64
62 127
62 127
62 149
62 107
62 75
62 182
62 198
62 174
62 166
63 137
63 195
63 75
63 64
63 153
63 127
63 172
63 198
63 111
63 106
63 91
63 83
63 79
63 97
63 81
63 67
63 90
63 142
63 132
63 182
64 87
64 92
64 175
64 155
64 90
64 72
64 128
64 107
64 91
64 150
64 93
64 148
64 126
64 153
64 141
64 180
64 74
64 96
64 160
64 120
64 166
64 192
64 108
64 97
64 132
64 194
64 161
65 80
65 135
65 168
65 107
65 189
65 67
65 105
65 139
65 142
65 123
65 179
65 101
65 82
65 74
65 149
65 153
65 141
65 75
65 85
65 156
65 191
65 151
65 190
65 181
65 150
65 106
65 176
66 70
66 128
66 128
66 175
66 78
66 76
66 113
66 153
66 152
66 116
66 91
66 114
66 143
66 169
66 131
66 107
66 111
66 103
66 104
66 88
66 68
66 183
66 81
66 181
66 86
66 133
66 191
67 81
67 198
67 125
67 197
67 132
67 154
67 172
67 121
67 91
67 107
67 163
67 109
67 70
67 80
67 103
67 144
67 122
67 127
67 101
67 83
67 145
67 177
67 82
67 105
67 147
67 112
67 181
67 108
67 111
67 176
67 194
68 130
68 111
68 189
68 89
68 87
68 100
68 149
68 141
68 105
68 162
68 159
68 164
68 83
68 71
68 147
68 197
68 173
68 180
68 163
68 196
68 118
68 176
68 175
68 138
68 104
68 157
68 69
68 170
68 88
68 90
68 165
68 102
68 151
68 195
68 75
68 185
69 114
69 156
69 171
69 107
69 115
69 135
69 176
69 147
69 112
69 181
69 163
69 153
69 188
69 140
69 165
69 102
69 109
69 155
69 139
69 174
69 164
70 162
70 130
70 151
70 156
70 90
70 191
70 180
70 171
70 126
70 186
70 107
70 197
70 79
70 136
70 170
70 93
70 196
70 181
70 169
70 86
70 138
70 188
70 174
70 75
70 99
70 110
70 91
70 155
71 101
71 161
71 165
71 150
71 171
71 130
71 140
71 115
71 137
71 152
71 176
71 194
71 102
71 155
71 162
71 143
71 186
71 116
71 167
71 109
72 113
72 162
72 124
72 166
72 181
72 81
72 145
72 116
72 168
72 142
72 94
72 172
72 193
72 198
72 107
72 130
72 111
72 109
72 103
72 192
72 184
73 171
73 190
73 189
73 143
73 182
73 149
73 197
73 166
73 79
73 90
73 126
73 95
73 74
73 168
73 156
73 142
73 135
73 135
73 141
73 177
73 123
74 196
74 85
74 150
74 120
74 185
74 183
74 90
74 167
74 114
74 174
74 188
74 103
74 121
74 195
74 129
74 187
74 95
74 161
75 170
75 181
75 134
75 103
75 100
75 95
75 80
75 190
75 141
75 111
75 177
75 173
75 94
75 164
75 166
75 198
75 86
75 83
75 171
75 85
75 156
76 159
76 163
76 111
76 190
76 109
76 144
76 194
76 99
76 193
76 103
76 77
76 156
76 148
76 168
76 122
76 100
76 170
76 85
76 138
76 188
76 83
76 146
76 108
76 136
76 175
76 183
76 79
76 125
76 161
76 102
77 79
77 155
77 199
77 187
77 186
77 148
77 158
77 180
77 166
77 172
77 184
77 191
77 141
77 114
77 162
77 178
77 167
77 132
77 159
77 156
77 131
77 145
77 179
77 118
77 92
77 107
77 192
77 147
77 161
77 154
77 110
77 196
77 165
77 177
77 146
78 172
78 126
78 122
78 122
78 151
78 164
78 114
78 106
78 121
78 142
78 169
78 97
78 176
78 99
78 120
78 192
78 113
78 159
78 198
78 153
78 199
78 161
78 185
78 184
78 129
78 107
78 133
78 93
78 116
79 141
79 194
79 96
79 155
79 137
79 131
79 128
79 106
79 136
79 154
79 146
79 123
79 123
79 118
79 98
79 129
79 119
79 161
79 142
79 149
79 189
79 80
80 142
80 191
80 100
80 144
80 154
80 118
80 81
80 156
80 156
80 87
80 84
80 82
80 138
80 123
80 112
81 164
81 117
81 125
81 125
81 104
81 93
81 179
81 86
81 197
81 84
81 146
81 174
81 123
82 108
82 131
82 87
82 153
82 91
82 84
82 144
82 127
82 196
82 163
82 132
82 109
82 176
82 198
82 151
82 136
82 122
82 174
82 182
82 168
82 123
82 185
82 124
82 125
82 173
83 176
83 196
83 106
83 106
83 179
83 116
83 142
83 90
83 136
83 122
83 171
83 157
83 96
83 160
83 153
83 150
83 104
83 111
83 177
83 120
83 193
83 149
83 98
83 188
83 182
84 112
84 85
84 98
84 116
84 117
84 178
84 102
84 157
84 131
84 136
84 142
84 184
84 91
84 133
84 129
84 197
84 126
84 172
84 190
84 137
84 169
85 101
85 121
85 152
85 103
85 107
85 153
85 171
85 178
85 147
85 129
85 185
85 97
85 97
85 166
85 190
85 183
85 118
85 193
85 124
85 91
85 159
85 100
86 115
86 161
86 96
86 172
86 186
86 155
86 124
86 97
86 149
86 160
86 95
86 190
86 117
86 192
86 112
86 122
86 145
86 145
86 141
87 145
87 97
87 113
87 190
87 92
87 166
87 162
87 176
87 187
87 106
87 151
87 170
87 102
87 88
87 140
87 198
87 150
87 133
87 110
87 161
88 109
88 180
88 180
88 156
88 167
88 171
88 133
88 147
88 182
88 159
88 126
88 170
88 160
88 125
88 132
88 136
88 141
88 112
88 153
88 196
88 199
89 172
89 179
89 101
89 177
89 144
89 171
89 109
89 99
89 142
89 196
90 100
90 125
90 106
90 99
90 92
90 189
90 108
90 128
90 141
90 133
90 167
90 151
90 124
90 143
90 137
90 103
90 188
90 162
90 173
90 109
91 194
91 181
91 133
91 122
91 148
91 119
91 159
91 154
91 197
91 189
91 163
91 179
91 128
91 108
91 92
91 153
91 139
91 121
91 127
91 176
91 136
91 195
91 124
91 94
91 126
91 143
91 130
91 116
92 117
92 104
92 165
92 108
92 182
92 95
92 125
92 103
92 98
92 121
92 190
92 97
92 129
92 128
92 188
92 109
93 124
93 173
93 146
93 198
93 198
93 157
93 97
93 179
93 144
93 95
93 137
93 99
93 125
93 138
93 174
93 127
93 155
93 153
94 152
94 169
94 180
94 160
94 110
94 110
94 173
94 141
94 134
94 157
94 199
94 153
94 132
94 100
94 102
94 140
95 133
95 147
95 110
95 164
95 115
95 146
95 170
95 129
95 131
95 153
96 182
96 190
96 136
96 162
96 191
96 178
96 161
96 102
96 141
96 110
96 119
96 166
96 167
96 146
96 177
96 114
96 99
96 122
96 115
96 103
97 153
97 165
97 115
97 145
97 139
97 127
97 193
97 157
97 100
97 107
97 162
97 171
97 172
97 198
97 199
97 195
97 187
97 112
97 101
98 141
98 191
98 176
98 103
98 134
98 197
98 167
98 105
98 154
98 116
98 192
98 145
98 104
98 130
98 175
98 189
98 119
99 158
99 117
99 130
99 188
99 136
99 159
99 184
99 196
99 193
99 142
99 110
99 153
99 107
100 132
100 189
100 119
100 119
100 104
100 148
100 173
100 114
100 180
100 151
100 195
100 185
100 115
100 158
100 126
100 193
100 170
101 131
101 118
101 199
101 140
101 117
101 146
101 121
101 192
101 191
101 130
101 138
101 168
101 125
101 126
101 183
101 119
101 152
101 184
102 113
102 118
102 157
102 190
102 162
102 129
102 146
102 178
102 144
102 121
102 107
102 151
102 134
102 189
102 182
103 149
103 183
103 111
103 195
103 176
103 150
103 113
103 104
103 133
103 130
103 121
103 192
103 182
103 166
103 140
103 199
103 127
104 168
104 188
104 129
104 159
104 192
104 182
104 105
104 149
104 186
104 147
104 114
104 161
104 127
104 119
105 139
105 134
105 112
105 187
105 136
105 147
105 119
105 149
105 161
105 162
105 152
105 179
105 111
105 189
105 189
106 178
106 147
106 136
106 121
106 179
106 174
106 180
106 119
106 184
106 141
106 110
107 185
107 111
107 198
107 199
107 133
107 157
107 124
107 160
107 127
107 108
107 167
107 120
107 166
108 166
108 184
108 111
108 143
108 118
108 158
108 182
108 159
108 129
108 151
108 115
108 170
108 123
108 113
108 131
108 198
108 178
108 142
108 133
108 173
108 135
108 110
108 187
108 161
108 153
108 128
108 188
108 163
109 147
109 184
109 189
109 126
109 196
109 177
109 119
109 130
109 188
109 139
109 122
109 132
109 183
109 138
109 114
109 114
109 154
109 140
109 125
110 126
110 186
110 121
110 178
110 174
110 164
110 173
110 156
110 129
110 157
110 116
110 125
110 133
110 195
110 188
110 149
111 172
111 160
111 179
111 145
111 139
111 140
111 120
111 127
111 189
111 136
111 124
111 188
111 169
111 128
112 136
112 175
112 160
112 113
112 114
112 123
112 133
112 194
112 131
113 199
113 146
113 156
113 114
113 189
113 124
113 125
113 133
113 176
113 154
113 178
113 159
113 118
113 161
113 155
113 153
113 181
113 171
113 182
114 115
114 180
114 144
114 127
114 182
114 154
114 136
114 175
114 197
114 171
114 157
115 178
115 173
115 147
115 194
115 117
115 123
115 130
115 181
115 171
115 150
115 116
115 190
115 167
116 195
116 196
116 144
116 119
116 118
116 152
116 117
116 128
116 135
116 179
116 170
116 155
116 193
116 190
117 159
117 192
117 131
117 118
117 187
117 180
117 167
117 138
117 136
117 169
117 173
118 177
118 165
118 128
118 159
118 131
118 132
118 129
118 180
118 195
118 162
118 121
118 198
118 175
118 170
118 142
118 133
118 181
118 186
118 168
119 132
119 166
119 162
119 172
119 135
119 145
119 126
119 134
119 191
119 168
119 178
120 139
120 152
120 171
120 183
120 165
120 180
120 130
120 142
120 186
120 136
120 127
120 162
121 177
121 186
121 193
121 168
121 184
121 157
121 138
121 148
121 139
121 195
121 162
121 170
121 179
121 124
121 144
122 124
122 162
122 198
122 135
122 186
122 136
122 167
122 195
122 143
122 123
122 155
122 140
122 183
122 170
123 188
123 130
123 140
123 159
123 146
123 191
123 170
123 185
123 143
123 187
123 165
123 184
123 179
123 150
123 168
123 183
124 161
124 180
124 137
124 132
124 153
124 163
124 181
124 135
124 134
124 166
124 144
124 172
124 182
124 184
124 168
124 179
124 146
125 180
125 178
125 186
125 130
125 167
125 198
125 128
125 146
125 137
125 183
125 160
125 142
125 175
125 192
126 159
126 154
126 180
126 141
126 164
126 137
126 145
126 158
126 185
126 148
126 134
126 198
126 129
126 142
126 186
126 167
126 175
126 161
126 193
127 191
127 193
127 134
127 178
127 180
127 192
127 161
127 131
127 171
127 168
127 174
127 188
127 181
127 136
127 172
127 153
127 167
127 177
127 156
128 166
128 197
128 199
128 141
128 187
128 140
128 164
128 193
128 176
128 192
128 180
128 198
128 153
128 177
129 147
129 193
129 159
129 139
129 131
129 162
129 163
129 135
129 137
129 194
129 142
129 153
129 168
129 160
129 138
130 192
130 147
130 167
130 137
130 148
130 146
130 151
130 194
130 195
130 163
130 155
130 181
130 158
130 152
131 196
131 139
131 187
131 166
131 154
131 174
131 190
131 168
131 180
131 138
131 136
131 179
131 153
132 139
132 180
132 181
132 156
132 173
132 145
132 184
132 178
132 169
132 185
132 137
133 143
133 134
133 175
133 154
133 176
133 199
133 146
133 186
133 161
133 162
133 156
133 195
134 147
134 135
134 138
134 171
134 166
134 196
134 183
134 189
134 163
135 150
135 178
135 198
135 137
135 164
135 183
135 184
135 136
135 147
135 163
135 176
135 162
135 196
135 182
135 143
135 187
135 177
135 149
135 165
136 155
136 166
136 179
136 174
136 161
136 137
136 142
136 145
136 197
136 173
136 153
136 194
136 171
137 157
137 174
137 141
137 193
137 149
137 176
137 179
137 162
137 185
137 169
137 145
137 177
138 191
138 148
138 190
138 172
138 192
138 194
138 198
138 179
138 197
138 155
138 166
138 188
138 195
138 140
139 140
139 175
139 143
139 142
139 144
139 178
139 191
139 172
139 176
139 193
140 144
140 190
140 192
140 150
140 197
140 142
140 169
141 195
141 145
141 160
141 196
141 185
141 164
141 148
142 188
142 185
142 164
142 193
142 172
142 199
142 154
142 171
142 159
142 187
143 179
143 198
143 181
143 178
143 174
143 173
143 195
143 165
143 146
143 147
144 184
144 183
144 182
144 198
144 145
144 186
144 162
145 187
145 151
145 198
145 196
145 152
145 188
145 173
145 160
145 182
145 159
145 178
145 156
145 148
146 197
146 165
146 152
146 168
146 164
146 155
146 167
147 191
147 163
147 150
147 189
147 154
147 197
147 198
148 184
148 182
148 149
148 156
148 160
148 183
148 158
148 197
149 177
149 183
149 193
149 161
149 167
149 196
149 151
149 153
150 174
150 177
150 198
150 194
150 179
151 180
151 197
151 153
152 198
152 170
152 172
152 160
152 157
152 197
152 182
152 194
152 173
152 188
152 161
152 174
153 172
153 155
153 171
153 166
153 177
153 189
153 173
153 154
153 164
154 160
154 157
154 187
154 177
154 168
155 184
155 190
155 170
155 193
155 172
155 163
155 173
155 166
155 181
155 160
156 171
156 172
156 179
156 193
156 184
156 182
156 175
156 159
156 199
156 185
157 187
157 172
157 183
157 177
157 168
157 163
157 176
157 193
158 161
158 189
158 194
158 162
158 170
158 179
158 192
158 193
158 188
159 180
159 174
159 190
159 160
159 195
159 194
159 170
159 183
159 186
160 176
160 190
160 196
160 162
160 174
160 177
160 170
160 168
161 166
161 169
161 188
161 185
161 181
161 167
161 195
162 163
162 197
162 173
162 171
163 194
163 174
163 171
163 192
163 169
164 198
164 172
164 190
164 194
164 184
164 170
164 176
164 182
165 195
165 177
165 181
165 173
166 198
166 168
166 187
166 197
166 179
167 173
167 170
167 194
167 183
167 187
167 199
167 193
168 184
168 196
168 192
168 182
168 181
169 179
169 188
169 192
169 176
169 178
169 186
169 177
170 199
170 178
170 176
170 198
171 173
171 180
171 178
171 197
172 188
172 189
173 189
173 194
174 191
174 185
174 182
174 189
174 186
174 187
174 196
174 195
174 178
175 178
175 183
175 185
175 197
175 190
176 178
176 191
176 196
176 179
176 197
176 190
177 191
177 193
177 184
177 194
177 178
177 199
178 191
178 194
178 179
178 189
178 186
179 196
179 183
179 187
180 199
181 190
181 192
181 195
181 185
181 194
181 189
181 188
182 185
182 186
182 194
182 199
183 197
183 193
184 190
184 186
185 190
185 191
185 194
186 199
186 193
186 194
186 192
186 198
187 199
187 190
188 196
188 197
189 196
189 194
191 199
191 192
191 195
192 198
192 193
192 197
192 194
193 198
194 196
194 199
195 196
196 199
198 199
