0 1
0 2
0 3
0 6
0 24
0 131
0 120
0 73
0 172
0 76
0 137
0 128
0 118
0 82
0 168
0 70
0 150
0 81
0 4
0 105
0 132
0 16
0 111
0 174
0 15
0 181
0 159
0 152
0 133
0 198
0 163
0 183
0 80
0 134
0 179
0 49
0 114
0 196
0 61
0 87
0 54
0 199
0 199
0 17
0 136
0 113
0 79
0 166
0 116
0 7
0 115
0 112
0 161
0 119
0 46
0 55
0 188
0 25
0 146
0 99
1 4
1 5
1 7
1 19
1 27
1 31
1 40
1 72
1 73
1 168
1 116
1 114
1 105
1 180
1 149
1 138
1 30
1 99
1 66
1 141
1 44
1 199
1 195
1 169
1 24
1 34
1 194
1 61
1 52
1 191
1 102
1 142
1 100
1 131
1 28
1 118
1 71
1 89
1 124
1 93
1 77
1 35
1 33
1 36
1 174
1 48
1 59
1 13
1 166
1 78
1 38
1 25
1 96
1 144
1 10
1 87
1 62
1 15
1 55
1 126
1 167
1 56
1 16
1 47
1 154
1 143
1 132
1 101
1 21
1 84
1 158
1 179
1 75
1 159
1 58
1 184
1 18
1 51
1 43
1 133
1 104
2 10
2 25
2 19
2 194
2 61
2 161
2 37
2 6
2 28
2 154
2 105
2 95
2 117
2 67
2 143
2 171
2 119
2 60
2 101
2 23
2 4
2 106
2 150
2 190
2 177
2 195
2 116
2 121
2 71
2 132
2 108
2 152
2 27
2 192
2 45
2 160
2 103
2 172
2 29
2 47
2 199
2 153
2 169
2 185
2 52
2 139
2 11
2 109
2 92
2 70
2 14
2 165
2 134
2 184
2 125
2 42
2 115
2 111
2 197
2 112
2 186
2 5
2 118
2 146
2 50
2 149
2 129
3 21
3 49
3 63
3 196
3 142
3 107
3 22
3 191
3 80
3 182
3 149
3 112
3 79
3 122
3 113
3 197
3 168
3 164
3 40
3 147
3 120
3 15
3 91
3 45
3 54
3 84
3 46
3 129
3 153
3 187
3 25
3 185
3 20
3 48
3 110
3 88
3 114
3 57
3 135
3 165
3 145
3 68
3 34
3 50
3 11
3 161
3 180
3 75
3 176
3 163
3 159
3 192
3 189
3 189
3 19
3 56
3 119
3 194
3 155
3 123
3 151
3 166
3 188
4 9
4 11
4 185
4 22
4 40
4 63
4 75
4 190
4 132
4 128
4 195
4 172
4 34
4 135
4 167
4 77
4 147
4 142
4 20
4 155
4 130
4 104
4 39
4 136
4 36
4 126
4 114
4 50
4 113
4 82
4 163
4 30
4 23
4 166
4 80
4 127
4 175
4 198
4 87
4 144
4 131
4 93
4 66
4 71
4 37
4 17
4 14
4 112
4 186
4 149
4 134
4 56
4 58
4 92
4 174
4 67
4 116
5 179
5 173
5 98
5 72
5 123
5 79
5 64
5 51
5 140
5 193
5 138
5 13
5 9
5 169
5 132
5 189
5 157
5 119
5 93
5 143
5 90
5 86
5 184
5 10
5 167
5 176
5 7
5 196
5 91
5 185
5 121
5 144
5 62
5 152
5 28
5 16
5 14
5 63
5 105
5 87
5 36
5 75
5 113
5 149
5 110
5 85
5 43
5 33
5 126
5 122
5 131
5 197
5 92
5 58
5 45
5 83
5 81
5 82
5 103
5 29
5 27
5 19
5 38
5 129
6 8
6 30
6 69
6 35
6 185
6 67
6 19
6 27
6 24
6 59
6 193
6 73
6 42
6 113
6 136
6 79
6 110
6 64
6 91
6 148
6 31
6 184
6 133
6 18
6 53
6 144
6 178
6 159
6 188
6 25
6 153
6 106
6 199
6 9
6 26
6 20
6 125
6 189
6 170
6 138
6 175
6 17
6 150
6 63
6 156
6 10
6 129
6 104
6 121
6 160
6 165
6 105
6 183
6 13
6 48
6 66
6 80
6 43
6 82
6 145
6 124
6 46
6 90
6 147
6 126
6 176
7 15
7 18
7 77
7 136
7 127
7 21
7 133
7 91
7 35
7 116
7 184
7 97
7 167
7 170
7 187
7 92
7 17
7 8
7 195
7 194
7 158
7 88
7 162
7 120
7 157
7 126
7 76
7 11
7 147
7 29
7 138
7 135
7 28
7 100
7 108
7 103
7 83
7 83
7 142
7 68
7 46
7 24
7 128
7 37
7 72
7 31
7 56
7 168
7 61
7 172
7 75
7 119
7 111
7 48
7 36
7 16
7 118
7 137
7 199
7 53
7 156
7 193
7 115
7 148
7 89
7 186
7 10
7 176
7 110
7 175
7 163
7 65
7 159
7 104
7 12
7 102
7 34
7 180
7 42
8 26
8 156
8 160
8 198
8 27
8 109
8 195
8 82
8 172
8 31
8 60
8 98
8 71
8 67
8 77
8 139
8 188
8 177
8 111
8 101
8 120
8 105
8 38
8 18
8 40
8 113
8 68
8 102
8 185
8 29
8 182
8 182
8 9
8 170
8 92
8 168
8 199
8 180
8 56
8 158
8 155
8 130
8 148
8 32
8 190
8 28
8 169
8 87
8 44
8 42
8 122
8 51
8 147
8 99
8 163
8 146
8 115
8 112
8 78
8 159
8 55
8 100
8 30
8 142
8 23
8 108
8 16
8 176
8 52
8 89
9 23
9 47
9 59
9 187
9 18
9 68
9 16
9 142
9 21
9 197
9 137
9 91
9 189
9 30
9 145
9 60
9 10
9 195
9 86
9 38
9 183
9 36
9 109
9 14
9 123
9 97
9 49
9 155
9 148
9 143
9 192
9 100
9 134
9 44
9 26
9 178
9 182
9 113
9 34
9 11
9 168
9 69
9 115
9 126
9 135
9 45
9 153
9 51
9 130
9 122
9 139
9 108
9 196
9 39
9 40
9 176
10 46
10 56
10 99
10 67
10 182
10 38
10 185
10 20
10 117
10 102
10 88
10 66
10 97
10 55
10 141
10 96
10 14
10 110
10 194
10 69
10 115
10 177
10 171
10 139
10 49
10 157
10 140
10 44
10 25
10 111
10 59
10 191
10 19
10 105
10 91
10 161
10 86
10 127
10 118
10 195
10 35
10 176
10 30
10 168
10 81
10 81
10 173
10 172
10 53
10 135
11 12
11 13
11 14
11 17
11 36
11 50
11 193
11 104
11 44
11 33
11 86
11 29
11 91
11 161
11 112
11 157
11 66
11 175
11 39
11 132
11 173
11 32
11 73
11 137
11 162
11 16
11 23
11 192
11 18
11 25
11 153
11 190
11 42
11 46
11 185
11 196
11 126
11 187
11 194
11 37
11 47
11 197
11 159
11 109
11 183
11 177
11 60
11 98
11 45
11 182
11 186
11 79
11 26
11 71
11 101
11 99
11 168
12 20
12 79
12 126
12 18
12 108
12 53
12 122
12 177
12 117
12 139
12 165
12 138
12 39
12 103
12 55
12 22
12 159
12 97
12 162
12 114
12 96
12 109
12 62
12 116
12 99
12 94
12 176
12 188
12 76
12 155
12 179
12 192
12 92
12 115
12 63
12 170
12 148
12 118
12 131
12 197
12 173
12 128
12 98
12 38
12 65
12 50
12 27
12 56
12 13
12 105
12 70
12 73
12 110
12 168
12 160
12 86
12 186
12 101
12 35
12 34
13 48
13 84
13 85
13 189
13 113
13 118
13 143
13 52
13 24
13 35
13 72
13 174
13 15
13 57
13 87
13 74
13 198
13 152
13 164
13 164
13 161
13 89
13 60
13 108
13 70
13 183
13 38
13 83
13 55
13 94
13 21
13 44
13 98
13 121
13 58
13 140
13 181
13 188
13 155
13 77
13 124
13 30
13 167
13 105
13 75
13 114
13 25
14 119
14 187
14 17
14 88
14 79
14 137
14 168
14 141
14 136
14 74
14 99
14 175
14 82
14 127
14 184
14 71
14 18
14 189
14 50
14 61
14 120
14 107
14 102
14 56
14 186
14 46
14 34
14 192
14 32
14 62
14 83
14 51
14 94
14 131
14 69
14 24
14 42
14 97
14 15
14 118
14 174
14 49
14 199
14 190
14 101
14 130
14 144
14 182
14 80
14 80
14 195
14 95
14 19
14 134
14 178
14 122
14 67
14 92
14 128
14 112
14 177
14 167
14 96
14 54
14 138
14 135
14 179
14 198
15 16
15 177
15 85
15 71
15 118
15 132
15 166
15 27
15 187
15 156
15 170
15 159
15 100
15 124
15 171
15 102
15 161
15 188
15 115
15 19
15 153
15 111
15 47
15 73
15 174
15 75
15 101
15 108
15 97
15 143
15 105
15 182
15 54
15 23
15 152
15 184
15 18
15 192
15 119
15 55
15 25
15 141
15 58
15 90
15 99
15 33
15 190
15 151
15 70
15 158
15 66
15 64
15 198
15 164
15 147
15 61
15 49
15 29
16 52
16 76
16 84
16 136
16 155
16 120
16 176
16 161
16 196
16 107
16 148
16 69
16 194
16 175
16 94
16 95
16 116
16 17
16 111
16 191
16 193
16 70
16 139
16 178
16 178
16 99
16 22
16 168
16 30
16 174
16 19
16 40
16 73
16 58
16 167
16 130
16 164
16 88
16 92
16 66
16 91
16 82
16 190
16 90
16 74
16 108
16 100
16 72
16 138
16 75
16 183
16 149
16 98
16 137
16 50
16 165
16 131
16 157
16 60
16 118
17 22
17 49
17 143
17 44
17 159
17 196
17 100
17 89
17 86
17 185
17 32
17 188
17 25
17 112
17 160
17 116
17 103
17 91
17 41
17 82
17 130
17 174
17 77
17 68
17 66
17 128
17 165
17 117
17 150
17 186
17 186
17 146
17 48
17 108
17 151
17 123
17 104
17 180
17 72
17 169
17 184
17 179
17 153
17 81
17 73
17 140
17 168
17 43
17 40
17 20
17 137
17 111
17 102
17 80
17 58
17 192
17 198
17 64
17 94
17 45
17 122
17 125
17 132
17 54
17 114
17 61
17 173
17 163
17 107
18 43
18 97
18 76
18 21
18 90
18 137
18 152
18 173
18 108
18 180
18 89
18 58
18 133
18 102
18 27
18 38
18 174
18 100
18 191
18 20
18 67
18 96
18 138
18 175
18 177
18 171
18 62
18 144
18 66
18 118
18 32
18 92
18 199
18 114
18 51
18 112
18 188
18 127
18 167
18 122
18 196
18 99
18 131
18 132
18 54
18 107
18 103
18 119
18 181
18 157
18 19
18 82
18 60
18 182
18 69
19 170
19 145
19 168
19 48
19 23
19 59
19 81
19 22
19 66
19 144
19 171
19 158
19 117
19 127
19 129
19 73
19 63
19 94
19 153
19 83
19 114
19 159
19 54
19 189
19 116
19 172
19 187
19 71
19 160
19 51
19 184
19 47
19 113
19 190
19 85
19 20
19 61
19 93
19 64
19 192
19 68
19 156
19 76
19 40
19 179
19 179
19 137
19 166
19 62
19 169
20 42
20 181
20 61
20 159
20 40
20 27
20 127
20 30
20 84
20 135
20 54
20 85
20 52
20 111
20 43
20 194
20 67
20 198
20 193
20 165
20 184
20 51
20 31
20 182
20 41
20 149
20 113
20 115
20 136
20 188
20 62
20 180
20 140
20 137
20 187
20 169
20 32
20 158
20 107
20 105
20 160
20 97
20 33
20 148
20 167
20 108
20 170
20 114
20 25
20 71
20 139
20 142
20 168
20 72
20 152
20 118
20 189
20 66
21 28
21 57
21 67
21 86
21 93
21 154
21 165
21 151
21 123
21 170
21 191
21 81
21 55
21 128
21 117
21 198
21 175
21 160
21 101
21 92
21 46
21 48
21 60
21 49
21 172
21 106
21 135
21 190
21 73
21 31
21 42
21 157
21 185
21 153
21 168
21 94
21 97
21 96
21 41
21 102
21 156
21 89
21 143
21 84
21 82
21 38
21 178
21 34
22 55
22 182
22 113
22 126
22 74
22 92
22 84
22 103
22 60
22 143
22 96
22 37
22 137
22 157
22 159
22 73
22 51
22 43
22 95
22 110
22 61
22 155
22 163
22 128
22 178
22 62
22 162
22 135
22 175
22 124
22 90
22 198
22 98
22 65
22 147
22 131
22 76
22 68
22 57
22 196
22 71
22 173
22 139
22 88
22 140
22 148
22 99
22 54
22 118
22 153
22 41
22 50
22 64
22 119
22 199
22 36
22 91
22 49
22 104
22 63
22 80
22 132
22 77
22 154
22 164
22 72
23 168
23 86
23 42
23 127
23 118
23 162
23 182
23 115
23 71
23 197
23 25
23 95
23 125
23 198
23 65
23 104
23 120
23 139
23 111
23 191
23 148
23 43
23 177
23 110
23 85
23 152
23 62
23 150
23 52
23 160
23 187
23 28
23 151
23 59
23 159
23 84
23 117
23 142
23 167
23 126
23 128
23 153
23 61
23 30
23 143
23 74
23 83
23 163
23 68
23 171
23 113
23 90
23 166
23 166
23 132
23 77
23 100
23 58
23 26
24 44
24 102
24 116
24 112
24 93
24 181
24 139
24 142
24 36
24 183
24 58
24 33
24 53
24 174
24 149
24 27
24 47
24 113
24 193
24 164
24 136
24 196
24 168
24 179
24 121
24 98
24 154
24 154
24 125
24 95
24 118
24 160
24 66
24 41
24 64
24 60
24 135
24 89
24 108
24 117
24 119
24 37
24 141
24 39
24 166
24 56
24 153
24 145
24 71
24 99
24 30
24 51
24 122
24 87
24 46
24 173
24 81
24 96
24 43
24 52
24 152
24 187
24 129
24 70
25 33
25 54
25 85
25 160
25 63
25 61
25 88
25 28
25 187
25 57
25 44
25 132
25 41
25 67
25 117
25 29
25 43
25 100
25 177
25 97
25 126
25 182
25 89
25 161
25 99
25 158
25 156
25 173
25 130
25 79
25 60
25 157
25 90
25 101
25 36
25 178
25 152
25 188
25 194
25 180
25 135
25 71
25 115
25 66
25 119
25 143
25 56
25 154
25 125
25 193
25 155
25 144
25 162
25 114
26 32
26 90
26 41
26 177
26 191
26 27
26 181
26 89
26 95
26 50
26 142
26 145
26 75
26 109
26 51
26 136
26 61
26 37
26 135
26 63
26 127
26 53
26 173
26 28
26 102
26 163
26 68
26 129
26 128
26 54
26 190
26 46
26 97
26 139
26 103
26 187
26 85
26 169
26 121
26 122
26 44
26 152
26 141
26 88
26 35
26 48
26 171
27 29
27 37
27 65
27 148
27 45
27 67
27 132
27 83
27 79
27 153
27 129
27 55
27 199
27 137
27 66
27 134
27 151
27 61
27 165
27 122
27 73
27 38
27 133
27 164
27 91
27 56
27 196
27 85
27 183
27 81
27 112
27 160
27 50
27 49
27 111
27 92
27 98
27 89
27 121
27 113
27 175
27 175
27 46
27 185
27 118
27 32
27 86
27 51
27 78
27 156
27 186
27 138
27 124
27 48
27 128
27 191
27 109
27 144
27 123
27 170
27 52
27 126
27 161
27 82
27 130
27 147
27 62
28 39
28 126
28 82
28 91
28 181
28 51
28 77
28 108
28 161
28 130
28 98
28 56
28 189
28 118
28 41
28 194
28 61
28 111
28 184
28 193
28 53
28 66
28 188
28 45
28 153
28 164
28 156
28 103
28 58
28 199
28 79
28 99
28 150
28 182
28 119
28 105
28 31
28 92
28 107
28 171
28 42
28 46
28 57
28 125
28 88
28 65
28 175
28 72
28 96
28 165
28 165
28 147
28 47
28 149
28 142
28 137
28 60
28 29
28 63
29 144
29 161
29 158
29 114
29 159
29 189
29 175
29 176
29 30
29 57
29 92
29 188
29 197
29 49
29 50
29 56
29 135
29 103
29 180
29 71
29 150
29 46
29 104
29 122
29 156
29 172
29 39
29 137
29 195
29 134
29 35
29 132
29 62
29 170
29 55
29 97
29 126
29 110
29 169
29 64
29 163
29 37
29 173
29 181
29 145
29 183
29 70
29 196
29 78
29 186
29 90
29 93
29 143
29 138
29 51
29 112
29 68
30 170
30 119
30 194
30 166
30 34
30 77
30 106
30 127
30 176
30 148
30 123
30 116
30 164
30 78
30 55
30 33
30 183
30 154
30 132
30 82
30 61
30 189
30 59
30 196
30 91
30 69
30 52
30 79
30 104
30 147
30 53
30 186
30 47
30 140
30 118
30 138
30 63
30 85
30 44
30 144
30 98
30 149
30 57
30 199
30 58
30 100
30 66
30 115
30 172
30 182
31 101
31 102
31 148
31 131
31 45
31 49
31 100
31 178
31 146
31 79
31 67
31 90
31 147
31 64
31 191
31 103
31 141
31 98
31 172
31 189
31 182
31 138
31 179
31 108
31 184
31 86
31 112
31 196
31 151
31 126
31 48
31 186
31 80
31 62
31 125
31 105
31 162
31 162
31 195
31 181
31 52
31 56
31 123
31 66
31 132
31 87
31 177
31 59
31 41
31 113
31 63
31 91
31 135
31 94
31 54
32 143
32 189
32 105
32 43
32 39
32 172
32 51
32 60
32 44
32 34
32 145
32 190
32 58
32 52
32 153
32 178
32 66
32 134
32 182
32 184
32 50
32 70
32 135
32 68
32 45
32 155
32 63
32 122
32 82
32 74
32 166
32 99
32 55
32 84
32 118
32 57
32 93
32 192
32 85
32 133
32 180
32 65
32 104
32 54
32 87
32 94
32 130
32 164
32 195
32 83
32 89
32 40
32 35
32 41
32 110
32 77
32 160
32 125
32 162
32 64
33 34
33 98
33 58
33 106
33 64
33 114
33 133
33 36
33 68
33 42
33 103
33 152
33 54
33 88
33 126
33 118
33 123
33 167
33 178
33 38
33 165
33 71
33 109
33 157
33 127
33 91
33 90
33 116
33 85
33 183
33 166
33 107
33 192
33 149
33 122
33 137
33 161
33 161
33 155
33 56
33 154
33 162
33 80
33 113
33 99
33 168
33 148
33 50
33 52
33 125
33 105
33 75
34 35
34 64
34 133
34 106
34 95
34 109
34 171
34 74
34 112
34 99
34 126
34 52
34 180
34 98
34 48
34 155
34 147
34 86
34 79
34 178
34 101
34 176
34 146
34 57
34 73
34 196
34 70
34 159
34 46
34 88
34 39
34 152
34 44
34 121
34 107
34 114
34 165
34 174
34 66
34 160
34 37
34 111
34 81
34 163
34 103
34 77
34 153
34 113
34 108
34 168
34 198
34 143
34 68
34 140
34 175
34 144
34 105
34 156
34 185
34 49
34 53
35 38
35 105
35 154
35 55
35 76
35 56
35 69
35 64
35 37
35 132
35 187
35 58
35 83
35 42
35 101
35 149
35 190
35 156
35 167
35 183
35 174
35 43
35 119
35 127
35 152
35 67
35 46
35 53
35 157
35 199
35 145
35 90
35 162
35 148
35 169
35 48
35 188
35 63
35 140
35 153
35 85
35 99
35 86
35 84
35 91
35 147
35 194
35 112
35 109
35 51
35 52
35 87
35 45
35 163
35 163
35 155
35 92
35 47
35 80
35 123
36 153
36 153
36 50
36 142
36 83
36 96
36 44
36 60
36 69
36 102
36 147
36 87
36 141
36 79
36 188
36 145
36 71
36 169
36 195
36 138
36 65
36 57
36 39
36 45
36 74
36 46
36 54
36 77
36 110
36 172
36 40
36 109
36 171
36 155
36 144
36 82
36 128
36 90
36 47
36 84
36 161
36 118
36 149
36 97
36 182
36 91
36 121
36 183
36 124
36 67
36 115
36 80
37 45
37 83
37 124
37 80
37 133
37 85
37 92
37 170
37 65
37 110
37 68
37 58
37 90
37 125
37 149
37 108
37 55
37 107
37 123
37 148
37 187
37 59
37 98
37 104
37 186
37 151
37 100
37 67
37 178
37 56
37 173
37 119
37 167
37 42
37 150
37 39
37 41
37 63
37 89
37 174
37 70
37 88
37 54
37 38
37 112
37 176
37 99
37 97
37 79
37 52
37 53
37 179
37 146
37 184
37 127
38 106
38 127
38 172
38 195
38 76
38 121
38 108
38 177
38 145
38 162
38 90
38 67
38 134
38 156
38 199
38 44
38 96
38 52
38 158
38 43
38 73
38 186
38 151
38 182
38 46
38 170
38 170
38 40
38 41
38 65
38 72
38 119
38 78
38 68
38 84
38 83
38 131
38 101
38 191
38 42
38 54
38 129
38 82
38 152
38 85
38 173
38 167
38 110
38 144
38 133
38 39
38 64
38 91
38 165
38 141
38 87
38 140
38 53
38 163
39 75
39 78
39 175
39 184
39 42
39 112
39 106
39 89
39 44
39 40
39 98
39 94
39 164
39 54
39 160
39 161
39 140
39 169
39 162
39 188
39 41
39 137
39 122
39 66
39 165
39 180
39 85
39 50
39 155
39 178
39 97
39 55
39 177
39 115
39 95
39 174
39 141
39 157
39 90
39 182
39 65
39 145
39 51
39 197
39 117
39 84
39 159
39 109
39 63
39 176
39 138
39 172
39 130
39 163
39 167
39 139
39 108
39 183
39 52
39 189
39 58
39 102
39 171
39 61
40 41
40 92
40 190
40 45
40 75
40 182
40 164
40 87
40 69
40 113
40 101
40 136
40 116
40 55
40 44
40 103
40 122
40 139
40 76
40 199
40 114
40 106
40 50
40 79
40 42
40 188
40 179
40 89
40 132
40 128
40 62
40 167
40 192
40 95
40 166
40 82
40 197
40 85
40 131
40 198
40 156
40 140
40 58
40 88
40 159
40 159
40 174
40 141
40 124
40 175
40 155
40 98
40 53
40 94
40 65
41 53
41 115
41 77
41 81
41 89
41 83
41 54
41 49
41 52
41 120
41 165
41 113
41 132
41 158
41 140
41 45
41 90
41 199
41 86
41 102
41 136
41 189
41 129
41 70
41 145
41 142
41 107
41 153
41 193
41 146
41 154
41 103
41 62
41 131
41 112
41 123
41 175
41 87
41 95
41 61
41 135
41 164
41 75
41 161
41 143
41 76
41 196
41 50
41 44
41 156
42 96
42 155
42 58
42 156
42 161
42 152
42 181
42 151
42 123
42 61
42 77
42 194
42 143
42 57
42 128
42 126
42 196
42 189
42 67
42 119
42 107
42 167
42 197
42 159
42 176
42 79
42 180
42 74
42 175
42 164
42 141
42 51
42 122
42 80
42 183
42 199
42 134
42 130
42 127
42 86
42 44
42 48
42 149
42 47
42 53
42 184
43 60
43 118
43 120
43 147
43 106
43 169
43 99
43 91
43 87
43 66
43 137
43 145
43 100
43 142
43 165
43 188
43 49
43 48
43 195
43 181
43 193
43 45
43 163
43 113
43 151
43 68
43 47
43 199
43 134
43 64
43 141
43 144
43 96
43 116
43 85
43 101
43 139
43 86
43 152
43 83
43 72
43 112
43 59
43 53
43 126
43 76
43 183
43 82
43 50
43 157
43 172
43 110
43 61
43 180
43 75
44 80
44 53
44 142
44 56
44 127
44 197
44 172
44 182
44 49
44 125
44 191
44 84
44 89
44 64
44 148
44 148
44 78
44 92
44 143
44 168
44 169
44 124
44 141
44 151
44 88
44 190
44 187
44 52
44 63
44 91
44 175
44 184
44 162
44 61
44 137
44 149
44 183
44 129
44 105
44 103
44 153
44 166
44 144
44 165
44 178
44 102
44 74
45 51
45 111
45 195
45 190
45 118
45 46
45 145
45 69
45 192
45 70
45 95
45 62
45 58
45 54
45 165
45 57
45 108
45 88
45 150
45 65
45 198
45 142
45 167
45 180
45 129
45 143
45 128
45 197
45 132
45 157
45 99
45 136
45 114
45 199
45 63
45 84
45 87
45 172
45 106
45 181
45 67
45 96
45 191
45 115
45 134
45 89
45 184
45 160
45 168
45 135
45 86
45 103
45 178
45 80
45 94
45 66
45 173
45 159
45 194
45 154
45 113
45 155
46 61
46 184
46 142
46 179
46 175
46 152
46 178
46 199
46 65
46 79
46 66
46 106
46 128
46 172
46 48
46 181
46 100
46 85
46 97
46 62
46 58
46 94
46 154
46 137
46 190
46 136
46 125
46 149
46 115
46 132
46 88
46 59
46 90
46 138
46 155
46 159
46 186
46 165
46 156
46 196
46 173
46 57
46 119
46 107
46 145
46 67
46 51
46 80
46 82
46 143
46 146
46 69
46 76
46 120
46 110
46 95
46 77
46 70
47 167
47 53
47 147
47 124
47 122
47 165
47 89
47 158
47 158
47 83
47 48
47 134
47 160
47 65
47 68
47 182
47 95
47 127
47 179
47 64
47 105
47 118
47 61
47 145
47 195
47 173
47 84
47 72
47 76
47 126
47 157
47 163
47 144
47 171
47 148
47 103
47 178
47 80
47 59
47 159
47 194
47 107
47 73
48 195
48 155
48 160
48 194
48 189
48 114
48 167
48 137
48 130
48 153
48 136
48 107
48 133
48 159
48 58
48 56
48 100
48 76
48 73
48 179
48 125
48 190
48 119
48 199
48 49
48 90
48 70
48 184
48 60
48 162
48 163
48 99
48 54
48 51
48 53
48 164
48 158
48 149
48 188
48 63
48 121
49 132
49 178
49 139
49 125
49 112
49 133
49 115
49 66
49 64
49 71
49 104
49 58
49 88
49 83
49 103
49 159
49 87
49 188
49 78
49 108
49 108
49 86
49 186
49 116
49 114
49 177
49 187
49 123
49 124
49 95
49 80
49 140
49 167
49 189
49 149
49 61
49 68
49 129
49 60
49 127
49 81
49 85
49 51
49 184
49 155
50 68
50 87
50 134
50 134
50 151
50 100
50 169
50 59
50 174
50 116
50 133
50 143
50 164
50 157
50 191
50 185
50 172
50 67
50 107
50 66
50 109
50 78
50 64
50 138
50 110
50 126
50 54
50 123
50 104
50 97
50 94
50 63
50 153
50 187
50 136
50 118
50 183
50 113
50 51
50 124
50 84
50 92
50 57
50 74
50 82
50 167
50 161
50 179
51 195
51 170
51 114
51 85
51 187
51 133
51 119
51 131
51 107
51 154
51 164
51 97
51 165
51 87
51 64
51 178
51 66
51 123
51 160
51 198
51 78
51 128
51 134
51 80
51 138
51 121
51 183
51 145
51 65
51 166
51 52
51 157
51 115
51 91
51 159
51 199
51 184
51 174
51 151
51 111
51 185
51 142
51 86
51 122
51 158
51 125
51 190
52 117
52 132
52 164
52 88
52 127
52 163
52 113
52 151
52 146
52 173
52 122
52 166
52 114
52 186
52 69
52 71
52 183
52 104
52 172
52 181
52 109
52 152
52 92
52 178
52 68
52 57
52 95
52 171
52 90
52 83
52 177
52 111
52 162
52 144
52 188
52 193
52 107
52 131
52 198
52 79
52 159
52 91
52 136
52 161
52 65
52 116
52 174
53 58
53 63
53 110
53 151
53 166
53 190
53 199
53 100
53 186
53 65
53 71
53 149
53 128
53 66
53 125
53 176
53 142
53 102
53 183
53 106
53 91
53 64
53 69
53 75
53 130
53 194
53 124
53 174
53 147
53 147
53 127
53 95
53 84
53 117
53 129
53 141
53 158
53 167
53 143
53 150
53 88
53 96
53 184
53 191
53 133
54 81
54 167
54 117
54 58
54 55
54 57
54 106
54 157
54 174
54 66
54 95
54 60
54 199
54 145
54 149
54 128
54 98
54 166
54 59
54 142
54 142
54 182
54 196
54 133
54 173
54 104
54 101
54 181
54 118
54 148
54 122
54 67
54 107
54 193
54 85
54 155
54 76
54 163
54 97
54 197
54 74
54 116
54 93
54 188
54 83
54 69
54 130
54 136
54 171
54 108
54 119
54 176
55 62
55 74
55 174
55 98
55 109
55 73
55 167
55 144
55 108
55 57
55 64
55 96
55 147
55 83
55 186
55 122
55 182
55 187
55 111
55 112
55 101
55 181
55 178
55 77
55 87
55 68
55 60
55 103
55 180
55 70
55 59
55 140
55 131
55 194
55 172
55 137
55 193
55 115
55 165
55 124
55 153
55 105
55 138
55 84
55 164
55 61
56 90
56 114
56 190
56 142
56 117
56 61
56 154
56 181
56 97
56 84
56 79
56 109
56 196
56 175
56 62
56 130
56 83
56 113
56 145
56 67
56 78
56 177
56 198
56 63
56 122
56 122
56 57
56 183
56 137
56 74
56 70
56 108
56 165
56 120
56 160
56 126
56 106
56 105
56 132
56 164
56 127
57 94
57 107
57 174
57 67
57 146
57 146
57 92
57 191
57 163
57 69
57 154
57 59
57 125
57 170
57 80
57 149
57 97
57 145
57 114
57 119
57 157
57 186
57 173
57 181
57 141
57 151
57 60
57 193
57 61
57 190
57 73
57 142
57 196
57 180
57 133
57 182
57 162
57 101
57 90
57 66
57 109
57 172
57 128
58 66
58 70
58 104
58 86
58 67
58 96
58 64
58 82
58 158
58 199
58 148
58 144
58 174
58 118
58 146
58 155
58 167
58 194
58 77
58 171
58 128
58 129
58 73
58 159
58 133
58 190
58 138
58 102
58 152
58 152
58 106
58 181
58 140
58 169
58 116
58 149
58 61
58 178
58 136
58 101
58 184
58 91
58 84
58 154
58 177
58 153
58 80
58 147
58 74
58 90
58 83
58 151
58 188
59 118
59 64
59 175
59 158
59 132
59 185
59 89
59 119
59 130
59 71
59 103
59 88
59 140
59 98
59 66
59 194
59 134
59 101
59 70
59 143
59 198
59 178
59 188
59 112
59 147
59 90
59 110
59 74
59 182
59 195
59 100
59 145
59 156
59 156
59 155
59 197
59 95
59 162
59 78
59 85
59 139
59 77
59 127
59 172
59 106
59 114
59 137
59 166
59 138
59 117
59 81
59 148
59 164
59 80
60 185
60 82
60 125
60 141
60 152
60 117
60 129
60 114
60 195
60 197
60 155
60 167
60 94
60 182
60 153
60 133
60 148
60 173
60 92
60 131
60 98
60 166
60 88
60 180
60 154
60 118
60 101
60 119
60 144
60 144
60 106
60 179
60 72
60 193
60 147
60 137
60 165
60 121
60 103
60 73
60 75
60 139
60 122
60 85
60 151
60 116
60 77
60 99
61 82
61 94
61 180
61 102
61 88
61 181
61 98
61 71
61 79
61 115
61 142
61 77
61 138
61 131
61 131
61 101
61 125
61 62
61 150
61 116
61 194
61 199
61 168
61 153
61 158
61 85
61 73
61 106
61 156
61 145
61 83
61 155
61 93
61 130
61 129
61 122
61 107
61 188
61 163
61 175
61 63
61 143
61 128
61 97
61 110
61 123
61 121
61 136
61 74
61 169
61 177
61 191
61 174
61 118
61 162
61 166
62 69
62 82
62 65
62 178
62 64
62 117
62 192
62 174
62 185
62 97
62 88
62 75
62 134
62 173
62 109
62 196
62 150
62 118
62 68
62 93
62 121
62 121
62 113
62 158
62 92
62 94
62 143
62 170
62 151
62 107
62 159
62 102
62 199
62 81
62 152
62 74
62 188
62 128
62 172
62 119
62 146
63 69
63 86
63 148
63 168
63 164
63 124
63 161
63 198
63 138
63 140
63 84
63 160
63 123
63 146
63 145
63 175
63 109
63 80
63 67
63 112
63 154
63 157
63 65
63 76
63 136
63 163
63 174
63 64
63 194
63 171
63 185
63 192
63 169
63 150
63 153
63 83
63 91
64 73
64 146
64 111
64 66
64 181
64 106
64 152
64 83
64 87
64 184
64 162
64 135
64 147
64 170
64 185
64 71
64 138
64 141
64 126
64 168
64 176
64 76
64 81
64 132
64 86
64 194
64 149
64 186
64 190
64 148
64 109
64 177
64 127
64 84
64 191
64 161
64 175
64 183
65 140
65 77
65 111
65 166
65 127
65 131
65 133
65 86
65 113
65 165
65 79
65 101
65 85
65 110
65 117
65 126
65 134
65 80
65 177
65 118
65 199
65 172
65 149
65 151
65 71
65 139
65 73
65 92
65 120
65 170
65 121
65 90
65 107
65 89
65 198
65 155
65 83
65 135
65 137
65 128
65 129
65 179
65 124
65 115
65 74
65 156
65 68
65 187
66 157
66 152
66 144
66 97
66 195
66 196
66 115
66 116
66 68
66 150
66 160
66 175
66 129
66 182
66 123
66 170
66 75
66 180
66 184
66 161
66 137
66 163
66 130
66 189
66 159
66 173
66 187
66 95
66 124
66 104
66 164
66 169
66 109
66 131
66 197
66 147
66 191
66 148
66 111
66 111
66 140
66 80
66 69
66 112
67 123
67 139
67 149
67 150
67 187
67 192
67 107
67 159
67 197
67 120
67 127
67 109
67 165
67 111
67 73
67 96
67 199
67 175
67 99
67 157
67 163
67 131
67 97
67 94
67 114
67 98
67 136
67 79
67 161
67 117
67 141
67 84
67 134
67 198
67 87
67 126
67 81
67 82
67 101
68 145
68 183
68 119
68 152
68 75
68 153
68 95
68 168
68 128
68 73
68 87
68 94
68 126
68 141
68 150
68 156
68 121
68 130
68 167
68 79
68 175
68 181
68 114
68 139
68 92
68 177
68 174
68 198
68 157
68 165
68 189
68 166
68 93
68 99
68 96
68 129
68 159
68 100
68 100
68 76
68 140
68 144
68 77
68 107
68 115
68 124
68 98
68 135
69 71
69 129
69 176
69 158
69 164
69 149
69 199
69 70
69 152
69 103
69 111
69 160
69 182
69 177
69 156
69 96
69 77
69 130
69 101
69 127
69 128
69 133
69 89
69 95
69 150
69 134
69 121
69 114
69 76
69 181
69 191
69 107
69 115
69 189
69 155
69 118
69 118
69 88
69 106
69 120
69 84
69 98
69 170
70 89
70 103
70 110
70 142
70 199
70 93
70 170
70 86
70 88
70 161
70 186
70 109
70 132
70 197
70 106
70 123
70 185
70 74
70 169
70 115
70 127
70 191
70 129
70 165
70 189
70 126
70 87
70 107
70 118
70 159
70 154
70 85
70 75
70 133
70 171
70 99
70 163
70 139
70 177
70 73
71 77
71 89
71 91
71 171
71 183
71 159
71 144
71 112
71 95
71 184
71 166
71 145
71 140
71 74
71 178
71 147
71 162
71 150
71 104
71 194
71 187
71 155
71 175
71 138
71 100
71 83
71 127
71 182
71 109
71 195
71 110
71 92
71 78
71 136
71 198
71 135
71 191
71 168
71 193
71 179
72 95
72 152
72 187
72 160
72 140
72 163
72 83
72 136
72 173
72 194
72 147
72 181
72 190
72 90
72 138
72 93
72 137
72 125
72 73
72 144
72 101
72 80
72 121
72 92
72 75
72 192
72 113
72 108
72 84
72 169
72 117
72 132
72 157
72 99
72 178
72 86
72 91
72 189
72 104
72 74
72 179
72 82
72 106
72 146
72 78
72 109
72 109
72 185
72 149
72 145
72 197
73 153
73 83
73 166
73 135
73 179
73 81
73 106
73 185
73 169
73 141
73 100
73 120
73 142
73 198
73 107
73 92
73 162
73 80
73 104
73 104
73 143
73 130
73 98
73 155
73 183
73 195
73 108
73 90
73 172
73 79
73 156
73 99
73 192
73 119
73 103
73 105
73 74
74 198
74 153
74 143
74 79
74 147
74 183
74 146
74 157
74 154
74 165
74 170
74 130
74 134
74 101
74 182
74 145
74 80
74 188
74 91
74 120
74 87
74 175
74 148
74 85
74 193
74 179
74 88
74 149
74 131
74 190
74 192
74 83
74 189
74 86
74 139
74 125
74 103
74 129
74 166
74 176
74 102
74 109
74 96
74 122
74 128
75 98
75 169
75 89
75 160
75 96
75 78
75 105
75 156
75 80
75 161
75 189
75 154
75 86
75 172
75 166
75 88
75 128
75 157
75 176
75 94
75 143
75 163
75 132
75 134
75 117
75 187
75 97
75 126
75 79
75 116
75 102
75 195
75 104
75 141
75 76
75 168
75 111
75 149
75 196
75 197
75 190
75 91
75 171
75 122
75 182
76 91
76 159
76 163
76 150
76 126
76 89
76 111
76 116
76 77
76 112
76 117
76 135
76 178
76 196
76 101
76 173
76 193
76 164
76 131
76 179
76 138
76 177
76 124
76 121
76 103
76 123
76 132
76 149
76 92
76 144
76 127
76 118
76 192
76 143
76 181
76 145
76 137
76 183
76 110
77 147
77 140
77 144
77 134
77 198
77 101
77 109
77 126
77 82
77 151
77 103
77 130
77 88
77 95
77 80
77 143
77 191
77 90
77 123
77 122
77 111
77 92
77 189
77 119
77 78
77 146
77 132
77 150
77 155
77 163
77 86
77 175
77 121
77 110
77 145
77 118
77 99
77 79
78 166
78 167
78 134
78 155
78 175
78 87
78 149
78 160
78 99
78 90
78 96
78 111
78 121
78 163
78 145
78 193
78 141
78 89
78 172
78 174
78 133
78 84
78 185
78 143
78 132
78 147
78 120
78 101
78 101
78 176
78 151
78 106
78 157
78 112
78 104
78 181
78 92
78 88
78 109
79 161
79 184
79 138
79 111
79 158
79 126
79 159
79 114
79 128
79 110
79 177
79 167
79 166
79 137
79 85
79 98
79 98
79 147
79 164
79 196
79 149
79 189
79 136
79 192
79 171
79 80
79 121
79 99
79 188
79 118
79 132
79 156
79 86
79 135
79 81
79 180
79 182
79 122
79 92
79 103
79 95
79 123
79 100
79 190
79 93
79 120
79 165
79 101
80 92
80 104
80 116
80 105
80 169
80 132
80 135
80 158
80 183
80 199
80 109
80 124
80 95
80 117
80 194
80 81
80 110
80 113
80 155
80 142
80 134
80 182
80 161
80 170
80 131
80 165
80 167
80 178
80 129
80 168
80 157
80 123
80 150
80 189
81 151
81 112
81 199
81 136
81 188
81 138
81 190
81 104
81 86
81 182
81 84
81 186
81 166
81 154
81 181
81 114
81 122
81 194
81 155
81 91
81 175
81 83
81 185
81 120
81 160
81 129
81 149
81 147
81 131
81 124
81 176
81 196
81 87
81 105
81 192
81 82
81 191
81 113
82 88
82 159
82 183
82 115
82 85
82 152
82 146
82 145
82 184
82 141
82 198
82 173
82 139
82 117
82 134
82 194
82 189
82 149
82 150
82 151
82 169
82 143
82 163
82 179
82 107
82 165
82 191
82 111
82 113
82 135
82 130
82 153
82 128
82 136
82 129
82 92
82 92
82 162
82 126
82 118
83 132
83 186
83 149
83 94
83 147
83 143
83 179
83 87
83 151
83 121
83 167
83 199
83 104
83 142
83 85
83 122
83 114
83 107
83 91
83 173
83 90
83 120
83 86
83 110
83 196
83 116
83 154
83 92
83 171
83 165
83 159
83 195
83 101
83 111
83 103
83 119
83 170
83 194
83 109
83 155
83 125
84 165
84 172
84 167
84 104
84 128
84 86
84 185
84 106
84 142
84 97
84 97
84 138
84 119
84 176
84 155
84 189
84 110
84 118
84 99
84 159
84 137
84 121
84 192
84 91
84 158
84 145
84 181
84 107
84 154
84 197
84 162
84 198
84 120
84 169
85 109
85 110
85 121
85 191
85 145
85 118
85 170
85 151
85 91
85 107
85 106
85 132
85 197
85 198
85 131
85 172
85 144
85 142
85 183
85 157
85 139
85 154
85 163
85 199
85 135
85 102
85 93
85 97
85 178
85 147
85 162
85 150
85 104
85 103
85 126
85 188
85 177
86 131
86 163
86 115
86 196
86 197
86 164
86 121
86 120
86 108
86 157
86 150
86 162
86 98
86 130
86 91
86 111
86 183
86 166
86 186
86 88
86 171
86 87
86 89
86 132
86 124
86 192
86 191
86 105
86 102
86 99
86 129
86 181
86 193
86 110
86 143
86 165
86 169
86 93
86 187
86 133
86 174
87 92
87 126
87 195
87 129
87 112
87 174
87 137
87 124
87 181
87 106
87 194
87 170
87 186
87 119
87 183
87 104
87 159
87 99
87 98
87 176
87 111
87 118
87 105
87 192
87 154
87 171
87 196
87 136
87 127
87 138
87 178
87 155
87 185
87 149
87 190
87 96
87 123
87 115
87 158
87 189
87 199
88 161
88 153
88 166
88 101
88 96
88 134
88 100
88 162
88 146
88 126
88 160
88 107
88 97
88 197
88 137
88 172
88 158
88 187
88 103
88 143
88 181
88 138
88 133
88 93
88 180
88 139
88 114
88 113
88 156
88 165
88 95
89 122
89 138
89 115
89 174
89 194
89 94
89 171
89 176
89 139
89 99
89 123
89 93
89 131
89 148
89 124
89 103
89 145
89 189
89 133
89 196
89 198
89 165
89 146
89 147
89 119
89 116
89 107
89 161
89 95
89 191
89 134
89 91
89 140
89 177
89 188
89 90
89 127
89 113
89 143
89 132
89 136
89 197
90 191
90 194
90 161
90 136
90 150
90 142
90 193
90 157
90 124
90 154
90 149
90 118
90 173
90 169
90 116
90 115
90 184
90 164
90 167
90 128
90 168
90 179
90 187
90 170
90 114
90 125
90 144
90 107
90 175
90 137
90 92
90 198
90 126
90 141
90 197
90 143
91 108
91 198
91 199
91 135
91 133
91 162
91 115
91 93
91 156
91 139
91 158
91 186
91 106
91 124
91 105
91 122
91 193
91 154
91 192
91 155
91 180
91 171
91 116
91 183
91 190
91 127
91 98
91 103
91 167
91 114
91 187
91 113
91 132
91 179
91 143
91 138
91 134
91 112
91 181
91 94
91 101
91 159
92 195
92 99
92 182
92 188
92 140
92 152
92 176
92 146
92 143
92 141
92 163
92 173
92 135
92 194
92 197
92 101
92 175
92 191
92 183
92 158
92 98
92 127
92 198
92 154
92 189
92 115
92 131
92 199
93 137
93 193
93 165
93 156
93 185
93 198
93 151
93 113
93 188
93 152
93 95
93 171
93 177
93 105
93 183
93 195
93 195
93 127
93 191
93 180
93 196
93 159
93 138
93 172
93 111
93 107
93 124
93 162
93 128
93 97
93 117
93 144
93 100
93 131
93 135
93 108
93 163
93 173
94 100
94 110
94 168
94 168
94 166
94 143
94 116
94 154
94 185
94 121
94 140
94 131
94 196
94 195
94 122
94 181
94 159
94 176
94 139
94 145
94 184
94 133
94 98
94 155
94 152
94 183
94 126
94 119
94 158
94 188
94 120
94 104
94 194
94 144
94 192
94 160
94 180
94 118
94 165
94 161
95 113
95 184
95 198
95 150
95 137
95 128
95 132
95 97
95 120
95 147
95 127
95 102
95 102
95 193
95 138
95 197
95 131
95 180
95 115
95 139
95 175
95 155
95 142
95 170
95 176
95 146
95 110
95 196
95 107
95 172
95 163
95 162
95 96
95 190
96 197
96 151
96 170
96 187
96 187
96 171
96 112
96 191
96 143
96 166
96 195
96 183
96 130
96 165
96 196
96 158
96 114
96 102
96 108
96 98
96 132
96 179
96 148
96 129
96 134
96 122
96 181
96 104
96 182
96 127
96 110
96 173
96 184
96 155
96 115
96 131
97 196
97 123
97 104
97 177
97 126
97 184
97 136
97 121
97 103
97 100
97 198
97 135
97 160
97 168
97 165
97 157
97 111
97 125
97 170
97 194
97 140
97 148
97 158
97 195
97 153
97 139
97 134
97 186
97 145
97 132
97 172
97 161
97 199
97 182
97 189
97 173
98 171
98 115
98 141
98 127
98 168
98 101
98 129
98 194
98 125
98 155
98 185
98 143
98 190
98 183
98 164
98 152
98 180
98 120
98 169
98 146
98 112
98 181
98 149
98 179
98 175
98 187
98 104
98 162
98 167
98 177
98 191
98 134
98 135
98 198
98 132
98 142
98 136
98 156
98 150
98 160
98 138
99 125
99 145
99 173
99 153
99 157
99 193
99 101
99 103
99 143
99 149
99 117
99 112
99 188
99 194
99 180
99 107
99 169
99 139
99 178
99 124
99 171
99 133
99 104
99 122
99 191
99 129
99 136
99 141
99 134
99 165
99 181
99 131
99 120
99 185
99 121
99 106
99 197
99 158
100 169
100 180
100 192
100 196
100 110
100 197
100 138
100 183
100 119
100 177
100 105
100 164
100 142
100 139
100 135
100 181
100 129
100 195
100 174
100 158
100 151
100 112
100 184
100 106
100 152
100 143
100 156
100 101
100 132
100 104
100 193
100 114
101 175
101 171
101 113
101 179
101 161
101 160
101 157
101 135
101 199
101 115
101 145
101 183
101 193
101 172
101 117
101 109
101 163
101 133
101 197
101 121
101 125
101 192
101 187
101 195
101 134
101 151
101 162
101 182
101 112
101 198
101 103
101 148
101 196
102 163
102 136
102 171
102 169
102 141
102 132
102 103
102 166
102 191
102 185
102 183
102 184
102 125
102 124
102 137
102 159
102 192
102 117
102 139
102 150
102 153
102 175
102 126
102 157
102 160
102 149
102 156
102 180
102 181
103 185
103 153
103 142
103 186
103 141
103 130
103 144
103 160
103 146
103 161
103 189
103 199
103 155
103 196
103 182
103 180
103 167
103 143
103 113
103 104
103 174
103 108
103 188
103 197
103 150
103 190
103 123
103 136
103 165
103 157
103 140
103 114
103 106
103 158
104 131
104 129
104 153
104 150
104 149
104 130
104 165
104 164
104 167
104 158
104 105
104 116
104 121
104 155
104 108
104 182
104 151
104 112
104 198
104 117
104 127
104 186
104 125
104 174
104 184
104 191
104 185
104 114
104 175
105 135
105 184
105 162
105 149
105 192
105 158
105 188
105 183
105 197
105 175
105 157
105 128
105 137
105 140
105 126
105 108
105 177
105 144
105 170
105 138
105 189
105 129
105 155
105 164
105 130
105 152
105 139
105 131
105 113
105 114
105 119
105 124
105 154
106 121
106 194
106 198
106 186
106 171
106 135
106 149
106 136
106 132
106 139
106 145
106 185
106 172
106 152
106 158
106 115
106 161
106 168
106 159
106 125
106 138
106 190
106 144
106 150
106 109
106 134
106 113
106 131
106 174
106 108
106 191
106 195
106 180
106 124
106 179
106 137
107 191
107 188
107 113
107 193
107 144
107 159
107 133
107 169
107 183
107 139
107 190
107 156
107 127
107 173
107 140
107 170
107 128
107 189
107 182
107 149
107 145
107 121
107 111
107 194
107 114
107 126
107 196
107 186
108 111
108 158
108 190
108 191
108 117
108 115
108 169
108 125
108 139
108 124
108 175
108 170
108 176
108 195
108 187
108 174
108 143
108 127
108 150
108 112
108 151
108 183
108 134
108 146
109 128
109 157
109 192
109 134
109 155
109 190
109 160
109 186
109 148
109 180
109 166
109 110
109 198
109 119
109 163
109 177
109 175
109 151
109 144
109 188
109 152
109 121
109 168
109 147
109 150
109 153
109 191
109 131
109 189
109 139
110 116
110 171
110 150
110 134
110 185
110 181
110 182
110 119
110 138
110 114
110 132
110 149
110 157
110 121
110 188
110 154
110 125
110 193
110 124
110 120
110 199
110 165
110 117
110 176
110 163
110 111
110 183
110 123
110 129
110 139
110 115
111 112
111 170
111 183
111 188
111 114
111 129
111 171
111 168
111 160
111 158
111 120
111 197
111 184
111 159
111 137
111 124
111 150
111 198
111 151
111 127
111 153
111 166
111 125
111 115
111 117
111 191
111 176
111 178
111 140
111 136
111 134
111 144
111 173
112 151
112 131
112 115
112 179
112 181
112 133
112 161
112 174
112 116
112 136
112 143
112 128
112 198
112 135
112 199
112 195
112 160
112 152
112 172
112 132
112 155
112 130
112 138
112 156
112 191
112 171
112 137
112 149
112 157
112 118
113 185
113 167
113 184
113 125
113 117
113 144
113 142
113 197
113 192
113 149
113 182
113 156
113 172
113 181
113 141
113 162
113 132
113 145
113 161
113 176
113 189
113 126
113 140
113 157
113 186
113 159
113 135
113 153
113 133
113 119
113 165
113 168
113 131
113 120
113 118
113 166
114 154
114 155
114 191
114 123
114 157
114 188
114 127
114 196
114 177
114 168
114 181
114 185
114 198
114 165
114 166
114 133
114 143
114 115
114 122
114 117
114 138
114 137
114 184
114 126
114 152
114 125
114 141
114 135
114 171
115 154
115 165
115 168
115 169
115 175
115 186
115 174
115 118
115 153
115 120
115 199
115 121
115 194
115 133
115 159
115 181
115 117
115 198
115 129
115 157
115 119
115 142
115 150
115 149
115 173
115 130
115 144
115 190
115 116
116 125
116 165
116 118
116 190
116 136
116 185
116 128
116 151
116 170
116 142
116 159
116 143
116 152
116 191
116 130
116 137
116 127
116 166
116 183
116 117
116 180
116 146
116 124
116 144
116 150
116 160
116 174
116 156
116 176
116 192
116 157
116 184
116 187
116 153
117 124
117 151
117 175
117 152
117 139
117 167
117 191
117 141
117 126
117 148
117 157
117 172
117 146
117 186
117 189
117 154
117 188
117 159
117 132
117 121
117 198
117 122
118 150
118 137
118 184
118 128
118 178
118 126
118 124
118 168
118 161
118 127
118 199
118 140
118 159
118 174
118 123
118 131
118 169
118 156
118 166
118 130
118 170
118 153
118 125
118 154
118 177
118 162
119 134
119 157
119 123
119 196
119 129
119 190
119 145
119 150
119 124
119 198
119 160
119 130
119 165
119 171
119 163
119 189
119 168
119 181
119 127
119 188
119 154
120 188
120 122
120 165
120 174
120 131
120 189
120 193
120 170
120 125
120 192
120 129
120 187
120 159
120 138
120 153
120 191
120 133
120 130
120 142
120 147
120 149
120 144
120 124
120 132
121 161
121 169
121 174
121 181
121 147
121 187
121 136
121 133
121 182
121 137
121 134
121 179
121 186
121 127
121 149
121 166
121 141
121 140
121 170
121 131
121 154
122 166
122 169
122 178
122 141
122 143
122 184
122 158
122 195
122 170
122 187
122 132
122 193
122 129
122 191
122 126
122 167
122 134
122 128
122 151
122 177
122 162
122 150
122 133
122 185
122 188
122 173
122 138
122 199
122 154
122 142
123 138
123 168
123 124
123 185
123 198
123 158
123 154
123 186
123 140
123 190
123 149
123 143
123 181
123 157
123 136
123 165
123 153
123 127
123 132
124 171
124 139
124 184
124 173
124 190
124 197
124 130
124 177
124 132
124 164
124 155
124 135
124 165
124 153
124 193
124 156
124 168
124 133
124 148
124 129
124 174
124 198
124 140
125 177
125 187
125 182
125 169
125 164
125 170
125 139
125 160
125 157
125 154
125 158
125 138
125 184
125 137
125 146
125 147
125 133
125 179
125 168
125 141
125 185
125 195
125 190
125 128
125 174
126 155
126 196
126 193
126 190
126 160
126 194
126 153
126 135
126 182
126 181
126 158
126 159
126 161
126 139
126 163
126 173
126 167
126 187
126 152
126 129
126 179
126 170
126 191
126 198
126 141
126 138
126 156
126 136
127 178
127 138
127 170
127 196
127 128
127 197
127 150
127 141
127 143
127 188
127 146
127 198
127 195
127 129
127 148
127 131
127 168
127 199
127 156
127 169
127 175
127 144
127 191
127 167
127 133
128 160
128 156
128 178
128 152
128 186
128 196
128 191
128 163
128 151
128 131
128 176
128 193
128 136
128 172
128 129
128 190
128 146
128 169
128 159
128 184
128 174
128 132
128 154
129 130
129 197
129 181
129 154
129 150
129 195
129 135
129 170
129 142
129 180
129 153
129 157
129 192
129 134
129 145
129 159
130 189
130 132
130 159
130 146
130 167
130 162
130 198
130 173
130 155
130 149
130 191
130 172
130 170
130 166
130 168
130 183
130 158
130 184
130 177
130 188
130 199
130 194
130 152
130 154
130 151
130 142
130 192
130 182
131 135
131 162
131 160
131 171
131 186
131 146
131 180
131 151
131 165
131 152
131 153
131 169
131 181
131 156
131 158
131 190
131 159
131 178
131 199
131 147
131 161
131 185
132 143
132 160
132 133
132 165
132 154
132 137
132 183
132 138
132 182
132 176
132 194
132 195
132 177
132 181
132 192
132 174
132 140
132 156
132 167
132 150
132 159
132 151
132 188
132 180
132 197
132 146
132 147
132 196
132 142
132 184
132 175
132 193
133 151
133 147
133 144
133 197
133 198
133 136
133 187
133 189
133 137
133 199
133 149
133 150
133 177
133 140
133 148
133 161
133 174
133 167
133 157
133 143
133 165
133 155
133 166
133 142
133 194
133 178
133 170
134 181
134 158
134 146
134 185
134 159
134 140
134 197
134 155
134 163
134 196
134 169
134 137
134 167
134 168
135 181
135 186
135 142
135 193
135 136
135 183
135 168
135 150
135 155
135 156
135 137
135 172
135 170
135 190
135 157
135 176
135 149
135 164
135 173
135 144
135 179
135 189
135 188
135 175
135 146
136 191
136 155
136 171
136 165
136 150
136 170
136 166
136 168
136 157
136 158
136 164
136 179
136 198
136 139
136 185
136 196
136 167
136 188
136 148
136 162
136 187
136 192
136 172
136 141
136 149
136 180
137 139
137 175
137 184
137 159
137 182
137 174
137 177
137 196
137 145
137 193
137 195
137 142
137 155
138 141
138 149
138 172
138 197
138 199
138 192
138 183
138 175
138 163
138 159
138 160
138 147
138 161
138 195
138 153
138 187
138 188
138 180
138 167
139 160
139 148
139 154
139 146
139 188
139 193
139 151
139 187
139 157
139 162
139 180
139 141
139 164
139 178
139 165
139 147
139 166
139 181
139 152
139 199
139 179
140 160
140 144
140 186
140 177
140 142
140 168
140 184
140 159
140 194
140 180
140 171
140 156
140 173
140 196
140 174
140 175
140 199
140 163
140 152
140 148
140 172
140 166
141 142
141 146
141 199
141 151
141 170
141 186
141 197
141 193
141 178
141 188
141 155
141 182
141 195
141 161
141 158
141 150
141 162
141 165
141 159
141 187
141 179
142 160
142 183
142 198
142 159
142 175
142 150
142 174
142 169
142 148
142 164
142 165
142 143
142 184
142 194
142 168
142 155
142 197
142 181
142 176
142 182
142 179
142 173
143 168
143 169
143 144
143 189
143 155
143 161
143 162
143 187
143 177
143 166
143 145
143 181
143 190
143 153
144 195
144 145
144 158
144 169
144 157
144 148
144 152
144 165
144 162
144 149
144 193
144 156
144 197
144 154
144 147
144 161
144 180
145 161
145 160
145 180
145 184
145 190
145 171
145 147
145 173
145 182
145 169
145 192
145 186
145 172
145 154
145 194
145 197
145 168
146 184
146 188
146 196
146 174
146 193
146 191
146 154
146 183
146 161
146 199
146 159
146 155
146 190
146 189
146 179
146 197
146 173
146 153
146 172
146 177
146 171
146 195
146 151
147 175
147 179
147 198
147 161
147 180
147 185
147 192
147 152
147 172
147 188
147 162
147 187
147 157
147 176
147 168
147 199
148 192
148 150
148 167
148 152
148 160
148 189
148 157
148 191
148 188
148 155
148 158
148 171
148 172
148 194
148 190
148 149
149 170
149 194
149 173
149 183
149 186
149 155
149 196
149 157
149 168
149 176
149 165
149 153
149 174
149 188
149 167
149 189
149 163
150 175
150 187
150 165
150 184
150 193
150 164
150 173
150 186
150 177
150 180
150 190
150 194
150 192
150 169
150 188
150 191
150 162
151 185
151 189
151 176
151 164
151 168
151 152
151 177
151 165
151 188
151 171
151 196
151 180
151 160
151 153
151 195
151 166
151 191
152 178
152 184
152 168
152 188
152 183
152 177
152 155
152 199
152 190
152 157
152 193
152 174
152 189
153 180
153 167
153 199
153 181
153 157
153 154
153 188
153 166
153 168
153 175
153 158
153 173
153 185
153 174
153 172
153 170
153 190
154 160
154 182
154 168
154 166
154 157
154 184
154 185
154 171
154 186
154 189
154 179
155 172
155 165
155 199
155 185
155 162
155 184
155 175
155 167
155 197
156 183
156 188
156 165
156 157
156 168
156 161
156 166
156 162
156 197
156 193
156 173
156 158
156 170
156 159
157 162
157 159
157 171
157 169
157 167
157 199
157 170
157 179
157 164
157 183
157 177
158 171
158 191
158 167
158 170
158 196
158 192
158 185
158 187
158 193
158 197
158 164
158 172
158 179
158 165
158 181
159 189
159 172
159 167
159 194
159 180
159 169
159 160
159 165
159 183
159 162
160 179
160 196
160 177
160 161
160 199
160 178
160 174
160 188
160 170
160 176
160 186
160 191
160 168
160 190
160 183
160 192
160 198
161 168
161 167
161 173
161 199
161 191
161 163
161 165
161 189
161 198
161 174
161 186
161 172
162 166
162 198
162 189
162 165
162 199
162 195
162 177
162 176
162 172
162 178
162 163
163 174
163 194
163 172
163 184
163 168
163 173
163 191
163 179
163 178
163 192
164 197
164 172
164 189
164 181
164 190
164 175
164 184
164 166
164 165
164 198
164 199
165 168
165 191
165 193
165 194
165 177
165 196
165 188
165 192
166 177
166 196
166 175
166 192
166 183
166 170
166 188
166 195
166 176
166 167
166 173
167 173
167 182
167 194
167 189
167 168
167 174
167 193
167 175
167 171
167 192
167 199
167 177
168 193
168 194
168 196
168 172
168 189
168 186
168 199
169 197
169 181
169 173
169 184
169 185
169 194
169 182
169 188
169 170
169 196
170 185
170 192
170 173
170 176
170 194
170 191
170 181
171 181
171 199
171 192
171 197
171 190
171 189
171 194
172 195
172 185
172 189
172 192
172 187
173 194
173 187
173 180
173 182
173 176
173 190
173 178
173 196
173 186
173 181
173 197
173 195
174 183
174 199
174 191
174 197
174 176
174 175
174 192
174 198
174 188
174 181
174 193
174 187
175 192
175 177
175 188
175 198
175 183
175 190
175 180
175 193
175 197
175 194
175 191
175 186
175 182
175 199
176 187
176 195
176 194
176 185
176 188
177 187
177 186
177 194
177 179
177 184
177 189
178 191
178 196
178 192
178 179
178 180
178 198
178 182
178 193
179 188
179 189
179 193
179 185
179 199
179 181
179 198
179 182
179 183
180 192
180 197
180 195
180 184
180 188
181 186
181 196
181 192
181 191
181 199
181 194
182 198
182 195
182 186
183 186
183 185
183 196
183 195
183 184
183 193
184 195
184 188
184 190
184 189
184 199
184 186
184 185
184 187
185 194
185 198
185 193
185 188
185 197
186 191
186 196
186 187
186 192
186 199
187 192
187 196
188 193
188 196
188 198
188 189
189 197
190 199
190 195
191 197
191 193
191 194
192 193
192 196
192 194
192 198
194 197
194 198
194 195
194 199
195 199
195 196
195 198
197 198
198 199
