0 1
0 8
0 11
0 27
0 112
0 266
0 68
0 239
0 230
0 128
0 59
0 40
0 111
0 169
0 228
0 132
0 91
0 95
0 137
0 134
0 110
0 157
0 214
0 56
0 113
0 50
0 245
0 33
0 102
0 154
0 106
0 93
0 10
0 54
0 142
0 231
0 109
0 232
0 193
0 287
0 149
0 264
0 70
0 116
0 122
0 273
0 123
0 38
0 241
0 255
0 185
0 168
0 13
0 81
1 2
1 4
1 21
1 36
1 85
1 42
1 123
1 101
1 45
1 253
1 242
1 117
1 99
1 260
1 201
1 97
1 255
1 55
1 266
1 170
1 181
1 37
1 195
1 234
1 84
1 51
1 149
1 54
1 206
1 286
1 104
1 17
1 224
1 109
1 229
1 230
1 18
1 29
1 25
1 184
1 212
1 283
1 236
1 268
1 210
1 247
1 240
1 245
1 95
1 227
1 264
1 218
1 254
1 74
1 274
2 3
2 5
2 7
2 120
2 201
2 284
2 73
2 238
2 95
2 96
2 153
2 277
2 209
2 48
2 271
2 273
2 101
2 164
2 18
2 261
2 290
2 256
2 81
2 278
2 17
2 23
2 227
2 173
2 44
2 112
2 102
2 236
2 148
2 68
2 49
2 39
2 244
2 190
2 27
2 42
2 31
2 283
2 196
2 267
2 26
2 169
2 156
2 60
2 172
2 76
2 221
2 13
2 56
2 99
2 122
3 12
3 24
3 165
3 270
3 38
3 133
3 98
3 257
3 67
3 89
3 282
3 292
3 109
3 223
3 281
3 203
3 43
3 262
3 5
3 298
3 298
3 290
3 92
3 184
3 73
3 93
3 99
3 31
3 169
3 102
3 11
3 200
3 87
3 266
3 261
3 227
3 228
3 220
3 197
3 156
3 106
3 113
3 239
3 241
3 154
3 72
3 114
3 204
3 135
3 15
3 192
4 20
4 134
4 208
4 247
4 41
4 205
4 281
4 279
4 241
4 39
4 63
4 28
4 93
4 243
4 33
4 245
4 191
4 224
4 253
4 154
4 236
4 298
4 234
4 148
4 156
4 96
4 288
4 288
4 213
4 121
4 242
4 127
4 287
4 219
4 198
4 74
4 17
4 182
4 146
4 252
4 189
4 6
4 124
4 192
4 222
4 258
4 43
4 176
4 8
4 179
4 249
4 103
4 50
4 115
4 140
4 155
4 57
4 70
4 251
4 10
4 212
4 294
4 143
5 6
5 17
5 19
5 156
5 298
5 278
5 74
5 38
5 138
5 59
5 21
5 163
5 30
5 267
5 158
5 242
5 113
5 93
5 157
5 292
5 175
5 43
5 76
5 215
5 194
5 228
5 248
5 293
5 196
5 212
5 259
5 90
5 68
5 169
5 136
5 155
5 91
5 152
5 184
5 182
5 277
5 171
5 257
5 187
6 22
6 43
6 93
6 76
6 231
6 113
6 163
6 26
6 107
6 294
6 261
6 17
6 173
6 237
6 293
6 75
6 286
6 89
6 223
6 36
6 171
6 285
6 236
6 194
6 150
6 88
6 34
6 240
6 12
6 288
6 243
6 24
6 221
6 69
6 53
6 269
6 20
6 230
6 135
6 135
6 232
6 49
6 265
6 241
6 157
6 98
6 52
6 82
6 185
6 71
6 182
6 96
6 127
6 189
6 259
6 152
6 164
6 102
6 233
6 117
6 201
6 31
6 196
6 48
7 13
7 56
7 135
7 262
7 284
7 175
7 8
7 266
7 239
7 181
7 158
7 22
7 73
7 40
7 255
7 213
7 256
7 192
7 276
7 69
7 18
7 67
7 145
7 267
7 41
7 28
7 296
7 16
7 151
7 25
7 162
7 12
7 113
7 83
7 224
7 274
7 287
7 174
7 297
7 297
7 178
7 270
7 201
7 140
7 278
7 17
7 68
7 37
7 281
7 225
7 141
8 9
8 14
8 15
8 120
8 189
8 225
8 174
8 110
8 178
8 284
8 61
8 90
8 112
8 118
8 50
8 24
8 126
8 17
8 215
8 84
8 63
8 77
8 133
8 231
8 282
8 56
8 295
8 23
8 29
8 252
8 46
8 93
8 218
8 59
8 72
8 31
8 266
8 87
8 27
8 91
8 106
8 205
8 292
8 274
8 233
8 232
8 32
8 158
8 19
8 248
8 166
8 81
8 294
8 155
8 38
8 250
8 198
8 253
8 52
9 10
9 30
9 35
9 62
9 140
9 104
9 66
9 83
9 257
9 207
9 273
9 152
9 40
9 167
9 211
9 120
9 172
9 47
9 64
9 203
9 227
9 126
9 241
9 230
9 72
9 181
9 43
9 174
9 157
9 58
9 109
9 41
9 54
9 205
9 217
9 71
9 163
9 185
9 121
9 297
9 130
9 59
9 187
9 148
9 293
9 12
9 271
9 178
9 18
9 75
9 160
9 95
9 153
9 269
9 128
9 155
9 261
9 21
9 137
9 141
9 77
9 150
9 296
9 296
9 266
10 175
10 260
10 286
10 286
10 281
10 119
10 23
10 154
10 201
10 169
10 282
10 40
10 134
10 62
10 97
10 213
10 74
10 100
10 229
10 212
10 38
10 270
10 251
10 136
10 29
10 244
10 67
10 133
10 37
10 211
10 293
10 101
10 271
10 19
10 196
10 182
10 123
10 263
10 156
10 232
10 214
10 266
10 203
10 111
10 257
10 140
10 143
10 180
10 56
10 235
10 21
10 53
10 112
11 18
11 283
11 283
11 86
11 54
11 258
11 267
11 44
11 210
11 173
11 16
11 133
11 230
11 88
11 143
11 276
11 187
11 278
11 196
11 42
11 139
11 61
11 224
11 160
11 55
11 93
11 36
11 24
11 218
11 299
11 90
11 161
11 209
11 101
11 174
11 188
11 251
11 56
11 50
11 199
11 253
11 198
11 14
11 141
11 159
11 85
11 71
11 171
11 121
11 34
11 150
11 270
11 59
11 122
11 69
11 140
11 92
11 234
11 237
11 74
12 29
12 38
12 67
12 73
12 74
12 130
12 13
12 205
12 126
12 275
12 95
12 123
12 100
12 234
12 291
12 214
12 267
12 94
12 139
12 161
12 21
12 286
12 198
12 207
12 135
12 132
12 25
12 216
12 263
12 249
12 146
12 186
12 37
12 201
12 47
12 105
12 86
12 64
12 244
12 272
12 23
12 279
12 268
12 240
12 245
12 31
12 153
12 151
12 119
12 167
12 63
12 15
12 83
12 42
13 41
13 51
13 219
13 48
13 113
13 197
13 220
13 274
13 253
13 118
13 58
13 144
13 95
13 25
13 241
13 72
13 183
13 251
13 165
13 179
13 158
13 30
13 202
13 77
13 103
13 99
13 97
13 261
13 40
13 119
13 265
13 90
13 279
13 172
13 109
13 126
13 212
13 96
13 297
13 46
13 127
13 49
13 22
13 278
13 291
13 223
13 24
13 163
13 189
13 42
13 201
13 70
14 28
14 46
14 88
14 166
14 182
14 217
14 179
14 73
14 89
14 71
14 170
14 261
14 261
14 177
14 249
14 135
14 134
14 253
14 225
14 50
14 229
14 158
14 219
14 193
14 214
14 264
14 97
14 260
14 121
14 275
14 243
14 57
14 221
14 34
14 63
14 181
14 24
14 38
14 175
14 161
14 20
14 94
14 65
14 98
14 157
14 128
14 287
14 68
14 194
14 151
14 278
14 232
14 60
14 111
14 279
14 173
14 133
14 96
14 36
14 252
14 282
14 223
15 16
15 63
15 118
15 106
15 218
15 268
15 127
15 84
15 277
15 248
15 288
15 271
15 242
15 166
15 29
15 147
15 153
15 64
15 123
15 206
15 124
15 132
15 134
15 71
15 35
15 97
15 202
15 142
15 165
15 107
15 223
15 250
15 25
15 52
15 254
15 213
15 231
15 207
15 46
15 31
15 119
15 50
15 69
15 267
15 210
15 220
15 269
15 94
15 70
15 233
15 289
15 289
15 144
15 61
15 205
16 25
16 44
16 61
16 68
16 86
16 135
16 188
16 146
16 128
16 36
16 40
16 62
16 170
16 272
16 39
16 81
16 19
16 216
16 231
16 77
16 57
16 177
16 245
16 112
16 147
16 209
16 84
16 22
16 299
16 260
16 97
16 294
16 203
16 220
16 217
16 182
16 121
16 30
16 250
16 274
16 274
16 171
16 67
16 38
16 184
16 123
16 119
16 224
16 151
16 31
16 50
17 23
17 64
17 97
17 292
17 124
17 281
17 253
17 230
17 217
17 36
17 74
17 102
17 119
17 285
17 271
17 196
17 75
17 282
17 194
17 203
17 288
17 66
17 71
17 45
17 283
17 243
17 277
17 76
17 248
17 191
17 184
17 269
17 269
17 104
17 32
17 225
17 147
17 80
17 143
17 70
17 258
17 121
17 107
17 234
17 65
17 159
17 173
17 94
17 151
17 224
17 136
18 65
18 148
18 203
18 270
18 270
18 38
18 118
18 208
18 199
18 69
18 174
18 41
18 267
18 177
18 98
18 108
18 101
18 293
18 42
18 252
18 298
18 50
18 158
18 145
18 23
18 163
18 24
18 28
18 162
18 221
18 191
18 150
18 47
18 269
18 132
18 226
18 266
18 59
18 186
18 205
18 211
18 149
18 137
18 184
18 64
18 296
18 256
18 52
18 71
18 230
18 228
18 72
18 190
18 289
18 249
18 151
18 171
19 48
19 66
19 78
19 79
19 74
19 271
19 87
19 57
19 254
19 30
19 56
19 35
19 218
19 296
19 226
19 257
19 114
19 268
19 156
19 251
19 139
19 208
19 248
19 235
19 245
19 124
19 223
19 140
19 167
19 172
19 22
19 244
19 29
19 196
19 231
19 166
19 128
19 135
19 136
19 263
19 263
19 141
19 28
19 253
19 200
19 181
19 207
19 76
19 283
19 84
20 85
20 249
20 166
20 138
20 193
20 41
20 151
20 294
20 63
20 288
20 246
20 276
20 107
20 269
20 93
20 161
20 109
20 278
20 285
20 266
20 215
20 242
20 46
20 61
20 134
20 194
20 201
20 163
20 52
20 280
20 120
20 178
20 239
20 179
20 270
20 157
20 65
20 101
20 164
20 232
20 99
20 247
20 90
20 60
20 97
20 283
20 23
20 200
20 128
20 153
20 113
20 149
20 38
21 32
21 57
21 85
21 149
21 108
21 106
21 63
21 61
21 172
21 258
21 35
21 41
21 178
21 156
21 268
21 146
21 216
21 93
21 245
21 115
21 183
21 255
21 127
21 196
21 276
21 159
21 264
21 275
21 299
21 116
21 44
21 109
21 90
21 92
21 58
21 293
21 169
21 198
21 278
21 190
21 129
21 72
21 154
21 188
21 25
22 26
22 288
22 233
22 187
22 280
22 107
22 273
22 230
22 271
22 90
22 237
22 77
22 224
22 267
22 34
22 163
22 203
22 173
22 64
22 136
22 97
22 296
22 192
22 104
22 144
22 27
22 42
22 142
22 142
22 54
22 206
22 205
22 166
22 242
22 185
22 85
22 292
22 202
22 31
22 171
22 126
22 217
22 55
22 279
22 140
22 102
22 172
22 59
22 43
22 134
22 131
22 174
22 165
22 210
22 258
22 119
22 78
22 98
22 66
22 227
22 24
22 76
22 294
23 95
23 180
23 234
23 251
23 284
23 199
23 43
23 99
23 249
23 225
23 57
23 123
23 290
23 104
23 173
23 255
23 132
23 34
23 171
23 265
23 247
23 258
23 250
23 58
23 236
23 71
23 139
23 111
23 172
23 195
23 194
23 292
23 39
23 237
23 256
23 240
23 206
23 215
23 124
23 27
23 238
23 125
23 181
23 165
23 89
23 29
23 276
23 91
23 198
23 291
23 202
23 79
23 154
23 200
23 70
24 31
24 105
24 195
24 211
24 222
24 267
24 264
24 290
24 114
24 41
24 242
24 276
24 43
24 83
24 266
24 168
24 164
24 129
24 106
24 239
24 252
24 278
24 88
24 268
24 157
24 231
24 277
24 275
24 194
24 35
24 188
24 217
24 33
24 297
24 81
24 78
24 93
24 212
24 179
24 59
24 288
24 45
24 218
24 181
24 214
24 205
24 65
24 294
24 122
24 69
24 272
24 161
24 262
24 46
24 101
24 76
24 134
24 263
25 37
25 39
25 40
25 100
25 282
25 64
25 277
25 235
25 108
25 217
25 102
25 281
25 46
25 34
25 203
25 153
25 256
25 122
25 41
25 75
25 146
25 299
25 189
25 101
25 238
25 66
25 252
25 205
25 88
25 149
25 65
25 51
25 241
25 112
25 123
25 134
25 230
25 201
25 213
25 214
25 184
25 30
25 283
25 78
25 289
25 94
25 227
25 129
25 284
25 231
25 239
25 276
25 27
26 53
26 220
26 94
26 234
26 275
26 152
26 226
26 125
26 41
26 133
26 264
26 170
26 258
26 174
26 108
26 245
26 257
26 158
26 149
26 260
26 143
26 188
26 62
26 192
26 39
26 58
26 162
26 237
26 119
26 271
26 56
26 244
26 88
26 146
26 238
26 247
26 51
26 155
26 197
26 90
26 207
26 113
26 263
26 128
26 210
26 209
26 156
26 284
26 284
26 229
26 85
26 65
26 233
27 49
27 205
27 232
27 220
27 54
27 144
27 57
27 82
27 248
27 288
27 254
27 104
27 73
27 151
27 97
27 180
27 165
27 296
27 114
27 255
27 71
27 130
27 77
27 196
27 87
27 169
27 126
27 238
27 295
27 239
27 282
27 250
27 152
27 29
27 229
27 80
27 137
27 243
27 170
27 186
27 233
27 158
27 115
27 240
27 223
27 272
27 272
27 134
27 139
27 224
27 124
27 91
27 33
27 92
28 47
28 239
28 268
28 62
28 242
28 77
28 41
28 119
28 290
28 133
28 288
28 53
28 213
28 173
28 31
28 157
28 149
28 152
28 145
28 120
28 83
28 218
28 188
28 169
28 130
28 39
28 135
28 190
28 36
28 90
28 258
28 252
28 272
29 82
29 214
29 179
29 117
29 275
29 299
29 250
29 276
29 276
29 45
29 56
29 34
29 123
29 227
29 253
29 278
29 185
29 75
29 132
29 234
29 217
29 285
29 47
29 32
29 41
29 205
29 70
29 121
29 150
29 62
29 233
29 111
29 252
29 251
29 239
29 92
29 237
29 128
29 110
29 209
29 191
29 50
29 139
29 158
29 125
29 130
29 293
29 271
29 46
29 216
29 35
29 288
29 183
29 211
29 137
29 262
30 55
30 108
30 210
30 213
30 199
30 150
30 225
30 187
30 44
30 197
30 208
30 104
30 234
30 91
30 177
30 261
30 200
30 265
30 265
30 259
30 193
30 105
30 238
30 262
30 263
30 99
30 205
30 59
30 194
30 226
30 167
30 46
30 95
30 63
30 173
30 152
30 248
30 179
30 134
30 204
30 269
30 53
30 274
30 162
30 139
30 115
30 69
30 121
30 71
30 98
30 276
30 283
30 114
30 76
31 116
31 135
31 205
31 285
31 270
31 216
31 292
31 57
31 32
31 246
31 286
31 240
31 281
31 43
31 274
31 82
31 214
31 290
31 272
31 193
31 41
31 178
31 218
31 65
31 248
31 165
31 197
31 297
31 86
31 174
31 88
31 294
31 254
31 79
31 257
31 257
31 253
31 170
31 288
31 263
31 195
31 133
31 171
31 137
31 241
31 42
32 33
32 34
32 187
32 238
32 198
32 207
32 138
32 216
32 165
32 262
32 217
32 268
32 264
32 181
32 250
32 125
32 239
32 85
32 206
32 75
32 130
32 208
32 38
32 105
32 51
32 151
32 120
32 204
32 261
32 245
32 259
32 155
32 251
32 88
32 202
32 263
32 128
32 171
32 196
32 178
32 226
32 101
32 45
32 243
32 62
32 116
32 61
32 127
32 197
32 110
32 98
32 71
32 185
32 158
32 290
32 80
32 143
33 133
33 53
33 289
33 99
33 84
33 101
33 103
33 129
33 265
33 236
33 96
33 48
33 111
33 132
33 290
33 80
33 162
33 47
33 57
33 46
33 35
33 123
33 293
33 50
33 296
33 284
33 247
33 234
33 85
33 269
33 295
33 220
33 102
33 282
33 130
33 258
33 114
33 171
33 134
33 177
33 286
33 94
33 116
33 71
33 252
33 297
33 175
33 106
33 241
33 52
33 191
33 115
33 107
34 124
34 282
34 200
34 106
34 269
34 182
34 279
34 66
34 263
34 213
34 186
34 54
34 132
34 266
34 98
34 123
34 265
34 292
34 287
34 189
34 270
34 172
34 141
34 76
34 222
34 154
34 137
34 53
34 35
34 254
34 204
34 220
34 173
34 164
34 190
34 129
34 101
34 81
34 297
34 193
34 64
34 52
34 95
34 70
35 115
35 268
35 196
35 40
35 261
35 236
35 283
35 199
35 55
35 135
35 39
35 101
35 61
35 91
35 172
35 43
35 146
35 97
35 112
35 246
35 116
35 44
35 230
35 123
35 266
35 107
35 49
35 52
35 124
35 159
35 273
35 90
35 53
35 249
35 81
35 188
35 206
35 252
35 185
35 145
35 260
35 41
35 195
35 48
36 68
36 62
36 242
36 293
36 202
36 132
36 223
36 49
36 126
36 244
36 222
36 194
36 231
36 180
36 288
36 279
36 104
36 241
36 264
36 274
36 106
36 198
36 178
36 215
36 217
36 119
36 243
36 174
36 38
36 236
36 123
36 154
36 299
36 88
36 240
36 52
36 207
36 63
36 254
36 295
36 70
36 98
36 213
36 94
36 163
36 57
36 107
37 101
37 140
37 247
37 106
37 164
37 39
37 299
37 264
37 214
37 69
37 226
37 171
37 218
37 155
37 217
37 185
37 56
37 279
37 141
37 254
37 254
37 154
37 255
37 51
37 262
37 208
37 221
37 251
37 72
37 287
37 174
37 206
37 268
37 81
37 205
37 148
37 151
37 168
37 197
37 265
37 222
37 107
37 123
37 108
37 202
37 91
37 163
37 150
37 269
37 48
37 297
37 66
37 196
38 151
38 220
38 51
38 277
38 169
38 213
38 91
38 64
38 208
38 218
38 254
38 55
38 209
38 102
38 172
38 162
38 97
38 259
38 259
38 50
38 136
38 244
38 70
38 178
38 128
38 256
38 240
38 72
38 103
38 216
38 66
38 47
38 124
38 143
38 214
38 164
38 98
38 125
38 185
38 201
39 42
39 45
39 54
39 231
39 289
39 208
39 146
39 194
39 256
39 187
39 280
39 139
39 216
39 72
39 206
39 248
39 111
39 48
39 189
39 204
39 101
39 246
39 41
39 215
39 184
39 160
39 113
39 70
39 255
39 291
39 254
39 234
39 152
39 241
39 261
39 211
39 218
39 87
39 190
39 92
39 57
39 274
39 213
39 120
39 127
39 180
39 142
39 145
39 103
39 299
39 174
39 128
39 172
39 227
39 60
39 201
39 77
40 229
40 161
40 185
40 108
40 245
40 178
40 228
40 78
40 73
40 172
40 227
40 193
40 248
40 121
40 148
40 90
40 254
40 214
40 202
40 77
40 120
40 55
40 127
40 289
40 100
40 186
40 107
40 160
40 284
40 128
40 203
40 84
40 224
40 95
40 187
40 112
40 191
40 211
40 104
40 261
40 165
40 212
40 242
40 138
41 77
41 183
41 205
41 271
41 151
41 56
41 273
41 152
41 104
41 193
41 97
41 266
41 245
41 293
41 127
41 64
41 225
41 291
41 87
41 256
41 153
41 121
41 281
41 186
41 70
41 73
41 215
41 162
41 116
41 262
41 101
41 158
41 51
41 247
41 224
41 95
41 221
41 261
41 259
42 71
42 152
42 261
42 60
42 246
42 169
42 89
42 259
42 100
42 127
42 135
42 122
42 58
42 136
42 260
42 260
42 253
42 207
42 81
42 254
42 158
42 117
42 144
42 119
42 178
42 128
42 247
42 170
42 125
42 164
42 192
42 120
42 277
42 54
42 241
42 285
42 200
42 79
42 215
42 184
42 252
42 80
42 159
42 132
42 133
42 206
42 196
42 139
42 165
42 51
42 244
42 268
42 298
43 98
43 62
43 169
43 73
43 213
43 200
43 263
43 64
43 212
43 167
43 87
43 264
43 163
43 140
43 235
43 189
43 269
43 106
43 227
43 148
43 50
43 296
43 199
43 273
43 99
43 127
43 108
43 198
43 103
43 70
43 222
43 157
43 74
43 131
43 168
43 46
43 233
43 249
43 187
43 176
43 124
43 225
43 86
43 51
44 163
44 94
44 87
44 211
44 204
44 239
44 192
44 179
44 236
44 223
44 289
44 58
44 247
44 243
44 259
44 177
44 79
44 83
44 144
44 116
44 199
44 85
44 290
44 279
44 157
44 107
44 227
44 162
44 196
44 139
44 57
44 253
44 253
44 228
44 249
44 91
44 189
44 50
44 181
44 288
44 137
44 251
44 213
44 187
45 59
45 200
45 236
45 180
45 242
45 112
45 165
45 79
45 127
45 218
45 247
45 122
45 204
45 63
45 98
45 213
45 187
45 173
45 121
45 159
45 292
45 272
45 57
45 224
45 144
45 280
45 75
45 229
45 69
45 126
45 83
45 174
45 232
45 118
45 184
45 84
45 147
45 295
45 210
45 54
45 117
45 209
46 179
46 176
46 295
46 214
46 147
46 52
46 210
46 178
46 274
46 289
46 216
46 104
46 138
46 80
46 66
46 290
46 226
46 259
46 282
46 99
46 262
46 250
46 79
46 298
46 194
46 267
46 61
46 127
46 48
46 47
46 51
46 227
46 73
46 118
46 203
46 248
46 208
46 261
46 198
46 195
46 148
47 50
47 146
47 90
47 140
47 114
47 231
47 191
47 189
47 198
47 212
47 253
47 219
47 135
47 238
47 180
47 132
47 56
47 215
47 192
47 211
47 76
47 101
47 112
47 109
47 106
47 127
47 199
47 172
47 183
47 95
47 160
47 122
47 155
47 275
47 216
47 276
47 223
47 176
47 269
47 133
48 58
48 117
48 57
48 129
48 97
48 144
48 299
48 250
48 139
48 120
48 246
48 81
48 227
48 52
48 192
48 294
48 281
48 280
48 111
48 213
48 65
48 188
48 142
48 193
48 74
48 208
48 266
48 104
48 105
48 231
48 272
48 60
48 136
48 251
48 146
48 219
48 156
48 291
48 289
48 93
48 218
48 183
48 160
48 286
48 124
49 52
49 102
49 212
49 114
49 205
49 245
49 85
49 280
49 299
49 51
49 279
49 243
49 91
49 262
49 72
49 98
49 77
49 218
49 108
49 95
49 292
49 125
49 263
49 165
49 149
49 126
49 231
49 113
49 207
49 92
49 127
49 267
49 156
49 283
50 128
50 51
50 189
50 292
50 219
50 212
50 205
50 95
50 134
50 273
50 273
50 239
50 186
50 117
50 63
50 151
50 229
50 272
50 167
50 170
50 251
50 86
50 210
50 198
50 165
50 245
50 215
50 196
50 268
50 162
50 185
50 195
50 226
50 85
50 96
50 65
50 238
50 264
50 168
50 79
50 77
50 262
50 282
50 91
51 247
51 267
51 184
51 79
51 165
51 118
51 276
51 160
51 179
51 227
51 250
51 277
51 203
51 62
51 235
51 63
51 211
51 141
51 169
51 103
51 293
51 68
51 280
51 296
51 64
51 125
51 265
51 72
51 262
51 224
51 94
51 299
51 168
51 171
51 157
51 82
51 187
51 54
51 127
51 244
51 298
51 257
51 186
51 143
51 266
51 163
51 228
51 269
51 214
51 96
51 287
52 206
52 148
52 269
52 241
52 105
52 279
52 166
52 181
52 283
52 87
52 79
52 208
52 163
52 195
52 69
52 245
52 142
52 233
52 192
52 254
52 106
52 78
52 109
52 56
52 176
52 99
52 143
52 119
52 122
52 186
52 168
52 189
52 278
52 135
52 230
52 146
52 198
52 247
52 73
52 262
52 54
52 110
52 216
52 298
53 75
53 86
53 159
53 160
53 72
53 97
53 60
53 206
53 275
53 293
53 92
53 79
53 107
53 255
53 100
53 208
53 264
53 126
53 125
53 150
53 153
53 82
53 207
53 272
53 77
53 70
53 223
53 216
53 69
53 128
53 105
53 172
53 234
53 233
53 76
53 124
54 84
54 87
54 92
54 259
54 244
54 152
54 281
54 69
54 196
54 111
54 273
54 221
54 155
54 294
54 89
54 156
54 59
54 94
54 255
54 230
54 132
54 76
54 197
54 106
54 128
54 232
54 215
54 83
54 129
54 229
54 229
54 289
54 134
54 191
54 222
54 254
55 60
55 111
55 154
55 279
55 212
55 232
55 69
55 224
55 299
55 77
55 120
55 269
55 129
55 245
55 91
55 186
55 258
55 262
55 143
55 184
55 164
55 110
55 98
55 172
55 123
55 284
55 194
55 119
55 189
55 133
55 102
55 214
55 139
55 227
55 79
55 152
55 156
55 213
55 138
55 190
55 203
55 75
55 231
55 231
55 83
55 251
55 208
56 72
56 158
56 280
56 181
56 266
56 97
56 96
56 117
56 202
56 226
56 195
56 154
56 241
56 267
56 277
56 291
56 137
56 251
56 232
56 268
56 59
56 243
56 244
56 180
56 178
56 135
56 258
56 299
56 264
56 168
56 250
56 64
56 128
56 109
56 205
56 288
56 130
56 133
56 99
56 152
56 208
56 157
56 287
56 237
56 120
56 142
56 74
56 78
56 165
57 178
57 223
57 102
57 282
57 172
57 111
57 208
57 257
57 258
57 161
57 229
57 230
57 251
57 115
57 107
57 266
57 182
57 106
57 59
57 100
57 278
57 129
57 277
57 163
57 216
57 120
57 189
57 92
57 86
57 253
57 236
57 221
57 132
57 252
57 168
57 239
57 176
57 250
57 256
57 77
58 80
58 265
58 165
58 219
58 288
58 105
58 118
58 136
58 133
58 179
58 147
58 149
58 160
58 224
58 178
58 228
58 296
58 82
58 261
58 258
58 169
58 79
58 188
58 171
58 83
58 247
58 170
58 74
58 128
58 250
58 143
58 186
58 291
58 291
58 115
58 270
58 239
58 226
58 214
58 269
58 108
58 164
58 135
58 293
58 155
58 286
59 131
59 177
59 268
59 128
59 232
59 225
59 248
59 130
59 111
59 263
59 180
59 170
59 166
59 134
59 113
59 289
59 86
59 63
59 288
59 259
59 203
59 198
59 261
59 253
59 132
59 127
59 287
59 162
59 135
59 151
59 204
59 82
59 90
59 206
59 215
59 118
59 193
59 265
59 171
59 241
59 156
59 159
59 236
59 125
59 172
59 101
59 173
59 227
59 243
59 298
59 234
59 226
59 138
60 110
60 157
60 185
60 73
60 217
60 291
60 259
60 244
60 245
60 233
60 233
60 293
60 96
60 211
60 270
60 215
60 113
60 89
60 195
60 285
60 298
60 231
60 169
60 125
60 225
60 272
60 288
60 74
60 67
60 183
60 142
60 140
60 265
60 239
60 70
60 177
60 143
60 98
61 138
61 279
61 286
61 230
61 160
61 154
61 219
61 171
61 184
61 193
61 256
61 259
61 66
61 293
61 248
61 68
61 183
61 102
61 94
61 250
61 227
61 77
61 177
61 173
61 162
61 210
61 84
61 96
61 237
61 155
61 264
61 262
61 260
61 266
61 132
61 287
61 141
61 82
61 241
61 99
61 229
61 255
61 196
61 290
61 202
62 150
62 95
62 130
62 63
62 242
62 94
62 266
62 238
62 224
62 124
62 157
62 295
62 258
62 108
62 114
62 89
62 107
62 287
62 275
62 172
62 174
62 129
62 288
62 145
62 87
62 268
62 147
62 115
62 235
62 263
62 65
62 177
62 178
62 182
62 200
62 204
62 126
62 110
62 276
62 299
62 284
62 237
63 69
63 160
63 294
63 262
63 185
63 164
63 138
63 83
63 252
63 252
63 118
63 259
63 125
63 153
63 163
63 89
63 172
63 137
63 77
63 281
63 263
63 184
63 148
63 178
63 143
63 225
63 181
63 208
63 214
63 267
63 231
63 97
63 162
63 146
63 98
63 204
63 64
63 205
63 274
63 298
64 90
64 126
64 129
64 130
64 219
64 100
64 268
64 202
64 151
64 72
64 257
64 271
64 291
64 283
64 111
64 98
64 241
64 141
64 84
64 259
64 121
64 101
64 97
64 256
64 65
64 242
64 209
64 297
64 173
64 224
64 73
64 104
64 185
64 280
64 174
64 109
64 252
64 135
64 213
64 234
64 169
64 123
65 70
65 76
65 107
65 152
65 241
65 243
65 250
65 207
65 209
65 203
65 232
65 81
65 264
65 292
65 117
65 79
65 279
65 242
65 199
65 78
65 254
65 230
65 179
65 149
65 173
65 166
65 133
65 210
65 213
65 121
65 171
65 93
65 222
65 183
65 164
65 289
66 176
66 237
66 163
66 106
66 97
66 117
66 232
66 276
66 122
66 130
66 297
66 123
66 223
66 183
66 140
66 77
66 89
66 205
66 225
66 67
66 245
66 126
66 152
66 185
66 204
66 159
66 250
66 283
66 142
66 267
66 81
66 168
66 257
66 216
66 85
66 195
66 75
66 238
66 164
66 242
66 177
66 101
66 133
66 88
66 146
66 186
66 166
66 295
66 187
66 266
67 91
67 186
67 181
67 135
67 242
67 120
67 155
67 281
67 177
67 99
67 230
67 167
67 262
67 258
67 149
67 256
67 136
67 108
67 194
67 249
67 85
67 162
67 290
67 124
67 241
67 237
67 134
67 286
67 89
67 156
67 70
67 245
67 264
67 260
67 222
67 73
67 183
67 203
67 118
67 226
67 243
67 171
67 292
68 149
68 161
68 88
68 204
68 205
68 299
68 240
68 295
68 179
68 196
68 187
68 215
68 178
68 100
68 87
68 123
68 174
68 220
68 167
68 127
68 233
68 108
68 264
68 165
68 147
68 190
68 237
68 166
68 259
68 177
68 79
68 158
68 192
68 95
68 286
68 223
68 121
68 151
68 284
68 93
68 182
68 135
68 143
68 77
68 298
69 197
69 292
69 253
69 244
69 157
69 109
69 201
69 70
69 178
69 103
69 91
69 126
69 279
69 122
69 96
69 121
69 287
69 164
69 81
69 233
69 248
69 246
69 131
69 148
69 228
69 171
69 119
69 125
69 226
69 245
69 128
69 160
69 230
69 194
69 249
69 186
69 210
69 130
69 79
69 199
69 231
69 88
70 271
70 289
70 280
70 250
70 146
70 205
70 87
70 249
70 234
70 265
70 217
70 157
70 88
70 277
70 237
70 288
70 174
70 166
70 117
70 184
70 258
70 164
70 178
70 175
70 116
70 112
70 113
70 118
70 138
70 248
70 286
70 153
70 279
70 139
70 177
70 216
70 145
70 239
70 285
70 195
70 293
70 92
70 72
70 160
71 228
71 95
71 108
71 192
71 273
71 154
71 231
71 227
71 194
71 237
71 237
71 289
71 272
71 110
71 219
71 157
71 201
71 241
71 122
71 115
71 150
71 138
71 297
71 130
71 203
71 163
71 182
71 280
71 233
71 169
71 103
71 290
71 98
71 129
71 145
71 213
71 142
71 164
71 254
71 226
71 287
72 99
72 147
72 74
72 101
72 245
72 217
72 124
72 223
72 223
72 177
72 113
72 141
72 195
72 105
72 208
72 176
72 295
72 137
72 89
72 161
72 123
72 254
72 136
72 228
72 103
72 174
72 247
72 73
72 299
72 118
72 94
72 131
72 159
72 121
72 122
72 146
72 100
72 144
72 168
72 239
72 102
72 171
72 268
72 278
72 191
73 81
73 106
73 250
73 285
73 170
73 143
73 132
73 116
73 120
73 186
73 97
73 188
73 228
73 233
73 140
73 207
73 212
73 279
73 99
73 125
73 110
73 293
73 137
73 128
73 161
73 184
73 260
73 234
73 299
73 181
73 256
73 130
73 154
73 297
73 83
73 111
73 175
73 214
73 214
73 153
73 277
73 230
73 263
73 298
73 112
74 224
74 191
74 195
74 284
74 160
74 233
74 81
74 76
74 255
74 283
74 84
74 207
74 162
74 225
74 295
74 85
74 128
74 92
74 118
74 273
74 101
74 267
74 103
74 235
74 189
74 152
74 157
74 253
74 282
74 218
74 276
74 205
74 193
74 234
74 208
74 142
74 264
74 114
74 177
74 197
74 271
74 109
74 181
74 202
74 150
74 268
75 164
75 171
75 185
75 193
75 195
75 158
75 210
75 190
75 119
75 288
75 293
75 194
75 217
75 232
75 222
75 269
75 292
75 259
75 94
75 125
75 169
75 218
75 218
75 198
75 160
75 135
75 187
75 286
75 237
75 209
75 87
75 228
75 299
75 113
75 79
75 278
75 127
75 109
76 83
76 275
76 111
76 182
76 288
76 192
76 257
76 110
76 201
76 101
76 77
76 239
76 228
76 147
76 121
76 208
76 273
76 102
76 157
76 238
76 224
76 224
76 276
76 217
76 95
76 290
76 254
76 180
76 81
76 186
76 203
76 159
76 291
76 272
76 163
76 108
76 274
76 234
77 286
77 254
77 129
77 272
77 117
77 144
77 280
77 142
77 235
77 241
77 198
77 189
77 229
77 97
77 222
77 213
77 96
77 209
77 215
77 124
77 158
77 137
77 169
77 91
77 145
77 193
77 283
77 88
77 204
77 275
77 257
77 245
77 173
77 127
77 249
77 249
77 126
77 154
77 148
77 101
78 89
78 119
78 261
78 118
78 124
78 81
78 273
78 152
78 174
78 202
78 270
78 114
78 217
78 217
78 102
78 181
78 143
78 208
78 165
78 151
78 144
78 299
78 163
78 167
78 285
78 256
78 201
78 155
78 125
78 135
78 194
78 159
78 244
78 115
78 281
78 111
78 100
78 291
78 267
78 254
78 85
78 146
78 80
78 278
78 84
78 269
78 200
78 276
78 224
78 298
78 188
78 242
79 248
79 174
79 101
79 80
79 166
79 81
79 90
79 182
79 204
79 175
79 272
79 238
79 135
79 162
79 273
79 244
79 85
79 130
79 170
79 254
79 172
79 125
79 219
79 83
79 111
79 145
79 263
79 95
79 199
79 115
79 146
79 274
79 176
79 91
79 131
79 184
79 137
79 134
79 236
79 228
79 120
79 235
79 260
79 105
79 94
80 156
80 226
80 118
80 218
80 151
80 169
80 165
80 298
80 214
80 123
80 136
80 272
80 187
80 159
80 285
80 206
80 244
80 286
80 242
80 94
80 294
80 190
80 155
80 172
80 109
80 252
80 255
80 230
80 194
80 276
80 209
80 125
80 186
80 81
80 103
80 289
80 130
80 176
80 220
80 295
80 246
80 246
80 245
80 110
80 183
80 296
80 142
80 237
80 250
80 128
80 184
81 122
81 293
81 110
81 111
81 98
81 90
81 259
81 189
81 116
81 203
81 273
81 89
81 97
81 229
81 266
81 205
81 216
81 147
81 215
81 199
81 233
81 254
81 181
81 137
81 219
81 95
81 151
81 133
81 146
81 160
81 245
81 162
81 149
81 211
81 185
82 109
82 114
82 121
82 132
82 254
82 277
82 262
82 296
82 202
82 156
82 299
82 146
82 289
82 89
82 99
82 129
82 166
82 248
82 189
82 141
82 101
82 273
82 179
82 94
82 288
82 169
82 247
82 115
82 282
82 162
82 160
82 178
82 195
82 147
82 91
82 137
82 259
83 104
83 84
83 294
83 293
83 152
83 299
83 177
83 115
83 292
83 285
83 146
83 298
83 174
83 195
83 178
83 203
83 181
83 234
83 149
83 199
83 260
83 121
83 280
83 238
83 105
83 129
83 136
83 137
83 250
83 272
83 231
83 204
83 125
83 200
83 144
83 156
83 191
83 94
84 145
84 282
84 183
84 122
84 263
84 158
84 201
84 236
84 144
84 118
84 178
84 167
84 103
84 205
84 147
84 137
84 131
84 297
84 223
84 255
84 268
84 222
84 152
84 173
84 140
84 213
84 278
84 249
84 191
84 108
85 169
85 202
85 249
85 95
85 294
85 296
85 250
85 154
85 281
85 114
85 167
85 254
85 201
85 107
85 228
85 229
85 157
85 262
85 258
85 242
85 103
85 225
85 149
85 158
85 113
85 204
85 88
85 220
85 263
85 105
85 153
85 120
85 237
85 145
85 143
85 256
85 151
85 288
85 291
85 147
85 98
85 255
85 190
85 212
85 123
85 243
85 136
85 275
85 209
85 179
85 219
85 278
86 96
86 173
86 135
86 276
86 106
86 176
86 205
86 156
86 281
86 259
86 234
86 162
86 195
86 91
86 286
86 211
86 208
86 114
86 252
86 280
86 186
86 272
86 105
86 212
86 212
86 282
86 164
86 198
86 268
86 279
86 122
86 270
86 140
86 139
86 294
86 255
86 182
86 136
86 98
87 125
87 184
87 191
87 178
87 161
87 269
87 296
87 133
87 189
87 112
87 238
87 213
87 213
87 186
87 258
87 95
87 134
87 89
87 203
87 124
87 245
87 143
87 256
87 175
87 102
87 122
87 156
87 208
87 286
87 196
87 255
87 158
88 137
88 241
88 228
88 120
88 202
88 229
88 205
88 259
88 109
88 159
88 214
88 222
88 157
88 269
88 284
88 196
88 134
88 144
88 247
88 209
88 258
88 166
88 148
88 162
88 165
88 189
88 257
88 248
88 101
88 225
88 130
88 294
88 119
88 114
88 163
88 156
88 185
88 129
88 242
88 194
88 256
89 177
89 245
89 217
89 228
89 244
89 131
89 126
89 156
89 162
89 261
89 123
89 256
89 232
89 96
89 144
89 114
89 174
89 207
89 148
89 119
89 95
89 134
89 265
89 193
89 222
89 191
89 293
89 247
89 194
89 294
89 297
89 298
89 136
89 231
89 275
89 195
90 204
90 132
90 279
90 263
90 175
90 192
90 271
90 99
90 236
90 177
90 269
90 211
90 294
90 274
90 141
90 156
90 152
90 93
90 120
90 272
90 247
90 223
90 208
90 280
90 224
90 215
90 179
90 289
90 296
90 249
90 241
90 174
90 91
90 246
91 294
91 133
91 159
91 223
91 272
91 137
91 186
91 287
91 163
91 119
91 215
91 128
91 95
91 230
91 176
91 210
91 264
91 121
91 231
91 237
91 190
91 190
91 282
91 240
92 94
92 213
92 233
92 289
92 109
92 288
92 193
92 267
92 234
92 223
92 156
92 284
92 126
92 141
92 291
92 239
92 153
92 241
92 230
92 269
92 186
92 160
92 99
92 298
92 162
92 227
92 248
92 95
92 236
92 272
92 139
92 259
92 135
92 278
92 253
92 147
92 100
92 268
92 243
92 292
93 136
93 165
93 133
93 176
93 206
93 297
93 123
93 189
93 294
93 213
93 211
93 240
93 202
93 144
93 276
93 214
93 186
93 146
93 205
93 223
93 288
93 112
93 193
93 96
93 194
93 178
93 102
93 147
93 198
93 271
93 210
93 263
93 236
93 168
93 122
93 221
93 244
93 234
94 103
94 207
94 180
94 186
94 282
94 270
94 100
94 230
94 130
94 235
94 265
94 255
94 243
94 151
94 195
94 277
94 133
94 241
94 131
94 169
94 145
94 191
94 184
94 223
94 110
94 144
94 134
94 215
94 295
94 294
94 99
94 178
94 159
94 96
94 256
94 269
94 128
94 224
94 105
94 298
95 197
95 245
95 236
95 251
95 150
95 220
95 191
95 215
95 199
95 111
95 105
95 280
95 97
95 136
95 117
95 123
95 249
95 257
95 259
95 232
95 187
95 241
95 189
95 285
95 175
95 252
95 256
95 196
95 169
95 207
95 186
95 265
95 281
95 137
95 206
96 127
96 227
96 158
96 283
96 104
96 167
96 267
96 151
96 259
96 195
96 107
96 217
96 226
96 123
96 274
96 275
96 252
96 237
96 288
96 109
96 223
96 232
96 200
96 238
96 225
96 247
96 144
96 153
96 285
96 264
96 205
96 298
96 210
96 257
96 203
96 297
96 121
97 189
97 256
97 244
97 287
97 128
97 271
97 165
97 221
97 206
97 236
97 281
97 198
97 294
97 106
97 283
97 196
97 160
97 111
97 296
97 240
97 188
97 133
97 101
97 132
97 252
97 170
97 149
97 164
97 152
97 173
97 242
97 123
97 232
97 249
97 186
98 142
98 295
98 296
98 297
98 169
98 279
98 109
98 140
98 179
98 136
98 211
98 240
98 262
98 210
98 198
98 214
98 131
98 250
98 150
98 242
98 104
98 157
98 245
98 141
98 226
98 138
98 222
98 120
98 220
98 190
98 241
98 249
98 272
98 286
98 234
98 170
98 111
98 227
98 227
98 189
98 236
98 223
98 254
98 149
98 203
99 218
99 162
99 268
99 131
99 100
99 163
99 194
99 221
99 135
99 120
99 203
99 110
99 150
99 242
99 107
99 229
99 237
99 217
99 145
99 216
99 188
99 275
99 186
99 156
99 122
99 159
99 260
99 259
99 204
99 243
99 220
99 254
99 179
99 167
99 226
99 280
99 231
99 113
100 235
100 192
100 285
100 243
100 141
100 215
100 238
100 298
100 283
100 246
100 166
100 201
100 290
100 231
100 121
100 101
100 277
100 168
100 272
100 180
100 248
100 182
100 237
100 244
100 178
100 137
100 173
100 158
100 175
100 123
100 214
100 112
100 204
100 117
100 189
100 147
100 269
100 295
100 129
100 299
100 203
100 205
100 119
100 219
100 153
100 275
101 224
101 291
101 244
101 258
101 151
101 180
101 131
101 186
101 176
101 129
101 209
101 282
101 126
101 122
101 231
101 182
101 202
101 238
101 214
101 273
101 191
101 141
101 211
101 130
101 206
101 279
101 263
101 200
101 237
101 173
101 166
101 178
101 181
101 266
101 266
101 289
101 164
101 216
101 189
101 236
102 117
102 151
102 209
102 154
102 129
102 115
102 198
102 264
102 137
102 251
102 295
102 204
102 244
102 292
102 121
102 113
102 196
102 278
102 143
102 162
102 197
102 180
102 104
102 149
102 217
102 294
102 161
102 288
102 139
102 114
102 192
102 230
102 136
102 287
102 222
102 202
102 176
102 156
102 253
102 163
102 262
102 239
103 216
103 216
103 286
103 141
103 242
103 159
103 176
103 233
103 203
103 226
103 278
103 256
103 291
103 185
103 116
103 289
103 229
103 264
103 139
103 228
103 206
103 237
103 192
103 165
103 177
103 166
103 208
103 268
103 198
103 201
103 126
103 169
103 112
103 191
103 168
103 266
103 284
103 164
103 123
104 138
104 119
104 191
104 191
104 277
104 185
104 296
104 122
104 295
104 276
104 146
104 188
104 287
104 278
104 271
104 137
104 152
104 158
104 251
104 192
104 285
104 252
104 222
104 150
104 148
104 147
104 260
104 258
104 263
104 144
104 224
105 168
105 137
105 208
105 263
105 274
105 188
105 270
105 299
105 169
105 275
105 171
105 236
105 197
105 186
105 244
105 229
105 120
105 136
105 138
105 280
105 159
105 246
105 210
105 252
105 245
105 122
105 124
105 189
105 296
105 264
105 202
105 177
105 145
105 198
105 251
106 255
106 241
106 222
106 192
106 203
106 201
106 262
106 258
106 120
106 234
106 127
106 179
106 272
106 256
106 226
106 236
106 217
106 194
106 208
106 124
106 292
106 231
106 277
106 180
106 211
106 211
106 158
106 114
106 109
106 173
106 107
106 117
106 224
107 130
107 144
107 126
107 112
107 262
107 149
107 255
107 185
107 111
107 205
107 291
107 207
107 143
107 281
107 156
107 158
107 271
107 157
107 138
107 244
107 242
107 289
107 167
107 139
107 276
107 150
107 192
107 131
107 275
107 206
107 163
107 220
107 202
107 202
107 115
107 132
107 287
108 123
108 207
108 212
108 141
108 193
108 166
108 150
108 145
108 271
108 257
108 264
108 137
108 111
108 296
108 204
108 156
108 120
108 280
108 299
108 223
108 118
108 170
108 167
108 228
108 278
108 230
108 286
108 200
108 190
108 224
108 129
108 168
108 252
108 192
108 198
108 259
108 240
108 255
108 197
108 130
108 250
108 297
108 157
108 201
109 128
109 182
109 172
109 227
109 217
109 253
109 153
109 189
109 255
109 246
109 204
109 181
109 281
109 193
109 116
109 118
109 262
109 270
109 298
109 125
109 285
109 147
109 284
109 190
109 159
109 214
109 152
109 176
109 120
109 180
109 275
110 181
110 258
110 201
110 268
110 135
110 116
110 190
110 164
110 158
110 185
110 150
110 187
110 280
110 233
110 156
110 133
110 122
110 189
110 285
110 230
110 254
110 123
110 161
110 289
110 126
110 157
110 138
110 183
110 275
110 292
110 240
110 243
110 121
110 160
110 228
110 255
110 212
110 256
110 170
110 229
110 217
110 237
110 145
111 143
111 267
111 134
111 283
111 175
111 181
111 251
111 243
111 243
111 144
111 225
111 169
111 249
111 192
111 287
111 195
111 268
111 168
111 230
111 165
111 271
111 164
111 258
111 298
111 208
111 274
111 182
111 270
111 217
111 145
111 239
111 151
111 246
111 189
111 245
111 213
111 121
111 116
111 254
111 235
111 242
111 193
111 247
111 241
111 211
112 113
112 276
112 250
112 227
112 232
112 132
112 243
112 238
112 199
112 265
112 178
112 202
112 210
112 166
112 162
112 169
112 248
112 217
112 128
112 158
112 149
112 260
112 204
112 246
112 222
112 164
112 174
112 282
112 294
112 254
112 286
112 233
112 147
113 297
113 193
113 188
113 136
113 261
113 191
113 265
113 283
113 287
113 133
113 160
113 239
113 291
113 161
113 290
113 168
113 245
113 236
113 281
113 152
113 123
113 246
113 130
113 233
113 144
113 250
113 244
113 243
113 205
113 190
113 154
113 166
113 253
114 188
114 171
114 283
114 272
114 196
114 201
114 233
114 176
114 163
114 227
114 200
114 143
114 142
114 202
114 199
114 199
114 138
114 172
114 131
114 219
114 289
114 234
114 177
114 292
114 175
114 255
114 213
114 257
114 154
114 276
114 137
114 147
114 221
114 214
115 135
115 174
115 257
115 239
115 192
115 122
115 264
115 134
115 176
115 216
115 218
115 266
115 166
115 217
115 215
115 184
115 151
115 288
115 274
115 180
116 131
116 155
116 207
116 173
116 173
116 256
116 133
116 174
116 224
116 181
116 275
116 203
116 185
116 132
116 198
116 129
116 250
116 201
116 120
116 283
116 195
116 270
116 126
116 147
116 204
116 210
116 231
116 165
116 122
116 138
116 247
116 272
116 290
117 265
117 275
117 209
117 180
117 234
117 296
117 118
117 231
117 202
117 254
117 246
117 163
117 271
117 122
117 133
117 256
117 157
117 253
117 203
117 272
117 173
117 245
117 199
117 151
117 263
117 187
118 139
118 263
118 184
118 184
118 203
118 183
118 232
118 153
118 155
118 161
118 129
118 270
118 294
118 177
118 194
118 175
118 140
118 226
118 288
118 264
118 292
118 252
118 185
118 289
118 282
118 274
118 137
118 174
118 227
118 191
118 135
118 146
119 170
119 226
119 264
119 293
119 184
119 191
119 270
119 206
119 141
119 175
119 199
119 125
119 298
119 261
119 202
119 174
119 297
119 198
119 193
119 138
119 287
119 156
119 201
119 148
119 203
119 247
119 180
120 194
120 216
120 220
120 191
120 219
120 141
120 204
120 153
120 143
120 147
120 222
120 158
120 198
120 139
120 203
120 229
120 184
120 200
120 288
120 160
120 156
120 152
120 248
120 263
120 259
120 206
120 134
120 278
120 124
120 181
120 209
120 193
120 284
120 291
120 214
120 163
121 236
121 287
121 168
121 204
121 198
121 239
121 208
121 190
121 249
121 228
121 139
121 202
121 238
121 131
121 137
121 136
121 282
121 156
121 147
121 262
121 216
121 290
121 149
121 189
121 192
121 297
121 214
121 275
121 234
121 127
121 237
122 266
122 144
122 214
122 176
122 189
122 238
122 161
122 246
122 129
122 239
122 162
122 158
122 244
122 295
122 179
122 236
122 279
122 250
122 292
122 131
122 276
122 150
122 267
122 159
122 240
122 261
122 173
122 127
123 162
123 196
123 196
123 143
123 237
123 163
123 195
123 128
123 140
123 197
123 141
123 293
123 265
123 136
123 289
123 149
123 154
123 127
123 193
123 238
123 129
123 298
123 217
123 224
123 151
123 202
123 159
123 258
123 206
123 192
123 178
123 279
123 176
123 180
123 200
124 150
124 189
124 227
124 167
124 277
124 228
124 188
124 127
124 260
124 239
124 187
124 192
124 179
124 158
124 171
124 148
124 174
124 125
124 194
124 202
124 266
124 205
124 270
124 285
124 267
124 235
124 235
125 272
125 129
125 262
125 201
125 133
125 210
125 285
125 204
125 218
125 150
125 140
125 206
125 189
125 189
125 194
125 229
125 292
125 198
125 252
125 259
125 188
125 184
125 153
125 166
125 239
125 254
125 196
125 250
125 225
125 238
125 154
125 258
125 273
126 164
126 169
126 277
126 156
126 224
126 189
126 279
126 271
126 245
126 188
126 148
126 283
126 230
126 171
126 274
126 267
126 263
126 166
126 261
126 236
126 231
126 180
126 160
126 197
126 257
126 293
126 269
126 207
126 296
126 194
127 281
127 296
127 160
127 286
127 192
127 148
127 237
127 151
127 258
127 199
127 130
127 221
127 179
127 217
127 229
127 175
127 173
127 274
127 198
127 141
127 195
127 181
127 178
127 225
127 200
127 180
127 289
127 297
127 172
127 214
127 293
127 161
127 149
127 230
128 182
128 247
128 243
128 186
128 139
128 204
128 149
128 230
128 287
128 158
128 276
128 155
128 298
128 156
128 225
128 163
128 263
128 256
128 271
128 259
128 174
128 194
128 274
128 129
128 255
128 236
128 279
128 190
128 193
128 154
128 285
128 280
128 231
129 137
129 286
129 283
129 223
129 170
129 266
129 172
129 248
129 248
129 165
129 238
129 269
129 141
129 268
129 207
129 256
129 142
129 262
129 149
129 230
129 243
129 201
129 240
129 264
129 244
129 288
129 139
129 131
130 225
130 184
130 204
130 215
130 224
130 194
130 297
130 134
130 176
130 234
130 140
130 136
130 251
130 159
130 294
130 202
130 223
130 174
130 141
130 243
130 164
130 164
130 148
130 274
130 232
130 158
130 271
130 259
130 252
130 160
130 168
130 139
131 278
131 159
131 281
131 289
131 156
131 187
131 243
131 179
131 173
131 225
131 238
131 149
131 299
131 261
131 188
131 188
131 162
131 136
131 189
131 244
131 207
131 132
131 215
131 208
132 157
132 220
132 161
132 170
132 250
132 168
132 178
132 178
132 133
132 198
132 196
132 281
132 219
132 207
132 199
132 218
132 144
132 180
132 234
132 194
132 230
132 179
132 276
132 200
132 139
132 224
132 254
132 154
132 135
132 269
132 167
133 284
133 177
133 257
133 297
133 237
133 268
133 196
133 206
133 293
133 294
133 182
133 136
133 290
133 200
133 201
133 187
133 281
133 209
133 258
133 239
133 210
133 285
133 163
133 243
133 199
133 286
133 176
133 174
133 175
133 218
133 247
133 140
134 168
134 202
134 214
134 277
134 255
134 150
134 297
134 299
134 254
134 194
134 249
134 259
134 246
134 158
134 275
134 265
134 157
134 162
134 234
134 220
134 294
134 226
134 198
134 177
134 204
134 283
134 205
134 222
134 286
134 237
134 175
134 164
134 207
134 180
134 165
134 186
134 186
134 223
134 140
135 204
135 242
135 192
135 195
135 159
135 147
135 219
135 253
135 256
135 228
135 272
135 294
135 146
135 214
135 277
135 226
135 248
135 269
135 179
135 178
135 156
135 145
135 245
135 254
135 207
135 198
135 258
135 260
135 290
135 296
135 149
135 244
135 215
135 164
135 295
135 240
136 181
136 290
136 271
136 276
136 214
136 285
136 208
136 260
136 209
136 239
136 254
136 168
136 281
136 141
136 259
136 224
136 293
136 251
136 287
136 162
136 176
136 213
136 279
136 180
136 201
136 258
136 297
136 146
136 155
136 225
136 165
136 182
136 151
136 235
136 278
137 172
137 285
137 293
137 208
137 234
137 255
137 242
137 191
137 257
137 160
137 299
137 196
137 152
137 233
137 289
137 175
137 260
137 238
137 278
137 291
137 262
137 287
137 259
137 252
137 178
137 199
137 232
137 138
137 214
137 274
138 263
138 248
138 299
138 198
138 141
138 256
138 290
138 162
138 200
138 166
138 222
138 226
138 207
138 156
138 143
138 201
138 255
138 197
138 172
138 152
138 179
138 225
138 267
138 175
138 281
138 281
139 141
139 289
139 267
139 154
139 286
139 262
139 251
139 142
139 192
139 165
139 275
139 179
139 223
139 199
139 186
139 234
139 257
139 160
139 178
139 241
139 244
139 208
139 158
139 168
139 260
139 191
139 146
139 207
139 283
139 182
139 182
139 279
139 290
139 203
139 161
139 166
139 162
140 226
140 262
140 144
140 260
140 263
140 227
140 230
140 181
140 193
140 199
140 271
140 177
140 178
140 195
140 299
140 213
140 222
140 203
140 290
140 202
140 224
140 196
140 289
140 212
141 219
141 269
141 142
141 177
141 268
141 287
141 247
141 295
141 246
141 174
141 176
141 233
141 239
141 210
141 187
141 187
141 198
141 213
141 189
141 144
141 161
141 222
141 225
141 271
141 224
141 252
141 156
141 172
141 158
141 273
141 154
141 188
141 211
142 153
142 166
142 150
142 232
142 159
142 280
142 220
142 202
142 273
142 298
142 154
142 256
142 262
142 240
142 242
142 197
142 288
142 299
142 191
142 289
142 185
142 187
142 266
142 279
142 231
142 224
142 184
143 158
143 222
143 251
143 259
143 236
143 250
143 242
143 245
143 269
143 177
143 177
143 284
143 249
143 234
143 281
143 170
143 210
143 256
143 278
143 175
143 277
143 285
143 283
143 248
143 274
143 292
143 282
143 235
143 156
144 279
144 270
144 265
144 241
144 273
144 155
144 233
144 299
144 153
144 287
144 260
144 197
144 199
144 182
144 238
144 275
144 152
144 183
144 166
144 282
144 217
144 163
145 233
145 249
145 234
145 182
145 189
145 283
145 275
145 215
145 183
145 175
145 271
145 152
145 237
145 184
145 165
145 279
145 190
145 274
145 280
145 222
145 270
145 285
145 202
145 247
145 289
145 194
145 242
145 166
145 294
145 246
145 277
145 297
145 198
146 226
146 217
146 247
146 164
146 212
146 166
146 291
146 155
146 216
146 293
146 227
146 252
146 271
146 283
146 245
146 181
146 221
146 262
146 171
146 176
146 209
146 280
146 191
146 278
146 151
146 211
147 276
147 193
147 156
147 234
147 281
147 288
147 200
147 248
147 216
147 150
147 164
147 172
147 274
147 158
147 215
147 244
147 255
147 242
147 203
147 191
147 161
147 187
147 217
147 253
147 247
147 218
147 278
147 220
147 296
148 196
148 281
148 282
148 295
148 239
148 222
148 171
148 248
148 298
148 241
148 245
148 286
148 150
148 195
148 164
148 160
148 218
148 178
148 277
148 278
148 291
148 172
149 155
149 186
149 294
149 189
149 220
149 172
149 246
149 164
149 184
149 250
149 182
149 165
149 195
149 168
149 257
149 245
149 268
149 174
149 299
149 277
149 200
149 216
149 243
149 181
149 201
149 259
149 150
149 244
150 224
150 217
150 191
150 296
150 227
150 216
150 152
150 264
150 165
150 157
150 164
150 291
150 213
150 239
150 161
150 237
150 181
150 210
150 244
150 156
151 221
151 259
151 206
151 247
151 279
151 156
151 192
151 235
151 188
151 246
151 233
151 276
151 216
151 223
151 196
151 265
151 217
151 177
151 274
151 208
151 280
151 239
151 169
152 246
152 297
152 255
152 223
152 227
152 214
152 220
152 153
152 254
152 268
152 248
152 167
152 167
152 295
152 296
152 241
152 244
152 175
152 258
152 196
152 211
152 218
152 185
152 251
152 260
152 169
153 163
153 295
153 180
153 207
153 267
153 296
153 214
153 182
153 170
153 183
153 183
153 186
153 185
153 165
153 266
153 217
153 191
153 294
153 287
153 276
153 258
153 283
153 188
153 200
153 279
153 211
153 269
153 289
153 181
153 242
154 155
154 167
154 292
154 245
154 175
154 265
154 197
154 280
154 295
154 177
154 209
154 209
154 279
154 160
154 242
154 254
154 193
154 258
154 202
154 223
154 201
154 268
154 161
154 239
154 182
154 198
154 225
154 219
154 180
154 218
154 296
154 263
155 165
155 224
155 231
155 245
155 291
155 269
155 263
155 167
155 180
155 226
155 288
155 293
155 242
155 192
155 234
155 290
155 255
155 249
155 216
155 177
155 158
155 158
155 199
155 253
155 297
155 214
156 227
156 221
156 207
156 257
156 216
156 281
156 244
156 297
156 157
156 173
156 246
156 286
156 213
156 294
156 174
156 185
156 224
156 298
156 165
156 189
156 250
156 292
156 248
156 242
156 172
156 269
156 253
157 268
157 299
157 241
157 183
157 288
157 180
157 293
157 191
157 161
157 161
157 244
157 290
157 223
157 291
157 289
157 204
157 285
157 177
157 251
157 295
157 255
157 230
157 267
157 202
157 238
157 184
158 263
158 245
158 216
158 203
158 250
158 165
158 249
158 201
158 262
158 265
158 221
158 268
158 177
158 181
158 244
158 253
158 198
158 288
158 207
158 278
159 219
159 278
159 189
159 204
159 207
159 181
159 213
159 238
159 195
159 185
159 291
159 223
159 265
159 177
159 212
159 210
159 225
159 178
159 208
159 180
159 253
159 163
159 218
159 264
159 281
159 247
159 171
159 235
159 202
159 246
159 186
159 252
160 174
160 239
160 259
160 240
160 161
160 176
160 165
160 294
160 244
160 217
160 198
160 220
160 194
160 250
160 209
160 197
160 235
160 263
160 285
160 164
160 190
160 292
160 195
160 293
160 193
160 193
160 242
160 260
160 265
160 253
160 258
160 227
160 273
160 248
160 276
161 263
161 292
161 196
161 256
161 291
161 234
161 253
161 277
161 209
161 299
161 226
161 188
161 276
161 174
161 283
161 215
161 272
161 288
161 260
161 206
161 216
161 275
161 238
161 168
161 247
161 186
161 219
161 171
161 250
161 295
162 208
162 195
162 266
162 236
162 265
162 205
162 231
162 204
162 212
162 270
162 193
162 283
162 219
163 169
163 262
163 271
163 212
163 281
163 285
163 295
163 273
163 240
163 199
163 216
163 260
163 255
163 211
163 229
163 284
163 266
163 258
163 264
163 227
163 205
163 225
163 203
163 174
163 177
163 181
163 294
164 273
164 276
164 291
164 178
164 174
164 227
164 295
164 242
164 252
164 171
164 225
164 279
164 226
164 228
164 299
164 196
164 259
164 249
164 185
164 200
164 282
164 165
164 209
164 222
164 267
164 208
164 221
164 270
164 180
165 192
165 209
165 253
165 241
165 291
165 180
165 259
165 186
165 221
165 179
165 294
165 224
165 189
165 214
165 205
165 292
165 237
165 248
165 288
165 201
165 256
165 243
166 242
166 233
166 237
166 224
166 193
166 197
166 200
166 296
166 280
166 288
166 228
166 201
166 262
166 238
166 241
166 236
166 267
166 227
166 257
166 208
166 261
166 248
167 203
167 176
167 218
167 257
167 256
167 234
167 200
167 202
167 276
167 299
167 219
167 178
167 198
167 239
167 215
167 292
167 194
167 229
167 235
167 231
167 211
168 281
168 228
168 285
168 215
168 241
168 239
168 199
168 189
168 232
168 210
168 196
168 213
168 177
168 237
168 229
168 244
168 178
168 242
168 171
168 214
168 295
168 275
168 257
168 203
168 204
168 254
169 221
169 257
169 295
169 226
169 175
169 298
169 263
169 235
169 238
169 246
169 194
169 185
169 292
169 193
169 180
169 250
169 296
169 178
169 273
169 207
169 249
169 278
169 201
169 220
169 287
169 184
170 179
170 241
170 231
170 177
170 280
170 280
170 236
170 276
170 238
170 221
170 229
170 210
170 191
170 282
170 190
170 202
170 248
170 206
170 263
171 279
171 247
171 180
171 234
171 215
171 284
171 290
171 214
171 212
171 264
171 213
171 241
171 216
171 210
171 194
171 245
171 219
171 191
171 276
171 288
171 177
171 263
172 197
172 232
172 235
172 268
172 276
172 278
172 223
172 200
172 174
172 178
172 282
172 218
172 226
172 254
172 240
172 294
172 224
172 177
172 264
172 217
173 299
173 241
173 198
173 179
173 200
173 236
173 291
173 174
173 279
173 210
173 195
173 297
173 197
173 201
173 243
173 286
173 227
173 194
173 244
173 209
173 270
173 233
173 211
173 221
173 226
174 286
174 247
174 264
174 203
174 225
174 186
174 196
174 192
174 263
174 176
174 183
174 254
174 214
174 274
174 285
174 222
174 215
174 275
175 180
175 196
175 197
175 205
175 177
175 209
175 179
175 202
175 232
175 218
175 245
175 265
175 206
175 281
175 269
175 185
175 228
175 201
175 225
175 273
176 198
176 216
176 181
176 206
176 296
176 284
176 189
176 272
176 235
176 231
176 228
176 190
176 180
176 293
176 242
176 217
176 201
176 281
176 268
177 298
177 229
177 203
177 250
177 246
177 264
177 193
177 266
177 196
177 178
177 278
177 192
177 236
177 234
177 240
177 245
177 215
177 199
177 214
177 262
177 238
178 263
178 239
178 245
178 240
178 286
178 210
178 254
178 296
178 251
178 237
178 230
178 191
178 273
178 270
178 222
178 295
178 200
178 253
178 274
179 190
179 213
179 207
179 217
179 280
179 234
179 212
179 215
179 296
179 232
179 282
179 284
179 244
179 228
179 200
179 242
179 298
179 235
179 194
179 257
179 220
180 216
180 222
180 208
180 258
180 259
180 217
180 292
180 214
180 223
180 213
180 272
180 203
180 191
180 212
180 280
180 238
180 261
180 192
180 293
180 193
180 248
180 252
180 236
180 242
180 182
180 270
180 264
180 249
181 231
181 232
181 289
181 290
181 250
181 187
181 274
181 259
181 257
181 268
181 272
181 197
181 206
181 273
181 191
181 183
181 241
181 222
181 205
181 224
181 196
181 213
181 292
181 284
181 208
182 269
182 279
182 237
182 194
182 191
182 228
182 243
182 184
182 260
182 190
182 230
182 220
182 249
182 277
182 183
182 287
182 208
182 205
182 258
182 274
182 236
183 213
183 187
183 283
183 232
183 220
183 244
183 258
183 293
183 227
183 297
183 223
183 238
183 228
183 225
183 199
184 228
184 269
184 282
184 276
184 222
184 274
184 196
184 195
184 187
184 220
184 213
184 249
184 239
184 236
184 200
184 201
184 294
184 256
184 257
184 225
184 265
184 264
184 248
185 217
185 277
185 235
185 265
185 246
185 206
185 257
185 202
185 260
185 218
185 238
185 231
185 279
185 234
185 196
185 264
185 188
185 213
186 230
186 284
186 246
186 251
186 258
186 225
186 216
186 208
186 201
186 192
186 243
186 298
186 290
186 262
186 276
186 207
186 235
186 256
186 226
186 266
187 238
187 257
187 242
187 236
187 203
187 251
187 258
187 298
187 207
187 292
187 280
187 223
187 260
187 237
187 255
187 200
187 279
187 188
187 208
187 295
187 224
187 218
187 293
188 210
188 211
188 206
188 276
188 296
188 218
188 193
188 234
188 286
188 228
188 265
188 294
188 290
188 223
188 214
188 270
188 204
188 248
188 222
188 292
189 244
189 204
189 247
189 242
189 283
189 246
189 213
189 253
189 279
189 240
189 200
189 210
189 286
189 257
189 273
189 239
189 293
189 220
189 214
189 201
189 296
189 191
189 222
189 268
189 196
190 239
190 244
190 266
190 227
190 207
190 245
190 298
190 195
190 254
190 214
190 252
190 275
190 194
190 277
190 243
190 212
191 215
191 194
191 277
191 214
191 246
191 280
191 206
191 266
191 229
191 209
191 259
191 281
191 268
191 192
191 241
191 263
191 269
191 239
191 228
192 213
192 219
192 258
192 269
192 293
192 279
192 227
192 240
192 229
192 201
192 274
192 216
192 285
192 224
192 233
192 256
192 268
193 223
193 256
193 204
193 260
193 295
193 287
193 235
193 291
193 286
193 255
193 213
193 266
193 201
193 209
194 229
194 292
194 266
194 196
194 288
194 253
194 269
194 259
194 206
194 202
194 299
194 219
194 265
194 233
194 215
194 267
195 255
195 294
195 258
195 239
195 202
195 292
195 262
195 231
195 297
195 206
195 264
195 241
195 209
195 285
195 230
195 198
195 274
195 196
195 250
195 248
195 218
195 288
195 283
195 260
195 240
196 267
196 237
196 246
196 240
196 205
196 239
196 256
196 259
196 202
196 198
196 262
196 199
196 264
196 251
196 299
196 258
196 286
196 197
197 282
197 291
197 259
197 203
197 226
197 269
197 270
197 277
197 243
197 254
197 252
197 232
197 215
197 275
197 246
198 199
198 239
198 213
198 202
198 283
198 226
198 260
198 268
198 243
198 284
198 205
198 214
198 215
198 212
198 257
198 262
198 254
198 269
199 274
199 245
199 217
199 298
199 249
199 202
199 260
199 206
199 204
199 211
199 200
199 234
199 218
199 280
199 265
199 268
199 263
199 258
199 203
199 244
199 270
199 225
199 228
199 248
199 276
199 213
199 253
199 282
199 288
200 257
200 208
200 209
200 221
200 234
200 232
200 217
200 242
200 268
200 229
200 288
200 270
200 275
200 244
200 206
200 246
200 207
200 260
200 231
200 256
200 286
200 285
201 263
201 295
201 239
201 294
201 215
201 266
201 282
201 292
201 289
201 285
201 243
201 260
201 254
201 223
202 203
202 267
202 263
202 290
202 241
202 259
202 211
202 275
202 291
202 214
202 278
202 237
202 253
202 285
202 270
202 266
203 264
203 249
203 222
203 248
203 260
203 244
203 270
203 253
203 250
203 294
203 225
203 298
203 251
203 274
203 271
203 273
203 266
203 205
203 206
203 233
203 269
203 276
203 293
203 207
203 220
204 249
204 232
204 270
204 279
204 264
204 273
204 295
204 258
204 241
204 298
204 245
204 235
204 231
204 255
204 269
204 212
204 213
204 285
204 215
205 250
205 220
205 292
205 231
205 297
205 296
205 288
205 236
205 224
205 227
205 276
205 223
205 215
205 298
205 226
205 253
205 281
206 226
206 289
206 247
206 251
206 264
206 252
206 243
206 242
206 245
206 239
206 209
206 281
206 227
206 211
206 283
206 210
206 261
206 257
206 296
206 223
206 216
206 278
207 262
207 211
207 212
207 243
207 217
207 285
207 219
207 236
207 213
207 256
207 289
207 271
207 261
207 297
207 240
207 228
208 293
208 297
208 267
208 217
208 288
208 270
208 232
208 277
208 220
208 253
208 279
208 298
208 251
208 280
208 229
208 255
208 231
208 214
208 257
208 296
208 286
209 247
209 246
209 249
209 284
209 256
209 292
209 228
209 260
209 227
209 225
209 272
209 291
209 240
209 229
209 231
209 283
210 225
210 222
210 292
210 219
210 213
210 251
210 229
210 248
210 211
210 243
210 221
210 233
210 223
210 296
210 299
210 212
211 251
211 233
211 257
211 222
211 283
211 293
211 291
211 280
211 273
211 231
211 289
211 250
211 254
211 214
211 212
212 294
212 264
212 263
212 261
212 258
212 285
212 222
212 262
212 218
212 274
212 265
212 270
212 234
212 239
212 271
212 221
212 282
212 214
213 257
213 241
213 280
213 258
213 230
213 264
213 254
213 255
213 279
213 250
213 298
214 217
214 291
214 268
214 246
214 235
214 283
214 259
214 255
214 234
214 277
214 245
214 295
214 254
214 231
214 243
214 270
215 269
215 287
215 284
215 246
215 230
215 280
215 235
215 299
215 265
215 241
215 250
215 288
215 293
216 259
216 253
216 231
216 217
216 281
216 296
216 224
216 252
216 284
216 270
216 237
216 273
216 261
216 277
216 219
216 287
216 241
216 248
216 247
216 244
216 225
216 220
216 255
217 261
217 293
217 263
217 291
217 256
217 280
217 290
217 287
217 255
217 254
218 221
218 239
218 267
218 228
218 297
218 230
218 277
218 291
218 249
218 255
218 237
219 270
219 264
219 220
219 263
219 292
219 239
219 275
219 288
219 281
219 250
219 287
219 240
219 273
219 238
219 271
219 252
220 245
220 259
220 235
220 241
220 276
220 257
220 262
220 266
220 255
220 234
220 240
220 238
220 267
220 282
220 284
220 227
220 288
220 275
220 263
221 227
221 298
221 230
221 236
221 279
221 224
221 240
221 250
221 282
221 233
221 273
221 285
221 294
221 261
222 294
222 298
222 239
222 260
222 269
222 246
222 250
222 275
222 286
222 233
222 242
223 237
223 251
223 249
223 233
223 257
223 285
223 296
223 244
223 272
223 260
224 290
224 252
224 246
224 225
224 299
224 230
224 241
224 264
224 269
224 295
224 286
224 262
224 298
225 261
225 237
225 273
225 259
225 285
225 252
225 290
225 243
225 288
225 240
225 270
225 241
226 274
226 261
226 238
226 247
226 236
226 269
226 294
226 292
226 275
226 298
226 268
226 242
226 241
226 227
226 291
226 243
226 245
226 287
227 260
227 245
227 265
227 258
227 285
227 262
227 284
227 266
227 293
227 296
228 299
228 262
228 272
228 281
228 298
228 289
228 267
228 245
228 250
228 237
228 276
229 253
229 283
229 294
229 266
229 284
229 258
229 298
229 260
229 289
229 239
229 287
229 232
229 262
230 259
230 298
230 291
230 248
230 239
230 281
230 231
230 234
231 268
231 275
231 244
231 278
231 235
231 236
231 271
231 263
231 280
231 289
231 298
231 286
231 294
231 293
232 240
232 237
232 282
232 290
232 272
232 265
232 255
232 256
232 234
233 266
233 269
233 289
233 245
233 254
233 285
233 237
233 257
233 275
234 283
234 260
234 276
234 240
234 293
234 245
234 235
234 271
234 281
234 291
234 294
234 242
235 236
235 285
235 255
235 260
235 243
235 294
235 238
235 281
235 257
236 252
236 289
236 281
236 286
236 272
236 261
236 290
236 254
236 268
236 279
236 266
236 259
237 256
237 280
237 255
237 259
237 245
237 262
237 266
237 293
237 281
237 248
237 241
237 290
237 295
238 254
238 262
238 289
238 297
238 245
238 291
238 274
238 250
239 284
239 267
239 286
239 274
239 288
239 287
239 259
239 256
239 266
239 278
239 263
240 253
240 287
240 290
240 246
240 241
240 259
240 299
240 272
240 275
240 289
241 283
241 264
241 290
241 262
241 299
241 277
241 261
241 275
241 294
241 263
242 280
242 267
242 254
242 278
242 251
242 257
242 293
242 246
243 271
243 249
243 283
243 276
243 257
243 275
243 289
243 263
243 267
243 290
243 259
243 270
244 297
244 263
244 259
244 295
244 275
244 294
245 289
245 246
245 268
245 274
245 272
245 290
245 250
246 294
246 279
246 277
246 284
246 261
246 290
246 253
246 286
246 283
246 257
246 263
247 254
247 261
247 293
247 257
247 265
248 265
248 284
248 291
248 274
248 295
249 288
249 295
249 282
249 292
249 259
249 258
249 294
250 287
250 296
250 279
250 261
250 297
250 265
250 262
250 288
251 292
251 283
251 260
251 277
251 286
251 274
251 287
252 281
252 273
252 263
252 277
252 272
252 280
252 255
252 294
253 279
253 256
253 276
253 258
253 283
253 293
253 271
253 268
253 287
253 261
254 283
254 295
254 299
254 266
254 274
255 265
255 272
255 295
255 286
255 288
255 297
255 277
255 258
255 279
255 270
256 265
256 276
256 268
256 271
256 269
256 267
257 258
257 259
257 270
257 289
257 299
257 265
258 281
258 263
258 266
258 294
258 259
259 269
259 283
259 293
259 274
259 262
259 281
259 278
259 295
259 260
259 287
259 289
260 270
260 284
260 262
260 269
261 290
261 263
261 279
261 293
262 283
262 289
262 271
262 268
262 280
262 279
262 275
263 274
263 264
263 279
263 285
263 277
263 276
264 272
264 286
264 293
264 273
264 276
264 271
264 283
264 294
264 269
265 293
265 268
265 266
265 296
265 286
265 282
265 299
265 274
266 285
266 294
266 293
266 280
266 274
267 295
267 271
268 278
268 281
268 279
268 273
268 270
269 285
270 293
270 272
270 283
270 298
271 291
271 278
271 288
271 273
271 299
271 276
272 282
272 298
272 284
272 277
272 295
273 295
273 288
273 299
274 276
274 281
274 299
274 282
275 279
275 291
275 287
276 286
276 296
277 299
277 294
277 283
277 295
277 278
278 299
278 293
278 286
278 290
278 279
278 291
279 294
279 295
279 288
279 290
279 293
279 296
280 291
280 298
280 293
282 287
283 285
283 298
283 284
283 299
284 292
285 294
285 286
285 290
286 290
287 299
287 293
287 291
288 292
288 299
289 296
289 295
290 296
290 297
290 292
291 292
292 297
292 293
293 294
