0 1
0 3
0 5
0 12
0 14
0 17
0 25
0 71
0 145
0 122
0 150
0 62
0 230
0 203
0 154
0 124
0 171
0 198
0 7
0 216
0 65
0 79
0 106
0 263
0 194
0 92
0 74
0 285
0 15
0 70
0 116
0 43
0 248
0 97
0 215
0 173
0 255
0 213
0 244
0 229
0 254
0 95
0 231
0 6
0 101
0 236
0 9
0 41
0 22
0 256
0 120
0 188
0 151
0 133
0 153
0 166
0 30
0 289
0 207
0 190
0 98
0 87
0 161
0 168
0 191
0 13
0 159
0 107
0 220
0 134
0 26
0 206
0 259
0 298
0 197
0 119
0 199
0 8
1 2
1 7
1 18
1 34
1 80
1 112
1 189
1 217
1 4
1 27
1 136
1 258
1 126
1 293
1 152
1 74
1 102
1 284
1 79
1 25
1 290
1 124
1 188
1 265
1 264
1 215
1 36
1 67
1 231
1 282
1 144
1 223
1 40
1 31
1 47
1 82
1 299
1 276
1 214
1 187
1 226
1 117
1 129
1 197
1 46
1 235
1 66
1 179
1 254
1 271
1 294
1 294
1 120
1 135
1 285
1 216
1 44
1 64
1 87
1 85
1 98
1 104
1 201
1 41
1 26
1 199
1 20
1 68
1 28
1 248
1 99
1 205
1 109
1 229
1 151
1 278
1 175
1 78
1 24
2 4
2 6
2 10
2 15
2 46
2 287
2 287
2 48
2 156
2 17
2 268
2 37
2 248
2 278
2 187
2 60
2 103
2 3
2 245
2 244
2 26
2 167
2 149
2 255
2 116
2 237
2 204
2 290
2 61
2 143
2 180
2 32
2 123
2 254
2 109
2 54
2 238
2 213
2 25
2 251
2 16
2 291
2 11
2 74
2 215
2 205
2 62
2 80
2 181
2 96
2 193
2 82
2 224
2 59
2 104
2 212
2 81
2 249
2 94
2 280
2 285
2 225
2 19
2 7
2 214
2 165
2 129
2 73
2 75
2 97
2 190
2 90
2 299
2 157
2 18
2 284
2 250
2 256
2 153
2 266
2 98
3 74
3 98
3 145
3 215
3 66
3 175
3 123
3 144
3 183
3 172
3 181
3 249
3 44
3 141
3 238
3 254
3 140
3 42
3 31
3 35
3 199
3 120
3 223
3 76
3 125
3 285
3 160
3 150
3 117
3 264
3 87
3 55
3 284
3 246
3 126
3 228
3 212
3 28
3 164
3 134
3 272
3 63
3 200
3 72
3 23
3 270
3 239
3 68
3 266
3 49
3 291
3 108
3 91
3 83
3 263
3 8
3 293
3 179
3 197
3 135
3 118
3 86
3 143
3 62
3 265
3 21
3 13
3 226
3 110
3 53
3 24
3 29
3 260
3 139
3 70
3 231
3 50
3 290
3 47
3 37
3 281
3 288
4 33
4 48
4 68
4 111
4 247
4 230
4 205
4 142
4 131
4 234
4 86
4 103
4 34
4 221
4 21
4 121
4 293
4 44
4 278
4 201
4 85
4 82
4 112
4 279
4 138
4 57
4 128
4 199
4 116
4 271
4 245
4 32
4 91
4 167
4 282
4 99
4 115
4 31
4 195
4 93
4 171
4 149
4 92
4 213
4 291
4 37
4 140
4 43
4 202
4 185
4 186
4 137
4 95
4 42
4 22
4 66
4 256
4 126
4 73
4 122
4 180
4 13
4 183
4 208
4 144
4 129
4 105
4 220
4 219
4 9
4 56
4 162
4 24
4 90
4 285
4 285
5 9
5 11
5 19
5 229
5 116
5 182
5 120
5 27
5 201
5 155
5 10
5 40
5 66
5 80
5 146
5 93
5 265
5 239
5 286
5 122
5 38
5 279
5 45
5 157
5 137
5 231
5 104
5 138
5 109
5 257
5 172
5 117
5 209
5 23
5 236
5 31
5 106
5 32
5 267
5 211
5 86
5 246
5 101
5 89
5 259
5 55
5 20
5 218
5 74
5 178
5 34
5 228
5 97
5 139
5 99
5 136
5 192
5 69
5 90
5 118
5 67
5 39
5 100
5 266
5 134
5 127
5 148
5 255
5 28
5 140
5 197
5 175
5 295
5 295
5 88
5 167
5 271
5 227
5 226
5 219
5 199
5 194
5 224
5 115
5 73
6 8
6 16
6 115
6 118
6 120
6 87
6 53
6 38
6 21
6 265
6 156
6 179
6 26
6 202
6 155
6 189
6 197
6 34
6 247
6 175
6 111
6 188
6 185
6 69
6 157
6 127
6 12
6 221
6 137
6 238
6 173
6 267
6 250
6 18
6 106
6 283
6 45
6 254
6 59
6 102
6 275
6 74
6 225
6 51
6 293
6 191
6 289
6 289
6 195
6 58
6 287
6 233
6 152
6 71
6 144
6 117
6 252
6 200
6 206
6 89
6 215
6 95
6 270
6 9
6 219
6 257
6 177
6 15
6 20
6 55
6 39
6 75
6 135
6 35
6 121
6 281
6 88
6 124
6 246
6 23
6 48
6 169
6 131
6 274
7 19
7 256
7 289
7 132
7 124
7 122
7 61
7 198
7 32
7 108
7 84
7 9
7 148
7 181
7 216
7 60
7 134
7 31
7 121
7 129
7 195
7 101
7 26
7 97
7 111
7 286
7 228
7 47
7 30
7 188
7 279
7 282
7 96
7 180
7 120
7 133
7 52
7 236
7 185
7 29
7 107
7 115
7 140
7 248
7 116
7 189
7 56
7 54
7 139
7 290
7 73
7 204
7 226
7 42
7 94
7 241
7 234
7 209
7 225
7 8
7 280
7 110
7 232
7 222
7 183
7 130
7 297
7 297
7 260
7 202
7 252
7 156
7 51
7 238
7 119
7 245
7 291
7 242
7 44
8 23
8 236
8 28
8 20
8 149
8 283
8 193
8 90
8 298
8 25
8 79
8 27
8 233
8 11
8 229
8 151
8 168
8 279
8 198
8 95
8 150
8 266
8 295
8 237
8 178
8 66
8 73
8 199
8 192
8 238
8 289
8 115
8 86
8 247
8 114
8 184
8 187
8 45
8 221
8 131
8 202
8 94
8 288
8 148
8 148
8 260
8 281
8 249
8 91
8 64
8 89
8 273
8 223
8 81
8 285
8 257
8 165
8 65
8 17
8 207
8 87
8 123
8 245
8 280
8 80
8 181
8 292
8 31
8 185
8 63
9 30
9 167
9 73
9 268
9 231
9 284
9 225
9 269
9 28
9 108
9 288
9 242
9 165
9 261
9 265
9 84
9 291
9 44
9 98
9 68
9 287
9 135
9 172
9 174
9 229
9 179
9 206
9 125
9 92
9 139
9 76
9 118
9 173
9 117
9 122
9 169
9 293
9 29
9 209
9 12
9 241
9 175
9 138
9 254
9 260
9 272
9 113
9 56
9 264
9 75
9 88
9 247
9 191
9 52
9 166
9 267
9 136
9 152
9 66
9 131
9 197
9 55
9 128
9 213
9 13
9 145
9 54
9 227
9 51
9 50
9 263
9 256
9 20
9 238
9 35
9 150
9 104
9 276
9 155
9 21
9 290
10 38
10 54
10 163
10 91
10 121
10 71
10 145
10 166
10 242
10 43
10 34
10 15
10 254
10 154
10 202
10 108
10 239
10 85
10 129
10 131
10 159
10 139
10 259
10 62
10 117
10 278
10 278
10 42
10 69
10 210
10 136
10 47
10 78
10 240
10 255
10 138
10 32
10 48
10 227
10 98
10 269
10 167
10 147
10 184
10 82
10 256
10 191
10 195
10 39
10 197
10 95
10 146
10 149
10 35
10 277
10 206
10 230
10 189
10 207
10 209
10 25
10 214
10 252
10 111
10 52
10 243
10 249
10 12
10 112
10 271
10 205
10 229
10 18
10 169
10 76
10 152
10 291
10 65
10 274
10 75
10 105
10 83
10 221
10 96
11 28
11 188
11 165
11 78
11 118
11 138
11 142
11 45
11 35
11 243
11 112
11 95
11 169
11 54
11 55
11 263
11 102
11 37
11 32
11 271
11 72
11 56
11 58
11 85
11 97
11 84
11 200
11 147
11 153
11 274
11 27
11 121
11 77
11 137
11 48
11 47
11 160
11 284
11 99
11 204
11 201
11 280
11 30
11 135
11 260
11 33
11 198
11 57
11 51
11 98
11 194
11 18
11 222
11 229
11 94
11 46
11 282
11 103
11 12
11 213
11 178
11 261
11 290
11 293
11 228
11 287
11 187
11 122
11 39
11 186
11 202
12 13
12 27
12 75
12 125
12 88
12 39
12 197
12 217
12 83
12 107
12 92
12 237
12 144
12 221
12 30
12 119
12 248
12 238
12 288
12 295
12 90
12 67
12 188
12 240
12 273
12 72
12 103
12 44
12 120
12 38
12 244
12 230
12 159
12 218
12 256
12 93
12 96
12 118
12 206
12 82
12 294
12 89
12 143
12 292
12 100
12 287
12 185
12 84
12 15
12 195
12 45
12 283
12 49
12 262
12 77
12 106
12 198
12 99
12 129
12 51
12 18
12 142
12 157
12 101
12 47
12 225
12 162
12 163
12 202
13 21
13 47
13 64
13 221
13 263
13 112
13 84
13 230
13 248
13 196
13 28
13 184
13 14
13 144
13 55
13 199
13 250
13 229
13 45
13 202
13 75
13 204
13 121
13 223
13 51
13 31
13 203
13 272
13 138
13 245
13 194
13 63
13 70
13 268
13 243
13 299
13 99
13 287
13 33
13 175
13 96
13 143
13 119
13 36
13 54
13 40
13 174
13 280
13 53
13 281
13 281
13 289
13 73
13 118
13 191
13 37
13 214
13 127
13 257
13 185
13 193
13 139
13 209
13 278
13 147
13 205
13 254
13 92
13 264
13 154
13 274
13 273
13 131
13 176
13 34
13 107
13 258
13 52
13 17
13 95
13 168
13 152
13 276
14 35
14 42
14 240
14 182
14 41
14 116
14 53
14 72
14 130
14 191
14 160
14 111
14 75
14 204
14 258
14 274
14 21
14 96
14 254
14 180
14 121
14 44
14 250
14 54
14 170
14 17
14 176
14 128
14 165
14 260
14 59
14 91
14 114
14 203
14 225
14 249
14 103
14 198
14 76
14 257
14 147
14 189
14 289
14 192
14 186
14 238
14 133
14 210
14 269
14 288
14 271
14 154
14 287
14 65
14 234
14 282
14 268
14 63
14 137
14 34
14 51
14 124
14 49
14 275
14 120
14 142
14 28
14 101
14 50
14 95
14 33
14 228
14 16
14 113
14 285
14 15
14 132
14 188
14 217
14 81
14 293
14 158
14 239
14 62
15 20
15 57
15 128
15 94
15 227
15 60
15 280
15 167
15 30
15 224
15 45
15 168
15 281
15 56
15 263
15 268
15 120
15 200
15 103
15 23
15 154
15 193
15 36
15 39
15 218
15 40
15 285
15 43
15 16
15 220
15 141
15 124
15 195
15 237
15 143
15 115
15 245
15 298
15 93
15 69
15 85
15 81
15 165
15 50
15 97
15 96
15 95
15 271
15 275
15 110
15 292
15 98
15 116
15 166
15 121
15 210
15 170
15 61
15 99
15 217
15 159
15 119
15 207
15 188
15 290
15 105
15 212
15 118
15 260
15 113
15 279
15 241
15 53
15 31
16 36
16 92
16 170
16 34
16 254
16 88
16 58
16 154
16 140
16 296
16 203
16 62
16 33
16 42
16 247
16 90
16 298
16 95
16 114
16 264
16 134
16 115
16 80
16 26
16 172
16 242
16 47
16 255
16 227
16 201
16 181
16 269
16 292
16 144
16 163
16 225
16 143
16 122
16 228
16 69
16 22
16 280
16 107
16 116
16 84
16 226
16 18
16 39
16 40
16 51
16 197
16 105
16 97
16 293
16 278
16 106
16 270
16 128
16 30
16 194
16 50
16 173
16 221
16 103
16 127
16 180
16 248
16 160
16 78
16 285
16 73
16 85
16 99
16 189
16 234
16 210
17 22
17 24
17 26
17 39
17 63
17 252
17 115
17 148
17 204
17 31
17 66
17 284
17 237
17 49
17 225
17 292
17 101
17 244
17 297
17 196
17 226
17 73
17 18
17 127
17 267
17 235
17 296
17 103
17 279
17 23
17 61
17 216
17 156
17 180
17 194
17 59
17 74
17 263
17 50
17 173
17 47
17 120
17 159
17 274
17 282
17 99
17 163
17 214
17 255
17 137
17 231
17 213
17 128
17 62
17 248
17 40
17 65
17 187
17 181
17 299
17 291
17 140
17 171
17 217
17 189
17 174
17 41
17 157
17 154
17 176
17 254
17 114
17 86
17 288
17 46
17 257
17 75
17 287
17 265
17 175
17 184
17 80
17 116
17 293
17 162
18 88
18 97
18 209
18 292
18 292
18 188
18 38
18 168
18 98
18 233
18 241
18 130
18 244
18 274
18 104
18 298
18 127
18 141
18 294
18 207
18 252
18 110
18 69
18 101
18 121
18 135
18 28
18 247
18 235
18 200
18 293
18 169
18 236
18 56
18 34
18 78
18 24
18 59
18 153
18 187
18 211
18 108
18 167
18 76
18 267
18 129
18 163
18 275
18 114
18 139
18 67
18 193
18 203
18 277
18 31
18 265
18 100
18 208
18 250
18 224
18 195
18 273
18 248
18 37
18 25
18 258
18 150
18 229
18 171
18 94
18 259
18 68
18 270
18 198
18 232
18 144
19 44
19 267
19 112
19 196
19 282
19 266
19 287
19 253
19 76
19 111
19 78
19 221
19 209
19 237
19 84
19 250
19 222
19 46
19 185
19 242
19 130
19 30
19 90
19 186
19 20
19 239
19 284
19 278
19 116
19 258
19 85
19 32
19 42
19 121
19 86
19 115
19 97
19 217
19 70
19 236
19 68
19 41
19 27
19 140
19 224
19 207
19 105
19 243
19 49
19 35
19 123
19 252
19 66
19 181
19 43
19 50
19 71
19 62
19 212
19 206
19 104
19 118
19 210
19 146
19 218
19 114
19 53
19 173
19 102
19 176
19 289
19 74
19 167
20 159
20 172
20 200
20 271
20 164
20 273
20 56
20 42
20 107
20 36
20 90
20 147
20 260
20 239
20 72
20 25
20 111
20 255
20 66
20 207
20 220
20 187
20 26
20 257
20 295
20 245
20 281
20 91
20 206
20 146
20 189
20 135
20 87
20 92
20 266
20 104
20 131
20 160
20 59
20 82
20 185
20 186
20 32
20 216
20 261
20 47
20 242
20 215
20 178
20 157
20 37
20 167
20 175
20 52
20 170
20 31
20 158
20 214
20 80
20 101
20 84
20 241
20 81
20 125
20 118
20 86
20 190
20 69
20 238
20 294
20 88
20 138
20 274
20 211
20 77
20 120
20 65
21 43
21 85
21 91
21 215
21 262
21 62
21 112
21 66
21 291
21 281
21 253
21 186
21 155
21 170
21 99
21 65
21 103
21 87
21 216
21 24
21 265
21 219
21 279
21 117
21 257
21 189
21 118
21 225
21 240
21 270
21 105
21 109
21 132
21 285
21 283
21 180
21 110
21 174
21 296
21 296
21 205
21 89
21 250
21 108
21 34
21 183
21 119
21 134
21 195
21 157
21 159
21 137
21 256
21 29
21 30
21 70
21 294
21 290
21 227
21 212
21 84
21 263
21 141
21 260
21 261
21 97
21 133
21 68
21 272
21 235
21 168
21 41
21 238
21 187
21 64
21 278
21 40
21 69
22 83
22 201
22 203
22 106
22 122
22 274
22 107
22 226
22 195
22 123
22 56
22 236
22 37
22 36
22 68
22 194
22 51
22 44
22 286
22 265
22 153
22 225
22 67
22 34
22 104
22 247
22 164
22 43
22 150
22 287
22 233
22 260
22 222
22 119
22 244
22 53
22 202
22 28
22 117
22 239
22 120
22 243
22 115
22 219
22 110
22 138
22 184
22 129
22 57
22 192
22 188
22 232
22 86
22 187
22 181
22 258
22 245
22 163
22 223
22 112
22 251
22 30
22 280
22 293
22 29
22 87
22 60
22 113
22 270
22 154
22 162
22 230
23 51
23 87
23 174
23 232
23 68
23 121
23 129
23 192
23 38
23 32
23 222
23 197
23 157
23 267
23 53
23 150
23 206
23 272
23 37
23 286
23 47
23 264
23 24
23 151
23 289
23 133
23 261
23 276
23 85
23 292
23 172
23 219
23 243
23 245
23 183
23 225
23 246
23 208
23 36
23 255
23 231
23 141
23 124
23 278
23 111
23 93
23 237
23 91
23 204
23 102
23 31
23 132
23 168
23 109
23 288
23 288
23 180
23 199
23 35
23 210
23 147
23 175
23 30
23 215
23 271
23 71
23 190
23 116
23 256
23 25
23 52
23 145
23 146
23 105
24 29
24 32
24 53
24 299
24 270
24 36
24 259
24 220
24 264
24 293
24 257
24 139
24 54
24 256
24 118
24 130
24 164
24 62
24 122
24 104
24 267
24 72
24 39
24 223
24 137
24 90
24 202
24 232
24 142
24 109
24 85
24 147
24 78
24 82
24 121
24 67
24 211
24 241
24 76
24 296
24 252
24 269
24 289
24 245
24 157
24 273
24 263
24 55
24 206
24 246
24 31
24 180
24 229
24 116
24 111
24 242
24 291
24 243
24 276
24 244
24 94
24 41
24 37
24 42
24 162
24 239
24 125
24 217
24 150
24 98
24 221
24 282
24 218
25 52
25 86
25 110
25 76
25 222
25 239
25 78
25 194
25 27
25 38
25 142
25 115
25 89
25 230
25 263
25 37
25 87
25 50
25 146
25 252
25 151
25 29
25 42
25 97
25 266
25 174
25 139
25 105
25 133
25 143
25 171
25 178
25 287
25 124
25 203
25 185
25 240
25 152
25 75
25 135
25 59
25 54
25 51
25 62
25 107
25 40
25 33
25 79
25 176
25 297
25 80
25 224
25 220
25 113
25 122
25 60
25 148
25 43
25 283
25 163
26 31
26 66
26 79
26 266
26 63
26 59
26 51
26 279
26 189
26 65
26 87
26 126
26 103
26 35
26 142
26 104
26 214
26 208
26 99
26 46
26 147
26 235
26 255
26 114
26 205
26 137
26 172
26 239
26 253
26 210
26 119
26 85
26 231
26 52
26 299
26 60
26 151
26 116
26 141
26 53
26 190
26 219
26 158
26 186
26 179
26 295
26 110
26 40
26 112
26 39
26 243
26 262
26 78
26 191
26 280
26 100
26 211
26 145
26 226
26 69
26 246
26 56
26 127
26 265
26 245
26 125
26 139
26 244
27 95
27 277
27 277
27 257
27 232
27 230
27 164
27 262
27 227
27 243
27 58
27 114
27 119
27 160
27 189
27 94
27 245
27 74
27 147
27 98
27 254
27 260
27 157
27 68
27 96
27 162
27 229
27 49
27 267
27 39
27 128
27 195
27 278
27 215
27 67
27 99
27 121
27 53
27 174
27 198
27 156
27 293
27 56
27 212
27 100
27 139
27 31
27 282
27 79
27 173
27 225
27 263
27 250
27 32
27 108
27 78
27 30
27 183
27 91
27 231
27 166
27 106
27 186
27 161
27 252
27 92
27 47
27 44
27 266
27 155
27 89
27 216
27 237
28 65
28 252
28 181
28 171
28 49
28 165
28 147
28 242
28 244
28 174
28 268
28 199
28 270
28 61
28 43
28 31
28 229
28 208
28 275
28 248
28 184
28 249
28 186
28 168
28 126
28 161
28 124
28 188
28 201
28 284
28 93
28 211
28 290
28 297
28 271
28 154
28 195
28 151
28 149
28 153
28 283
28 119
28 87
28 110
28 230
28 70
28 142
28 214
28 79
28 179
28 281
28 266
28 215
28 293
28 254
28 238
28 96
28 223
28 140
28 246
28 77
28 106
28 90
28 85
28 273
28 137
28 66
28 104
28 191
28 291
29 50
29 140
29 220
29 135
29 153
29 90
29 35
29 204
29 44
29 56
29 209
29 280
29 196
29 129
29 67
29 298
29 144
29 223
29 191
29 174
29 59
29 61
29 76
29 94
29 99
29 221
29 287
29 137
29 260
29 132
29 173
29 295
29 40
29 122
29 77
29 293
29 70
29 101
29 85
29 57
29 252
29 277
29 96
29 210
29 120
29 97
29 60
29 79
29 234
29 181
29 299
29 171
29 58
29 66
29 109
29 270
29 270
29 222
29 251
29 84
29 98
29 165
29 118
29 65
29 167
29 208
29 187
29 34
29 203
29 194
29 31
29 253
29 225
29 168
29 93
30 136
30 213
30 248
30 261
30 81
30 47
30 59
30 266
30 137
30 194
30 163
30 259
30 298
30 120
30 195
30 141
30 289
30 158
30 129
30 238
30 251
30 156
30 103
30 206
30 46
30 144
30 299
30 262
30 72
30 176
30 175
30 189
30 135
30 183
30 140
30 80
30 44
30 99
30 221
30 165
30 241
30 113
30 282
30 89
30 258
30 235
30 230
30 109
30 147
30 179
30 215
30 264
30 68
30 117
30 82
30 54
30 199
30 237
30 78
30 100
30 219
30 61
30 119
30 159
30 83
30 64
30 222
30 167
31 81
31 162
31 230
31 134
31 88
31 222
31 261
31 161
31 209
31 123
31 260
31 138
31 239
31 275
31 98
31 124
31 49
31 140
31 253
31 245
31 199
31 224
31 67
31 188
31 127
31 32
31 238
31 240
31 200
31 184
31 38
31 169
31 232
31 179
31 70
31 286
31 167
31 254
31 151
31 59
31 258
31 280
31 264
31 244
31 120
31 234
31 129
31 52
31 185
31 46
31 197
31 228
31 174
31 287
31 84
31 257
31 182
31 141
31 139
31 157
31 214
31 196
31 175
31 34
31 235
31 153
31 148
31 115
31 176
31 298
31 83
31 296
31 111
31 91
31 160
32 130
32 296
32 52
32 120
32 240
32 135
32 239
32 70
32 213
32 225
32 242
32 97
32 148
32 159
32 255
32 85
32 68
32 100
32 182
32 227
32 260
32 236
32 63
32 174
32 223
32 150
32 220
32 266
32 267
32 267
32 99
32 112
32 202
32 132
32 66
32 222
32 53
32 127
32 221
32 198
32 264
32 92
32 40
32 107
32 256
32 105
32 43
32 78
32 282
32 281
32 287
32 88
32 83
32 128
32 103
32 171
32 90
32 60
32 126
32 131
32 251
32 41
32 143
32 177
32 139
32 252
32 289
32 59
32 238
32 124
33 40
33 62
33 77
33 105
33 106
33 282
33 198
33 175
33 99
33 94
33 292
33 120
33 278
33 297
33 46
33 251
33 152
33 234
33 160
33 66
33 237
33 61
33 288
33 290
33 223
33 72
33 95
33 161
33 211
33 98
33 47
33 73
33 111
33 34
33 269
33 269
33 80
33 138
33 205
33 241
33 209
33 208
33 109
33 75
33 194
33 124
33 200
33 236
33 230
33 162
33 140
33 119
33 104
33 193
33 184
33 101
33 145
33 137
33 122
33 245
33 151
33 238
33 181
33 82
33 81
33 42
33 190
33 155
33 150
33 78
33 174
33 176
34 37
34 61
34 117
34 139
34 249
34 284
34 164
34 291
34 211
34 79
34 88
34 170
34 52
34 227
34 177
34 103
34 265
34 151
34 98
34 36
34 72
34 83
34 48
34 55
34 299
34 286
34 100
34 298
34 232
34 198
34 147
34 66
34 271
34 266
34 168
34 43
34 222
34 264
34 253
34 49
34 220
34 95
34 57
34 118
34 68
34 229
34 78
34 221
34 258
34 242
34 101
34 247
34 280
34 163
34 268
34 243
34 166
34 179
34 254
34 197
34 218
34 90
34 132
34 194
34 219
34 224
34 245
34 155
34 130
34 270
34 293
34 96
35 41
35 249
35 174
35 263
35 57
35 276
35 51
35 251
35 207
35 52
35 282
35 190
35 132
35 146
35 173
35 218
35 94
35 274
35 117
35 73
35 130
35 105
35 159
35 235
35 183
35 111
35 70
35 148
35 172
35 83
35 209
35 294
35 241
35 156
35 42
35 292
35 53
35 178
35 236
35 82
35 223
35 45
35 87
35 123
35 48
35 212
35 258
35 44
35 177
35 269
35 81
35 158
35 170
35 217
35 227
35 165
35 103
35 175
35 58
35 280
35 234
35 220
35 238
35 197
35 137
35 264
35 199
35 43
35 185
35 256
35 214
35 221
35 77
35 120
35 239
35 205
36 281
36 197
36 225
36 276
36 55
36 212
36 292
36 297
36 72
36 74
36 140
36 173
36 129
36 51
36 205
36 94
36 257
36 253
36 80
36 207
36 242
36 209
36 222
36 154
36 106
36 109
36 187
36 217
36 43
36 147
36 246
36 161
36 263
36 77
36 134
36 47
36 49
36 283
36 283
36 220
36 88
36 188
36 162
36 262
36 135
36 153
36 178
36 37
36 148
36 236
36 185
36 226
36 278
36 195
36 57
36 200
36 40
36 233
36 56
36 144
36 175
36 143
36 81
36 73
36 92
36 296
36 235
36 108
36 70
36 67
36 138
36 182
36 289
36 100
36 82
36 85
36 39
37 58
37 70
37 78
37 123
37 235
37 152
37 96
37 97
37 111
37 238
37 74
37 232
37 206
37 221
37 194
37 203
37 162
37 174
37 155
37 181
37 60
37 147
37 247
37 270
37 125
37 84
37 124
37 137
37 115
37 265
37 41
37 95
37 292
37 220
37 72
37 287
37 274
37 86
37 217
37 102
37 45
37 259
37 131
37 88
37 186
37 146
37 42
37 40
37 167
37 108
37 50
37 264
37 71
37 103
37 199
37 150
37 273
37 273
37 129
37 263
37 151
37 66
37 257
37 208
37 293
37 222
37 104
37 271
37 175
37 132
37 288
37 47
37 144
37 82
37 49
37 160
37 183
37 130
37 211
37 148
37 81
38 102
38 124
38 94
38 247
38 205
38 80
38 64
38 138
38 44
38 249
38 260
38 197
38 137
38 121
38 284
38 179
38 160
38 163
38 270
38 184
38 68
38 105
38 230
38 245
38 278
38 261
38 254
38 296
38 72
38 108
38 92
38 129
38 89
38 253
38 177
38 299
38 203
38 246
38 201
38 125
38 79
38 55
38 188
38 149
38 283
38 219
38 182
38 56
38 132
38 251
38 280
38 211
38 144
38 215
38 83
38 130
38 98
38 158
38 58
38 52
38 229
38 60
38 234
38 292
39 49
39 100
39 264
39 44
39 108
39 280
39 193
39 219
39 272
39 272
39 202
39 106
39 121
39 112
39 187
39 270
39 129
39 75
39 43
39 259
39 154
39 63
39 95
39 211
39 230
39 91
39 70
39 278
39 155
39 126
39 215
39 250
39 52
39 130
39 190
39 103
39 244
39 222
39 102
39 252
39 232
39 98
39 76
39 127
39 262
39 170
39 203
39 47
39 292
39 160
39 116
39 61
39 152
39 188
39 231
39 260
40 99
40 127
40 180
40 269
40 286
40 173
40 193
40 86
40 118
40 276
40 126
40 76
40 220
40 295
40 297
40 247
40 183
40 112
40 190
40 241
40 94
40 234
40 44
40 95
40 195
40 134
40 122
40 97
40 267
40 108
40 236
40 244
40 64
40 192
40 246
40 59
40 239
40 284
40 90
40 146
40 157
40 176
40 57
40 98
40 41
40 55
40 150
40 171
40 197
40 268
40 226
40 143
40 133
40 213
40 260
40 273
40 42
40 242
40 167
40 208
40 85
40 186
40 128
40 281
41 116
41 169
41 139
41 296
41 201
41 221
41 115
41 113
41 49
41 75
41 237
41 135
41 84
41 120
41 171
41 281
41 288
41 156
41 141
41 246
41 130
41 61
41 280
41 234
41 48
41 242
41 255
41 119
41 243
41 52
41 71
41 191
41 160
41 70
41 99
41 93
41 125
41 193
41 109
41 100
41 58
41 247
41 217
41 235
41 161
41 98
41 226
41 108
41 205
41 146
41 53
41 43
41 198
41 117
41 283
41 90
41 273
41 249
41 227
41 219
41 189
42 295
42 263
42 259
42 259
42 182
42 296
42 163
42 127
42 130
42 189
42 147
42 176
42 111
42 68
42 59
42 287
42 138
42 55
42 292
42 47
42 52
42 93
42 248
42 186
42 160
42 215
42 280
42 243
42 115
42 102
42 132
42 98
42 167
42 253
42 79
42 86
42 92
42 158
42 161
42 120
42 174
42 80
42 168
42 285
42 235
42 129
42 171
42 247
42 165
42 137
42 144
42 283
42 274
42 297
42 87
42 204
42 139
42 185
42 288
42 112
42 188
42 195
42 183
42 123
42 71
42 89
42 73
42 278
42 96
42 105
42 251
42 128
42 207
42 58
42 118
42 241
42 170
42 209
43 45
43 67
43 202
43 105
43 213
43 92
43 165
43 297
43 151
43 127
43 155
43 292
43 138
43 115
43 288
43 101
43 203
43 44
43 157
43 275
43 170
43 174
43 81
43 272
43 224
43 82
43 107
43 75
43 248
43 285
43 270
43 279
43 279
43 103
43 208
43 262
43 161
43 273
43 51
43 286
43 185
43 245
43 221
43 278
43 194
43 244
43 142
43 217
43 206
43 214
43 168
43 61
43 95
43 187
43 267
43 94
43 196
43 131
43 55
43 66
43 266
43 171
43 162
43 64
43 197
44 72
44 292
44 293
44 260
44 53
44 217
44 177
44 183
44 192
44 45
44 123
44 47
44 63
44 288
44 55
44 204
44 267
44 87
44 106
44 257
44 258
44 226
44 224
44 140
44 239
44 295
44 167
44 237
44 134
44 168
44 107
44 164
44 195
44 299
44 221
44 262
44 171
44 218
44 161
44 97
44 236
44 149
44 146
44 67
44 211
44 282
44 242
44 277
44 200
44 172
44 191
44 118
44 88
44 176
44 209
44 117
44 249
44 82
44 156
44 214
44 202
44 275
44 111
45 56
45 60
45 191
45 267
45 110
45 171
45 244
45 205
45 281
45 116
45 258
45 71
45 184
45 226
45 153
45 189
45 115
45 66
45 223
45 210
45 55
45 216
45 113
45 99
45 174
45 234
45 81
45 104
45 61
45 74
45 239
45 67
45 68
45 120
45 245
45 137
45 181
45 264
45 133
45 161
45 229
45 73
45 76
45 136
45 172
45 277
45 203
45 94
45 98
45 162
45 134
45 208
45 156
45 206
45 143
45 190
45 265
45 233
45 78
45 122
45 241
45 297
45 52
45 291
45 276
46 243
46 169
46 260
46 153
46 146
46 162
46 98
46 166
46 226
46 121
46 135
46 77
46 278
46 237
46 92
46 228
46 295
46 222
46 215
46 125
46 47
46 144
46 204
46 224
46 129
46 140
46 50
46 177
46 255
46 196
46 263
46 184
46 297
46 164
46 82
46 123
46 120
46 163
46 190
46 99
46 58
46 103
46 148
46 75
46 55
46 254
46 134
46 155
46 60
46 171
46 202
46 152
46 289
46 189
46 271
46 87
46 230
46 54
46 275
46 267
46 197
46 229
46 122
46 193
46 79
46 231
46 246
47 55
47 122
47 246
47 262
47 205
47 153
47 258
47 68
47 297
47 162
47 145
47 199
47 277
47 285
47 169
47 225
47 99
47 107
47 195
47 102
47 267
47 220
47 217
47 61
47 135
47 223
47 212
47 128
47 118
47 288
47 245
47 173
47 146
47 70
47 174
47 66
47 219
47 196
47 62
47 276
47 240
47 242
47 130
47 197
47 160
47 204
47 183
47 51
47 49
47 247
47 180
47 261
47 261
47 63
47 163
47 187
47 57
47 208
47 74
47 233
47 82
47 218
47 164
47 254
47 98
47 281
47 213
47 59
47 239
47 52
48 208
48 299
48 123
48 183
48 253
48 258
48 258
48 137
48 102
48 115
48 246
48 57
48 108
48 138
48 72
48 98
48 112
48 131
48 234
48 290
48 104
48 230
48 65
48 162
48 73
48 145
48 228
48 226
48 185
48 49
48 199
48 249
48 161
48 209
48 165
48 223
48 205
48 210
48 124
48 268
48 224
48 285
48 50
48 151
48 297
48 153
48 214
48 96
48 202
48 97
48 222
48 254
48 175
48 105
48 221
48 263
48 232
48 113
48 293
48 85
48 236
48 127
48 55
48 211
48 89
48 82
48 136
48 77
48 56
48 125
49 109
49 130
49 295
49 74
49 221
49 157
49 277
49 182
49 107
49 102
49 187
49 90
49 214
49 279
49 195
49 104
49 288
49 296
49 258
49 255
49 198
49 289
49 237
49 220
49 57
49 136
49 163
49 94
49 153
49 67
49 216
49 246
49 95
49 55
49 293
49 64
49 155
49 89
49 250
49 58
49 271
49 271
49 135
49 217
49 69
49 86
49 62
49 276
49 160
49 148
49 121
49 226
49 68
49 61
49 212
50 135
50 125
50 293
50 286
50 52
50 291
50 254
50 289
50 175
50 179
50 78
50 241
50 266
50 74
50 131
50 160
50 191
50 89
50 69
50 261
50 107
50 164
50 250
50 256
50 159
50 84
50 298
50 117
50 232
50 79
50 224
50 151
50 51
50 243
50 101
50 82
50 166
50 231
50 249
50 170
50 245
50 185
50 215
50 96
50 56
50 143
50 285
50 146
50 265
50 75
50 87
50 176
50 103
50 282
50 158
50 229
50 119
50 65
50 114
50 122
50 220
50 238
50 252
50 252
51 65
51 147
51 237
51 80
51 58
51 262
51 151
51 200
51 256
51 74
51 213
51 238
51 253
51 155
51 153
51 282
51 231
51 125
51 148
51 88
51 85
51 93
51 275
51 275
51 131
51 211
51 140
51 172
51 90
51 165
51 247
51 123
51 266
51 105
51 119
51 78
51 109
51 167
51 277
51 103
51 254
51 132
51 69
51 115
51 230
51 64
51 197
51 295
51 163
51 233
51 280
51 84
51 118
51 77
51 183
51 206
51 273
51 127
51 59
51 62
51 107
51 263
51 178
52 143
52 265
52 245
52 208
52 105
52 92
52 82
52 158
52 213
52 206
52 226
52 171
52 282
52 156
52 255
52 63
52 204
52 203
52 76
52 173
52 144
52 127
52 117
52 248
52 163
52 191
52 287
52 80
52 194
52 101
52 135
52 157
52 111
52 124
52 267
52 102
52 62
52 74
52 165
52 232
52 222
52 147
52 252
52 274
52 270
52 250
52 133
52 136
52 182
52 94
52 258
52 110
52 251
52 233
52 91
52 162
52 166
52 198
52 210
52 276
52 264
52 95
52 217
53 82
53 107
53 243
53 272
53 204
53 129
53 116
53 70
53 73
53 234
53 109
53 80
53 213
53 134
53 175
53 241
53 267
53 89
53 281
53 136
53 296
53 229
53 115
53 288
53 145
53 261
53 105
53 173
53 193
53 128
53 294
53 159
53 209
53 54
53 139
53 287
53 71
53 152
53 158
53 74
53 259
53 192
53 219
53 93
53 86
53 280
53 110
53 141
53 279
53 248
53 78
53 81
53 143
53 215
53 200
53 181
53 180
53 123
53 292
53 251
53 67
53 168
53 84
53 96
53 220
53 151
53 221
53 263
53 149
54 76
54 121
54 106
54 287
54 66
54 59
54 205
54 91
54 104
54 298
54 94
54 196
54 278
54 296
54 240
54 222
54 212
54 74
54 162
54 241
54 181
54 140
54 211
54 257
54 294
54 55
54 125
54 299
54 275
54 80
54 258
54 177
54 227
54 247
54 248
54 277
54 206
54 276
54 217
54 144
54 225
54 208
54 185
54 98
54 203
54 122
54 223
54 186
54 235
54 182
54 260
54 260
54 189
54 68
54 146
54 150
54 274
54 141
54 254
54 71
54 114
54 151
54 147
54 64
54 249
54 273
54 183
54 246
54 290
54 195
54 215
54 73
55 59
55 272
55 267
55 64
55 139
55 57
55 236
55 202
55 103
55 190
55 207
55 56
55 275
55 286
55 216
55 214
55 106
55 280
55 114
55 258
55 58
55 163
55 246
55 124
55 227
55 268
55 259
55 247
55 156
55 208
55 166
55 70
55 116
55 211
55 270
55 264
55 209
55 192
55 90
55 241
55 226
55 92
55 104
55 169
55 135
55 195
55 125
55 99
55 82
55 243
55 297
55 240
55 68
55 279
55 134
55 220
55 284
55 164
55 196
55 94
55 185
55 251
55 292
55 186
56 146
56 235
56 164
56 169
56 85
56 282
56 221
56 57
56 116
56 88
56 134
56 232
56 245
56 229
56 233
56 196
56 100
56 246
56 143
56 108
56 119
56 240
56 254
56 71
56 92
56 293
56 166
56 159
56 168
56 172
56 210
56 272
56 202
56 89
56 268
56 124
56 197
56 161
56 183
56 123
56 144
56 200
56 276
56 140
56 175
56 193
56 296
56 203
56 251
56 251
56 292
56 208
56 241
56 138
56 247
56 162
56 260
56 117
56 218
57 100
57 154
57 177
57 176
57 262
57 245
57 245
57 203
57 155
57 117
57 287
57 247
57 263
57 137
57 271
57 254
57 93
57 199
57 284
57 76
57 160
57 252
57 191
57 216
57 114
57 226
57 229
57 95
57 141
57 274
57 136
57 77
57 165
57 257
57 105
57 62
57 256
57 71
57 225
57 278
57 157
57 134
57 233
57 96
57 268
57 172
57 215
57 295
57 110
57 242
57 80
57 230
57 152
57 260
57 298
57 270
57 282
57 234
58 73
58 90
58 223
58 218
58 181
58 83
58 163
58 156
58 86
58 261
58 105
58 243
58 110
58 138
58 128
58 74
58 141
58 89
58 265
58 59
58 81
58 230
58 205
58 227
58 152
58 139
58 68
58 192
58 114
58 162
58 215
58 286
58 113
58 264
58 84
58 189
58 178
58 184
58 228
58 96
58 130
58 175
58 137
58 129
58 80
58 103
58 198
58 196
58 193
58 253
58 100
58 94
58 255
58 145
59 101
59 265
59 256
59 207
59 252
59 225
59 174
59 91
59 147
59 262
59 193
59 143
59 92
59 285
59 184
59 200
59 97
59 115
59 229
59 149
59 245
59 255
59 64
59 241
59 74
59 129
59 119
59 223
59 182
59 210
59 109
59 128
59 280
59 116
59 69
59 221
59 272
59 106
59 80
59 239
59 263
59 172
59 131
59 76
59 170
59 151
59 274
59 79
59 98
59 186
59 201
59 294
59 190
59 205
59 160
59 105
59 150
59 216
59 215
59 292
59 213
59 61
59 134
59 62
59 194
59 148
59 124
59 158
59 87
59 138
59 257
60 129
60 291
60 61
60 250
60 120
60 188
60 105
60 238
60 78
60 101
60 65
60 286
60 275
60 92
60 110
60 69
60 159
60 249
60 213
60 221
60 66
60 297
60 184
60 62
60 137
60 178
60 290
60 106
60 193
60 278
60 79
60 168
60 82
60 189
60 268
60 68
60 97
60 280
60 149
60 270
60 135
60 117
60 64
60 271
60 239
60 75
60 138
60 228
60 283
60 181
60 279
60 299
61 134
61 158
61 211
61 253
61 277
61 186
61 282
61 231
61 88
61 263
61 283
61 89
61 268
61 124
61 278
61 106
61 204
61 244
61 66
61 156
61 85
61 269
61 144
61 70
61 239
61 114
61 166
61 292
61 120
61 73
61 224
61 205
61 149
61 218
61 146
61 82
61 103
61 67
61 222
61 223
61 207
61 71
61 119
61 228
61 137
61 117
61 81
61 80
61 140
61 127
61 271
61 129
61 255
62 178
62 271
62 67
62 113
62 268
62 108
62 189
62 193
62 160
62 202
62 286
62 248
62 95
62 273
62 234
62 84
62 213
62 70
62 288
62 239
62 83
62 158
62 206
62 269
62 291
62 124
62 174
62 142
62 196
62 152
62 156
62 295
62 218
62 78
62 151
62 221
62 76
62 89
62 183
62 259
62 100
62 130
62 296
62 242
62 145
62 191
62 203
62 111
62 279
62 209
62 129
62 258
62 149
62 163
62 281
62 102
62 74
62 293
62 150
62 240
62 270
62 224
62 157
63 92
63 81
63 138
63 224
63 191
63 135
63 71
63 273
63 263
63 75
63 111
63 117
63 94
63 294
63 132
63 217
63 269
63 225
63 110
63 93
63 209
63 297
63 189
63 261
63 221
63 137
63 74
63 148
63 179
63 291
63 229
63 287
63 275
63 145
63 220
63 237
63 288
63 119
63 157
63 64
63 255
63 227
63 86
63 150
63 139
63 219
63 156
63 153
63 65
63 161
63 214
63 123
63 154
63 186
63 279
63 121
63 136
64 84
64 82
64 166
64 172
64 77
64 134
64 161
64 269
64 141
64 107
64 152
64 292
64 104
64 140
64 198
64 249
64 124
64 241
64 83
64 185
64 210
64 257
64 74
64 116
64 232
64 167
64 294
64 256
64 188
64 155
64 81
64 285
64 133
64 65
64 239
64 267
64 214
64 293
64 176
64 115
64 242
64 179
64 273
64 69
64 108
64 145
64 98
64 94
64 91
64 99
64 221
64 174
64 220
64 225
64 158
64 197
64 137
64 162
64 276
64 170
64 255
64 255
64 180
64 240
64 135
65 149
65 83
65 107
65 192
65 200
65 133
65 135
65 223
65 297
65 138
65 122
65 271
65 267
65 151
65 120
65 137
65 262
65 128
65 199
65 84
65 232
65 228
65 155
65 239
65 237
65 140
65 180
65 241
65 251
65 296
65 182
65 148
65 139
65 152
65 279
65 126
65 245
65 123
65 254
65 112
65 268
65 142
65 96
65 201
65 91
65 164
65 253
65 253
65 82
65 117
65 121
65 211
66 187
66 277
66 146
66 121
66 195
66 179
66 143
66 140
66 296
66 156
66 142
66 166
66 104
66 245
66 251
66 260
66 138
66 269
66 214
66 137
66 100
66 210
66 264
66 109
66 249
66 89
66 183
66 132
66 238
66 164
66 167
66 224
66 80
66 127
66 192
66 90
66 292
66 231
66 108
66 106
66 133
66 163
66 113
66 93
66 126
66 283
66 150
66 207
66 123
67 69
67 103
67 143
67 219
67 163
67 100
67 119
67 229
67 242
67 192
67 85
67 95
67 150
67 70
67 204
67 231
67 126
67 128
67 278
67 239
67 211
67 277
67 174
67 243
67 185
67 244
67 295
67 181
67 155
67 194
67 225
67 115
67 157
67 78
67 296
67 299
67 112
67 130
67 297
67 247
67 136
67 146
67 273
67 167
67 105
67 117
67 256
67 153
67 294
67 233
67 123
67 142
67 72
67 129
67 131
67 97
67 255
67 292
67 248
68 151
68 231
68 224
68 237
68 269
68 115
68 183
68 243
68 259
68 228
68 210
68 293
68 110
68 223
68 285
68 114
68 277
68 206
68 71
68 145
68 235
68 143
68 181
68 216
68 258
68 205
68 74
68 113
68 294
68 178
68 153
68 70
68 245
68 296
68 149
68 86
68 104
68 247
68 69
68 197
68 109
68 213
68 81
68 154
68 167
68 188
68 297
68 139
68 214
68 122
68 140
68 90
68 264
68 284
68 132
68 262
68 195
68 112
68 87
68 99
68 287
68 123
68 93
68 275
68 242
68 186
69 219
69 275
69 266
69 107
69 108
69 145
69 152
69 186
69 202
69 115
69 170
69 161
69 164
69 284
69 218
69 104
69 231
69 241
69 241
69 79
69 247
69 74
69 277
69 213
69 83
69 230
69 287
69 288
69 94
69 78
69 165
69 123
69 255
69 279
69 96
69 278
69 153
69 297
69 193
69 187
69 138
69 71
69 221
69 223
69 222
69 114
69 109
69 101
69 133
69 298
69 137
69 130
69 110
69 105
69 237
69 80
69 157
69 175
69 129
70 152
70 185
70 119
70 96
70 182
70 84
70 97
70 136
70 145
70 148
70 235
70 251
70 287
70 124
70 228
70 238
70 130
70 281
70 171
70 113
70 200
70 121
70 91
70 245
70 288
70 275
70 298
70 224
70 217
70 157
70 94
70 101
70 167
70 225
70 264
70 291
70 279
70 257
70 108
70 73
70 263
70 205
70 111
70 206
70 290
70 190
70 208
70 103
70 277
70 181
70 158
71 126
71 154
71 106
71 144
71 171
71 232
71 103
71 82
71 296
71 110
71 263
71 94
71 287
71 277
71 227
71 159
71 162
71 244
71 175
71 208
71 199
71 164
71 281
71 223
71 224
71 260
71 299
71 251
71 108
71 127
71 93
71 262
71 172
71 145
71 261
71 291
71 128
71 124
71 105
71 156
71 203
71 230
71 220
71 158
71 178
71 250
71 109
71 290
71 194
71 204
71 266
71 255
71 149
71 101
71 246
71 246
71 89
72 181
72 174
72 93
72 247
72 209
72 236
72 104
72 229
72 283
72 145
72 85
72 252
72 249
72 225
72 233
72 99
72 195
72 224
72 298
72 167
72 179
72 237
72 213
72 160
72 199
72 103
72 190
72 227
72 258
72 76
72 204
72 125
72 218
72 120
72 299
72 146
72 86
72 211
72 290
72 159
72 124
72 188
72 264
73 108
73 148
73 168
73 83
73 274
73 230
73 157
73 165
73 292
73 256
73 239
73 101
73 161
73 96
73 121
73 149
73 261
73 281
73 251
73 221
73 115
73 159
73 276
73 272
73 128
73 138
73 202
73 218
73 82
73 134
73 287
73 139
73 112
73 299
73 268
73 107
73 164
73 262
73 123
73 87
73 267
73 208
73 206
73 180
73 151
73 255
73 223
73 200
73 79
73 124
73 240
73 240
73 192
73 90
73 247
73 233
73 97
73 193
74 144
74 250
74 259
74 294
74 82
74 155
74 241
74 233
74 284
74 239
74 207
74 219
74 261
74 270
74 140
74 89
74 288
74 225
74 277
74 260
74 232
74 210
74 188
74 280
74 181
74 135
74 84
74 197
74 100
74 281
74 156
74 215
74 247
74 174
74 76
74 199
74 191
74 150
74 157
74 228
74 147
74 167
74 195
74 229
74 117
74 220
74 94
74 149
74 143
74 255
74 111
74 218
74 92
74 273
74 93
74 152
75 288
75 247
75 242
75 81
75 92
75 177
75 108
75 140
75 252
75 151
75 264
75 125
75 124
75 198
75 158
75 286
75 155
75 272
75 209
75 211
75 113
75 82
75 221
75 189
75 86
75 150
75 228
75 181
75 146
75 255
75 290
75 280
75 138
75 145
75 179
75 168
75 279
75 143
75 160
75 170
75 173
75 105
75 106
75 175
75 187
75 165
75 190
75 98
75 76
75 132
75 182
75 164
75 109
75 227
75 121
75 159
75 223
75 294
75 163
75 157
75 285
75 176
75 235
76 109
76 128
76 117
76 96
76 239
76 239
76 120
76 258
76 290
76 215
76 154
76 265
76 175
76 279
76 231
76 247
76 104
76 86
76 110
76 190
76 187
76 220
76 133
76 281
76 112
76 107
76 232
76 261
76 271
76 157
76 289
76 288
76 82
76 282
76 257
76 103
76 202
76 141
76 83
76 295
76 210
76 114
76 89
76 275
76 250
76 284
76 235
76 182
76 195
76 84
76 280
76 204
76 233
76 80
76 297
76 137
76 191
76 206
76 162
76 102
76 234
76 95
76 142
76 143
77 96
77 104
77 156
77 99
77 226
77 242
77 235
77 131
77 157
77 293
77 169
77 148
77 142
77 118
77 244
77 244
77 199
77 263
77 135
77 281
77 264
77 289
77 141
77 253
77 193
77 196
77 121
77 78
77 177
77 266
77 164
77 250
77 158
77 210
77 86
77 185
77 113
77 136
77 189
77 90
77 249
77 83
77 237
77 247
77 153
77 275
77 120
77 201
77 279
78 89
78 214
78 219
78 152
78 162
78 287
78 88
78 186
78 267
78 217
78 105
78 145
78 97
78 150
78 84
78 140
78 210
78 131
78 175
78 92
78 141
78 218
78 278
78 253
78 158
78 128
78 120
78 194
78 87
78 112
78 134
78 271
78 289
78 290
78 181
78 281
78 170
78 185
78 283
78 213
78 297
78 146
78 230
78 230
78 285
78 100
78 239
78 249
78 189
78 99
78 220
78 188
78 233
78 251
79 285
79 209
79 203
79 144
79 186
79 250
79 97
79 174
79 277
79 84
79 173
79 103
79 237
79 107
79 195
79 212
79 158
79 130
79 175
79 266
79 200
79 108
79 122
79 124
79 233
79 225
79 80
79 293
79 278
79 93
79 189
79 251
79 299
79 298
79 257
79 234
79 81
79 292
79 219
79 236
79 259
79 168
79 181
79 137
79 280
79 104
79 120
79 92
79 86
79 155
79 244
79 265
79 170
80 163
80 212
80 241
80 195
80 216
80 295
80 182
80 157
80 134
80 119
80 144
80 226
80 154
80 238
80 214
80 115
80 105
80 100
80 152
80 84
80 287
80 129
80 174
80 248
80 198
80 83
80 276
80 85
80 111
80 274
80 228
80 293
80 213
80 123
80 112
80 117
80 257
80 199
80 82
80 148
80 243
80 151
80 171
80 121
80 107
80 126
80 222
80 142
80 230
80 275
80 262
80 282
80 215
80 141
80 116
80 218
80 254
81 270
81 133
81 285
81 105
81 134
81 240
81 202
81 230
81 93
81 158
81 193
81 269
81 124
81 274
81 154
81 112
81 163
81 148
81 176
81 250
81 281
81 185
81 295
81 298
81 287
81 143
81 290
81 231
81 276
81 96
81 140
81 188
81 82
81 178
81 87
81 114
81 213
81 289
81 299
81 137
81 168
81 257
81 216
81 256
81 252
81 115
81 280
81 292
81 167
81 226
81 135
81 236
81 166
81 189
81 159
81 155
81 296
81 195
81 261
81 181
81 273
82 93
82 142
82 226
82 277
82 259
82 117
82 235
82 262
82 287
82 183
82 291
82 295
82 171
82 288
82 223
82 186
82 115
82 132
82 124
82 175
82 278
82 209
82 281
82 299
82 242
82 242
82 220
82 140
82 271
82 114
82 133
82 128
82 155
82 172
82 126
82 244
82 84
82 294
82 238
82 157
82 232
82 97
82 104
82 221
82 265
82 250
82 95
82 164
82 127
82 159
82 251
82 94
82 90
82 252
82 83
82 233
82 240
82 151
82 191
82 138
83 169
83 192
83 139
83 246
83 184
83 269
83 261
83 297
83 144
83 218
83 204
83 281
83 210
83 210
83 180
83 252
83 268
83 208
83 126
83 153
83 292
83 274
83 170
83 140
83 257
83 183
83 235
83 179
83 98
83 186
83 278
83 273
83 294
83 265
83 101
83 284
83 159
83 195
83 227
83 122
83 165
83 202
83 108
83 128
83 118
83 156
83 111
83 94
83 203
83 287
83 163
83 245
83 298
83 88
84 155
84 244
84 217
84 234
84 252
84 151
84 201
84 276
84 103
84 193
84 191
84 142
84 284
84 207
84 241
84 236
84 236
84 290
84 183
84 197
84 95
84 297
84 133
84 145
84 139
84 263
84 267
84 192
84 240
84 202
84 88
84 87
84 230
84 277
84 86
84 231
84 148
84 187
84 130
84 223
84 114
84 285
84 269
84 90
84 85
84 93
84 222
84 211
84 227
84 94
84 209
84 218
84 153
84 212
84 162
85 94
85 176
85 163
85 231
85 282
85 164
85 252
85 264
85 139
85 118
85 136
85 293
85 237
85 200
85 184
85 182
85 154
85 119
85 286
85 207
85 210
85 104
85 266
85 280
85 240
85 218
85 96
85 283
85 199
85 225
85 243
85 127
85 295
85 107
85 285
85 166
85 179
85 109
85 249
85 194
85 261
85 197
85 268
85 287
85 162
85 269
85 279
85 215
85 222
85 89
85 251
85 105
85 183
85 141
85 216
85 102
85 265
85 298
85 157
85 174
86 114
86 88
86 92
86 159
86 210
86 227
86 87
86 229
86 266
86 131
86 161
86 89
86 241
86 96
86 155
86 224
86 251
86 208
86 157
86 237
86 280
86 250
86 109
86 255
86 239
86 207
86 276
86 213
86 166
86 262
86 111
86 212
86 293
86 200
86 261
86 231
86 233
86 191
86 163
86 270
86 95
86 98
86 137
86 274
86 136
86 143
86 158
86 188
86 202
86 177
86 128
86 183
86 182
86 277
86 181
86 138
86 216
86 178
86 102
86 248
86 149
86 165
86 220
87 88
87 283
87 248
87 160
87 150
87 142
87 105
87 117
87 94
87 139
87 172
87 138
87 209
87 294
87 170
87 208
87 111
87 143
87 135
87 235
87 281
87 93
87 218
87 229
87 124
87 181
87 204
87 130
87 288
87 202
87 106
87 205
87 257
87 165
87 271
87 127
87 133
87 118
87 147
87 148
87 265
87 193
87 178
87 232
87 169
87 164
87 274
87 215
87 212
87 296
87 228
87 92
87 251
87 252
88 150
88 276
88 149
88 224
88 267
88 275
88 94
88 145
88 262
88 129
88 279
88 245
88 289
88 265
88 147
88 261
88 105
88 253
88 230
88 272
88 237
88 95
88 116
88 173
88 234
88 255
88 210
88 231
88 209
88 153
88 142
88 226
88 198
88 269
88 184
88 126
88 263
88 118
88 103
88 110
88 155
88 254
88 90
88 177
88 166
88 117
88 278
88 151
88 286
88 291
88 244
88 292
88 229
88 268
88 215
88 107
88 274
88 127
88 172
88 141
88 259
89 298
89 274
89 237
89 109
89 285
89 256
89 105
89 234
89 292
89 239
89 289
89 184
89 114
89 293
89 194
89 152
89 258
89 215
89 141
89 180
89 253
89 249
89 100
89 211
89 177
89 115
89 283
89 187
89 96
89 138
89 189
89 188
89 183
89 170
89 206
89 143
89 144
89 287
89 259
89 119
89 159
89 190
89 129
89 275
89 146
90 104
90 134
90 144
90 91
90 149
90 97
90 105
90 143
90 111
90 196
90 172
90 94
90 284
90 162
90 154
90 263
90 241
90 218
90 213
90 210
90 177
90 174
90 256
90 186
90 291
90 130
90 280
90 281
90 155
90 137
90 99
90 141
90 183
90 175
90 102
90 222
90 222
90 156
90 252
90 95
90 219
90 296
90 181
90 153
91 190
91 186
91 271
91 226
91 151
91 252
91 282
91 266
91 195
91 129
91 287
91 173
91 92
91 147
91 201
91 208
91 125
91 244
91 181
91 281
91 163
91 174
91 198
91 117
91 111
91 218
91 159
91 199
91 136
91 206
91 206
91 291
91 274
91 131
91 141
91 142
91 165
91 239
91 289
91 299
91 196
91 202
91 245
91 189
91 119
91 148
91 135
91 251
91 168
91 256
91 128
91 222
92 111
92 150
92 265
92 186
92 152
92 128
92 197
92 293
92 261
92 189
92 239
92 222
92 123
92 124
92 248
92 248
92 110
92 181
92 116
92 241
92 190
92 256
92 255
92 247
92 93
92 132
92 289
92 112
92 105
92 260
92 176
92 146
92 252
92 249
92 262
92 244
92 258
92 184
92 216
92 220
92 177
92 139
92 113
92 263
92 118
92 131
92 183
92 148
92 230
92 129
92 195
93 151
93 265
93 174
93 209
93 292
93 162
93 193
93 159
93 150
93 119
93 208
93 269
93 247
93 197
93 224
93 137
93 198
93 239
93 135
93 240
93 291
93 176
93 233
93 149
93 199
93 272
93 280
93 264
93 284
93 257
93 134
93 286
93 111
93 207
93 263
93 185
93 145
93 147
93 96
93 189
93 210
93 195
93 94
93 105
93 299
93 202
93 104
93 289
93 155
93 97
94 283
94 172
94 173
94 227
94 119
94 265
94 204
94 254
94 187
94 149
94 232
94 251
94 282
94 108
94 102
94 240
94 139
94 255
94 104
94 188
94 231
94 231
94 280
94 159
94 138
94 258
94 123
94 250
94 148
94 244
94 174
94 285
94 176
94 218
94 219
94 131
94 165
94 154
94 297
94 298
94 246
94 264
94 125
94 171
94 175
94 242
94 288
95 182
95 277
95 230
95 133
95 247
95 169
95 280
95 248
95 200
95 268
95 103
95 234
95 221
95 236
95 263
95 149
95 255
95 281
95 259
95 283
95 101
95 109
95 251
95 124
95 137
95 161
95 128
95 102
95 222
95 171
95 289
95 225
95 159
95 98
95 177
95 269
95 163
95 125
95 273
95 153
95 266
95 168
95 241
95 285
95 205
95 117
95 244
95 224
95 253
95 199
95 127
95 119
95 181
95 189
95 216
95 123
95 204
95 184
95 196
95 202
95 293
95 150
95 245
95 252
95 198
95 120
95 100
95 195
96 117
96 225
96 298
96 149
96 271
96 97
96 114
96 231
96 154
96 186
96 118
96 253
96 201
96 142
96 268
96 120
96 172
96 155
96 177
96 159
96 204
96 160
96 141
96 236
96 145
96 294
96 283
96 269
96 199
96 243
96 175
96 289
96 237
96 182
96 109
96 257
96 250
96 119
96 238
96 211
96 211
96 136
96 228
96 122
96 206
96 168
96 218
96 254
96 153
96 187
96 278
97 221
97 267
97 128
97 241
97 112
97 290
97 157
97 140
97 253
97 246
97 119
97 141
97 209
97 238
97 181
97 212
97 231
97 244
97 158
97 254
97 270
97 275
97 108
97 204
97 249
97 173
97 139
97 103
97 189
97 145
97 201
97 230
97 291
97 211
97 154
97 250
97 183
97 132
97 277
97 259
97 186
97 142
97 255
97 153
97 191
97 99
97 237
97 185
97 207
97 190
97 178
97 285
97 243
97 130
98 186
98 138
98 235
98 258
98 190
98 269
98 126
98 152
98 103
98 175
98 239
98 154
98 174
98 287
98 112
98 191
98 147
98 211
98 166
98 198
98 217
98 271
98 153
98 227
98 283
98 101
98 256
98 259
98 207
98 262
98 286
98 180
98 121
98 216
98 232
98 117
98 187
98 255
98 159
98 105
98 252
98 134
98 173
98 171
98 234
98 250
98 179
98 197
98 176
98 210
98 202
98 113
98 146
98 161
98 221
98 127
98 148
99 253
99 130
99 136
99 187
99 182
99 193
99 185
99 179
99 291
99 173
99 107
99 262
99 226
99 100
99 219
99 219
99 118
99 155
99 104
99 217
99 260
99 125
99 240
99 263
99 237
99 244
99 153
99 232
99 268
99 158
99 160
99 101
99 133
99 213
99 230
99 282
99 191
99 131
99 215
99 156
99 214
99 148
99 144
99 266
99 222
99 251
99 110
99 142
99 161
99 294
99 254
99 297
99 249
99 113
99 192
99 165
99 216
100 172
100 219
100 101
100 256
100 197
100 184
100 287
100 276
100 277
100 135
100 222
100 113
100 147
100 203
100 176
100 115
100 120
100 254
100 289
100 129
100 242
100 164
100 201
100 118
100 194
100 166
100 283
100 159
100 221
100 250
100 157
100 154
100 247
100 108
100 116
100 179
100 218
100 292
100 177
100 297
100 127
100 132
100 126
100 145
100 186
100 252
100 229
100 296
100 270
100 265
100 208
100 146
100 238
100 239
100 193
100 112
100 142
100 223
100 249
100 246
100 261
100 220
100 220
100 137
100 286
100 163
100 111
100 231
100 241
100 109
100 205
101 119
101 161
101 164
101 197
101 197
101 263
101 188
101 159
101 238
101 162
101 192
101 155
101 232
101 125
101 122
101 132
101 137
101 196
101 126
101 215
101 272
101 193
101 226
101 229
101 174
101 160
101 107
101 222
101 210
101 175
101 221
101 242
101 179
101 131
101 207
101 156
101 220
101 250
101 118
101 265
101 109
101 295
101 258
101 144
101 247
101 169
101 254
101 133
101 244
102 224
102 275
102 220
102 250
102 219
102 211
102 138
102 127
102 262
102 278
102 109
102 116
102 248
102 247
102 249
102 238
102 209
102 184
102 213
102 210
102 206
102 222
102 160
102 294
102 271
102 173
102 167
102 174
102 190
102 148
102 298
102 150
102 276
102 259
102 147
102 123
102 245
102 293
102 251
102 186
102 218
102 201
102 260
102 235
103 254
103 185
103 256
103 189
103 222
103 207
103 157
103 216
103 216
103 184
103 286
103 172
103 208
103 255
103 121
103 275
103 226
103 289
103 267
103 106
103 218
103 111
103 280
103 190
103 237
103 231
103 132
103 137
103 221
103 264
103 297
103 259
103 169
103 122
103 195
103 271
103 110
103 181
103 144
103 205
103 188
103 163
103 290
103 276
103 282
103 127
103 214
103 258
103 273
103 115
103 155
103 283
103 161
103 248
104 238
104 244
104 248
104 110
104 144
104 153
104 279
104 126
104 249
104 141
104 137
104 185
104 162
104 287
104 281
104 236
104 106
104 234
104 107
104 199
104 297
104 157
104 247
104 211
104 173
104 133
104 160
104 216
104 150
104 163
104 118
104 242
104 177
104 189
104 197
104 131
104 192
104 146
104 298
104 134
104 280
104 271
104 235
104 296
104 119
104 143
104 270
104 268
104 124
104 256
105 113
105 275
105 131
105 294
105 142
105 201
105 267
105 139
105 208
105 296
105 295
105 228
105 198
105 293
105 169
105 205
105 187
105 165
105 146
105 200
105 110
105 262
105 249
105 141
105 247
105 277
105 145
105 156
105 264
105 255
105 118
105 242
105 177
105 268
105 298
105 266
105 119
105 157
105 107
105 149
105 153
105 109
105 285
106 257
106 294
106 192
106 239
106 160
106 171
106 243
106 133
106 186
106 206
106 269
106 165
106 295
106 280
106 198
106 198
106 107
106 236
106 209
106 178
106 149
106 227
106 284
106 219
106 254
106 111
106 144
106 119
106 164
106 153
106 113
106 116
106 148
106 256
106 262
106 130
106 213
106 283
106 204
106 258
106 132
106 156
106 194
106 229
106 249
106 292
106 177
106 215
106 195
106 214
106 114
106 208
106 232
107 127
107 253
107 141
107 180
107 151
107 231
107 165
107 184
107 118
107 113
107 142
107 129
107 126
107 240
107 230
107 164
107 178
107 181
107 134
107 297
107 150
107 279
107 179
107 221
107 292
107 116
107 161
107 147
107 286
107 135
107 204
107 228
107 199
107 166
107 225
107 239
107 124
107 108
107 146
107 275
107 282
107 268
107 192
107 295
107 214
107 254
107 217
107 167
107 272
107 138
107 193
107 143
107 191
107 283
108 153
108 166
108 259
108 288
108 283
108 237
108 274
108 181
108 289
108 234
108 234
108 158
108 272
108 210
108 265
108 211
108 111
108 178
108 200
108 191
108 292
108 260
108 192
108 193
108 201
108 186
108 228
108 169
108 136
108 118
108 287
108 285
108 142
108 109
108 233
108 134
108 296
108 195
108 137
108 223
108 298
108 140
108 278
108 147
108 159
109 171
109 238
109 152
109 170
109 137
109 283
109 247
109 154
109 198
109 190
109 175
109 143
109 122
109 266
109 250
109 187
109 187
109 189
109 180
109 244
109 282
109 298
109 167
109 192
109 257
109 128
109 239
109 163
109 277
109 130
109 127
109 146
109 158
109 275
109 214
109 259
109 231
109 279
109 188
109 182
109 169
109 196
109 117
109 174
109 225
109 256
109 234
109 254
109 269
109 185
109 281
109 186
109 217
109 168
109 206
109 243
109 210
109 285
109 183
109 267
109 252
110 285
110 132
110 164
110 204
110 136
110 197
110 232
110 262
110 133
110 257
110 121
110 194
110 176
110 195
110 205
110 162
110 254
110 128
110 245
110 175
110 137
110 233
110 203
110 193
110 213
110 187
110 210
110 180
110 156
110 206
110 154
110 160
110 286
110 134
110 290
110 181
110 178
110 179
110 242
110 147
110 266
110 282
110 227
110 129
110 295
110 263
110 265
110 241
110 208
110 269
111 128
111 291
111 159
111 205
111 148
111 285
111 271
111 200
111 164
111 174
111 190
111 250
111 199
111 270
111 147
111 144
111 171
111 229
111 141
111 138
111 221
111 234
111 192
111 140
111 168
111 183
111 131
111 278
111 163
111 130
111 237
111 180
111 137
111 204
111 142
111 253
111 247
111 265
111 224
111 224
111 122
111 196
111 212
111 277
111 172
111 286
111 290
111 254
111 143
111 274
111 222
111 280
112 160
112 175
112 140
112 150
112 193
112 174
112 148
112 131
112 272
112 265
112 187
112 147
112 191
112 155
112 259
112 289
112 139
112 279
112 158
112 206
112 118
112 267
112 116
112 202
112 137
112 218
112 192
112 199
112 134
112 197
112 188
112 290
112 124
112 156
112 141
112 181
112 195
112 227
112 161
112 119
112 224
112 217
112 168
112 231
112 128
112 296
112 129
112 299
113 164
113 175
113 124
113 167
113 148
113 176
113 161
113 265
113 244
113 149
113 233
113 203
113 223
113 249
113 287
113 157
113 252
113 282
113 256
113 264
113 156
113 270
113 185
113 234
113 230
113 115
113 272
113 247
113 241
113 196
113 205
113 153
113 193
113 187
113 236
113 291
113 260
113 208
113 197
113 296
113 224
113 122
113 114
113 216
113 213
113 134
113 218
113 121
113 229
113 198
113 273
114 205
114 287
114 263
114 249
114 285
114 273
114 138
114 246
114 124
114 294
114 150
114 274
114 136
114 219
114 244
114 290
114 178
114 168
114 220
114 277
114 291
114 229
114 223
114 172
114 297
114 245
114 182
114 193
114 208
114 155
114 218
114 238
114 222
114 278
114 228
114 135
114 215
114 171
114 288
114 296
114 224
114 119
114 144
114 279
114 121
114 195
114 260
114 241
114 282
115 124
115 177
115 256
115 176
115 219
115 163
115 190
115 283
115 282
115 196
115 170
115 194
115 156
115 287
115 260
115 149
115 249
115 253
115 246
115 146
115 154
115 154
115 179
115 147
115 244
115 273
115 119
115 197
115 239
115 229
115 247
115 297
115 140
115 288
115 299
115 238
115 178
116 133
116 156
116 149
116 279
116 276
116 160
116 204
116 232
116 165
116 281
116 242
116 269
116 176
116 153
116 228
116 226
116 284
116 260
116 144
116 294
116 246
116 214
116 175
116 127
116 248
116 200
116 136
116 170
116 286
116 257
116 283
116 274
116 220
116 169
116 171
116 268
116 148
116 210
116 236
116 240
116 180
116 140
116 295
117 137
117 138
117 195
117 297
117 293
117 254
117 165
117 149
117 173
117 292
117 273
117 151
117 196
117 185
117 189
117 181
117 191
117 133
117 147
117 135
117 246
117 242
117 206
117 144
117 129
117 218
117 207
117 157
117 197
117 199
117 199
117 243
117 238
117 258
117 266
117 140
117 265
117 143
117 139
117 155
117 121
117 154
117 230
117 253
117 298
117 217
117 169
117 220
117 257
118 184
118 234
118 196
118 150
118 212
118 212
118 123
118 279
118 192
118 257
118 159
118 199
118 158
118 149
118 276
118 187
118 262
118 140
118 242
118 231
118 177
118 290
118 189
118 246
118 298
118 141
118 289
118 277
118 183
118 126
118 162
118 278
118 245
118 180
118 297
118 170
118 127
118 147
118 166
118 284
118 120
118 294
118 288
118 235
118 221
118 139
118 272
118 251
118 131
118 195
119 132
119 185
119 252
119 142
119 198
119 166
119 205
119 205
119 257
119 293
119 133
119 290
119 281
119 188
119 146
119 171
119 228
119 277
119 298
119 299
119 231
119 150
119 131
119 158
119 222
119 288
119 227
119 170
119 160
119 272
119 214
119 268
119 183
119 266
119 233
119 275
119 220
119 232
119 216
119 195
119 225
119 234
119 179
119 235
119 149
119 262
119 248
120 127
120 161
120 196
120 138
120 277
120 209
120 267
120 291
120 229
120 140
120 259
120 156
120 274
120 121
120 203
120 139
120 142
120 199
120 276
120 184
120 162
120 294
120 293
120 205
120 247
120 148
120 235
120 179
120 285
120 221
120 206
120 230
120 288
120 166
120 155
120 283
120 299
120 157
120 236
120 214
120 135
120 279
120 158
120 187
120 202
120 255
120 295
120 173
121 183
121 187
121 136
121 270
121 265
121 191
121 191
121 284
121 242
121 193
121 232
121 176
121 178
121 291
121 199
121 180
121 133
121 234
121 290
121 228
121 233
121 156
121 217
121 179
121 282
121 142
121 212
121 207
121 201
121 175
121 222
121 128
121 153
121 172
121 269
121 125
121 168
121 271
121 294
121 253
121 165
121 288
121 248
121 278
121 210
121 279
121 124
121 240
121 140
121 141
121 182
122 249
122 289
122 292
122 217
122 184
122 227
122 273
122 281
122 157
122 197
122 257
122 213
122 241
122 131
122 254
122 219
122 258
122 132
122 135
122 177
122 123
122 245
122 286
122 160
122 288
122 150
122 178
122 171
122 189
122 230
122 151
122 202
122 226
122 187
122 128
122 251
122 134
122 261
122 207
122 208
122 136
122 264
122 180
122 180
122 255
122 193
122 299
122 297
122 298
122 235
122 167
122 242
123 132
123 238
123 200
123 233
123 196
123 247
123 209
123 164
123 195
123 239
123 228
123 199
123 176
123 206
123 286
123 227
123 299
123 243
123 204
123 241
123 157
123 258
123 270
123 142
123 154
123 217
123 124
123 127
123 149
123 271
123 237
123 283
123 150
123 231
123 259
123 134
123 267
123 264
123 207
123 187
123 137
123 173
123 135
123 287
123 248
123 281
123 257
123 203
123 179
124 135
124 219
124 205
124 265
124 213
124 166
124 214
124 224
124 285
124 192
124 125
124 242
124 127
124 145
124 207
124 243
124 263
124 178
124 180
124 188
124 184
124 289
124 218
124 267
124 245
124 128
124 212
124 187
124 276
124 217
124 257
124 168
124 296
124 221
124 154
124 160
124 140
124 174
124 174
124 169
124 248
124 298
124 299
124 153
124 150
124 239
124 200
124 237
124 250
124 172
124 170
125 169
125 257
125 172
125 231
125 205
125 283
125 171
125 280
125 203
125 134
125 214
125 166
125 258
125 177
125 150
125 158
125 230
125 189
125 207
125 193
125 156
125 141
125 260
125 204
125 180
125 209
125 296
125 233
125 208
125 268
125 219
125 176
125 273
125 199
125 215
125 154
125 239
125 271
125 195
125 294
125 155
125 259
125 188
125 287
125 275
125 251
125 211
125 237
125 183
125 161
125 153
125 126
125 286
125 234
125 162
125 266
125 225
125 277
125 236
125 168
125 253
125 226
125 276
125 250
125 269
125 297
125 129
125 167
126 193
126 170
126 261
126 275
126 130
126 282
126 138
126 256
126 197
126 199
126 290
126 273
126 258
126 247
126 242
126 158
126 233
126 257
126 299
126 167
126 277
126 221
126 195
126 165
126 127
126 192
126 134
126 239
126 200
126 172
126 217
126 226
126 292
126 194
126 150
126 274
126 287
126 136
126 163
126 169
126 133
126 209
126 141
127 131
127 218
127 160
127 253
127 280
127 209
127 235
127 220
127 226
127 245
127 267
127 172
127 293
127 229
127 203
127 203
127 169
127 261
127 147
127 158
127 129
127 155
127 255
127 299
127 247
127 187
127 222
127 224
127 174
127 154
127 150
127 277
127 133
127 156
127 294
127 168
127 183
127 189
127 152
127 200
127 225
127 275
127 193
127 295
128 141
128 160
128 170
128 175
128 182
128 168
128 155
128 239
128 223
128 195
128 218
128 190
128 244
128 129
128 290
128 236
128 298
128 225
128 230
128 219
128 263
128 153
128 150
128 166
128 242
128 217
128 231
128 191
128 240
128 137
128 142
128 291
128 281
128 176
128 185
128 209
128 188
128 134
128 200
128 293
128 238
128 193
128 269
128 181
128 135
128 254
129 161
129 205
129 219
129 137
129 213
129 186
129 130
129 208
129 277
129 276
129 185
129 168
129 196
129 232
129 296
129 210
129 131
129 215
129 173
129 229
129 133
129 202
129 166
129 279
129 263
129 233
129 139
129 190
129 132
129 150
129 189
129 281
129 171
129 227
129 243
129 252
129 259
129 260
129 216
129 221
129 272
129 142
129 273
129 151
129 262
130 270
130 287
130 193
130 285
130 215
130 223
130 286
130 144
130 216
130 284
130 176
130 227
130 218
130 246
130 296
130 208
130 252
130 180
130 173
130 173
130 202
130 219
130 163
130 139
130 166
130 280
130 242
130 151
130 275
130 288
130 217
130 261
130 272
130 211
130 266
130 182
130 260
130 156
130 153
130 248
130 209
130 136
130 159
130 134
130 271
130 169
130 157
131 188
131 186
131 156
131 162
131 146
131 286
131 243
131 191
131 266
131 181
131 270
131 235
131 256
131 219
131 161
131 240
131 140
131 177
131 143
131 284
131 157
131 174
131 226
131 285
131 257
131 282
131 132
131 248
131 136
131 259
131 250
131 290
131 291
131 201
131 197
131 210
131 289
131 288
131 148
131 224
131 249
131 194
131 169
131 168
131 168
131 242
131 202
131 255
131 232
131 269
131 233
131 296
132 260
132 165
132 243
132 144
132 206
132 146
132 267
132 299
132 134
132 217
132 227
132 252
132 233
132 250
132 291
132 249
132 287
132 168
132 239
132 166
132 223
132 225
132 133
132 139
132 136
132 174
132 178
132 210
132 259
132 194
132 228
132 216
132 192
132 211
132 237
132 195
132 195
132 212
132 190
133 291
133 172
133 172
133 237
133 222
133 286
133 146
133 155
133 248
133 283
133 233
133 162
133 134
133 212
133 271
133 267
133 219
133 264
133 139
133 254
133 229
133 200
133 246
133 213
133 201
133 221
133 232
133 276
133 208
133 135
133 204
133 168
133 184
133 224
133 239
133 251
134 203
134 299
134 180
134 202
134 184
134 145
134 199
134 189
134 154
134 246
134 275
134 230
134 217
134 207
134 227
134 185
134 250
134 205
134 244
134 159
134 193
134 187
134 260
134 188
134 253
134 218
134 166
134 151
134 156
134 255
134 284
134 241
134 168
134 268
134 287
134 228
134 153
134 282
134 157
134 276
134 162
134 137
134 270
134 204
134 235
134 139
135 165
135 207
135 161
135 161
135 273
135 271
135 213
135 247
135 151
135 217
135 186
135 274
135 153
135 248
135 197
135 185
135 298
135 198
135 293
135 270
135 224
135 154
135 214
135 227
135 267
135 260
135 284
135 225
135 241
135 144
135 272
135 250
135 291
135 196
135 159
135 183
135 200
135 263
135 289
136 204
136 137
136 279
136 271
136 232
136 256
136 226
136 215
136 242
136 198
136 259
136 164
136 219
136 234
136 195
136 220
136 197
136 248
136 147
136 272
136 230
136 205
136 143
136 298
136 202
136 285
136 240
136 218
136 267
136 258
136 209
136 171
136 276
136 179
136 266
136 158
136 231
136 237
136 173
136 163
136 156
136 273
137 199
137 227
137 278
137 194
137 144
137 205
137 143
137 139
137 163
137 262
137 192
137 226
137 287
137 290
137 246
137 145
137 292
137 222
137 294
137 271
137 184
137 175
137 175
137 203
137 250
137 273
137 297
137 180
137 168
137 181
137 155
137 272
137 252
137 217
137 229
137 270
137 169
137 251
137 219
137 259
137 147
137 173
137 196
137 160
137 245
137 269
137 193
137 197
138 215
138 243
138 217
138 255
138 231
138 279
138 194
138 257
138 278
138 293
138 151
138 295
138 176
138 280
138 159
138 148
138 204
138 252
138 212
138 253
138 141
138 203
138 189
138 266
138 260
138 186
138 139
138 223
138 168
138 240
138 162
138 188
138 163
138 226
138 169
138 270
138 296
138 191
138 209
138 247
138 273
138 254
139 173
139 194
139 239
139 294
139 285
139 169
139 255
139 211
139 187
139 260
139 232
139 288
139 159
139 193
139 157
139 190
139 200
139 153
139 287
139 165
139 182
139 261
139 183
139 181
139 284
139 203
139 184
139 248
139 236
139 221
139 198
139 222
139 170
139 180
139 231
139 230
139 141
139 270
139 237
139 166
139 166
139 216
139 281
139 253
139 143
139 160
140 197
140 294
140 288
140 247
140 143
140 229
140 274
140 162
140 162
140 290
140 151
140 277
140 186
140 169
140 223
140 257
140 199
140 272
140 172
140 158
140 209
140 168
140 282
140 287
140 152
140 269
140 141
140 192
140 149
140 284
140 181
140 160
140 219
140 218
140 249
140 298
140 253
140 176
140 210
140 233
140 232
140 194
140 198
140 256
140 170
141 170
141 296
141 204
141 193
141 147
141 201
141 225
141 144
141 151
141 154
141 258
141 295
141 180
141 219
141 215
141 264
141 233
141 262
141 284
141 220
141 267
141 142
141 195
141 228
141 150
141 211
141 240
141 197
141 291
141 153
141 229
141 273
141 259
141 177
141 176
141 276
142 157
142 260
142 169
142 291
142 152
142 250
142 179
142 236
142 269
142 166
142 219
142 216
142 272
142 213
142 212
142 255
142 151
142 262
142 206
142 284
142 242
142 159
142 256
142 234
142 200
142 202
142 144
142 182
142 226
142 258
142 143
142 273
142 230
142 189
142 247
142 146
142 203
142 187
142 224
142 214
142 264
142 282
143 179
143 207
143 281
143 268
143 217
143 263
143 209
143 269
143 146
143 156
143 298
143 204
143 216
143 225
143 168
143 223
143 153
143 245
143 188
143 237
143 274
143 200
143 235
143 239
143 205
143 201
143 195
143 151
143 295
143 182
143 258
143 149
143 149
143 253
143 265
143 287
143 145
143 203
143 254
143 219
144 218
144 280
144 166
144 202
144 161
144 212
144 216
144 181
144 263
144 278
144 152
144 155
144 235
144 185
144 153
144 196
144 162
144 292
144 208
144 226
144 154
144 231
144 147
144 214
144 180
144 240
144 171
144 262
144 238
144 261
144 189
144 248
144 168
144 290
144 213
144 294
144 172
144 228
144 255
144 183
144 257
144 266
144 239
144 173
144 193
144 159
144 265
144 264
144 210
145 272
145 174
145 179
145 260
145 171
145 182
145 294
145 155
145 216
145 157
145 214
145 222
145 223
145 278
145 166
145 299
145 251
145 197
145 243
145 282
145 283
145 181
145 259
145 237
145 146
145 160
146 283
146 248
146 190
146 198
146 212
146 171
146 243
146 297
146 154
146 287
146 291
146 246
146 191
146 182
146 271
146 172
146 282
146 269
146 249
146 186
146 159
146 159
146 147
146 209
146 260
146 276
146 295
146 194
147 151
147 288
147 175
147 221
147 222
147 185
147 169
147 259
147 170
147 235
147 157
147 206
147 180
147 172
147 269
147 166
147 264
147 226
147 195
147 207
147 230
147 177
147 176
147 286
147 278
147 182
147 238
147 291
147 190
147 164
147 294
148 230
148 270
148 247
148 207
148 184
148 277
148 217
148 272
148 246
148 195
148 255
148 231
148 279
148 232
148 162
148 224
148 154
148 200
148 170
148 288
148 175
148 242
148 191
148 151
148 185
148 262
148 235
148 169
148 216
148 202
148 243
148 177
148 166
148 159
149 209
149 203
149 169
149 210
149 250
149 285
149 166
149 205
149 161
149 262
149 226
149 253
149 295
149 257
149 241
149 224
149 248
149 195
149 168
149 251
149 244
149 212
149 298
149 179
149 208
149 219
149 228
149 214
149 278
149 175
149 293
149 172
149 217
149 236
150 229
150 269
150 215
150 166
150 294
150 250
150 280
150 192
150 160
150 204
150 243
150 253
150 298
150 298
150 196
150 293
150 183
150 240
150 185
150 195
150 285
150 291
150 235
150 252
150 284
150 219
150 201
150 274
151 233
151 156
151 266
151 193
151 238
151 237
151 209
151 207
151 242
151 287
151 256
151 273
151 276
151 236
151 292
151 192
151 213
151 247
151 197
151 264
151 157
151 171
151 191
151 293
151 215
151 227
151 283
151 155
151 214
151 252
151 290
151 225
151 183
151 153
151 241
151 166
151 201
151 169
151 295
151 167
151 167
152 260
152 286
152 243
152 218
152 201
152 241
152 240
152 235
152 199
152 268
152 196
152 186
152 179
152 279
152 250
152 180
152 155
152 155
152 258
152 244
152 214
152 236
152 251
152 262
152 195
152 282
152 273
152 237
152 217
152 171
152 299
152 295
152 249
153 220
153 164
153 158
153 239
153 155
153 281
153 195
153 259
153 190
153 210
153 222
153 184
153 299
153 178
153 175
153 264
153 216
153 182
153 261
153 225
153 292
153 266
153 247
153 215
153 197
153 163
153 199
153 287
153 208
153 280
153 219
153 267
153 213
153 271
153 218
153 237
153 283
153 275
153 230
154 266
154 292
154 198
154 216
154 165
154 195
154 249
154 167
154 164
154 240
154 281
154 208
154 230
154 228
154 247
154 226
154 257
154 262
154 214
154 218
154 267
154 253
154 209
154 291
154 264
154 296
154 283
154 173
154 177
154 181
154 269
154 225
154 244
154 203
154 159
154 273
154 210
154 250
154 212
154 241
155 268
155 229
155 263
155 197
155 243
155 174
155 231
155 173
155 270
155 162
155 294
155 282
155 257
155 169
155 254
155 178
155 267
155 287
155 181
155 273
155 218
155 284
155 269
155 188
155 232
155 255
155 235
155 184
155 295
155 221
155 209
155 190
155 180
155 233
155 262
155 230
156 193
156 280
156 224
156 159
156 222
156 218
156 228
156 242
156 281
156 190
156 229
156 262
156 256
156 223
156 261
156 299
156 196
156 220
156 241
156 180
156 204
156 247
156 210
156 285
156 213
156 243
156 263
156 221
156 267
156 292
156 271
156 161
156 202
156 254
156 233
156 250
156 200
156 245
156 206
157 248
157 276
157 206
157 255
157 225
157 218
157 278
157 293
157 161
157 295
157 188
157 241
157 201
157 162
157 176
157 261
157 202
157 173
157 292
157 253
157 209
157 242
157 268
157 274
157 239
157 270
157 197
157 195
157 193
157 271
157 252
157 231
158 278
158 283
158 215
158 160
158 172
158 262
158 226
158 258
158 161
158 201
158 277
158 169
158 295
158 228
158 235
158 213
158 282
158 259
158 225
158 199
158 163
158 270
158 193
158 246
158 291
158 280
158 170
158 197
158 171
158 245
158 231
158 174
159 292
159 270
159 256
159 164
159 250
159 294
159 226
159 214
159 274
159 170
159 198
159 230
159 252
159 243
159 228
159 162
159 281
159 249
159 180
159 296
159 260
159 223
159 206
159 174
159 210
159 276
159 295
159 194
159 278
159 262
159 263
159 293
159 254
159 207
159 166
159 201
159 178
159 290
159 275
159 288
159 211
159 240
159 232
159 185
160 224
160 219
160 241
160 167
160 163
160 206
160 162
160 288
160 210
160 222
160 243
160 226
160 177
160 248
160 276
160 225
160 291
160 173
160 293
160 252
160 166
160 178
160 200
160 216
160 299
160 174
160 263
160 205
160 292
160 175
160 218
160 181
160 176
160 237
160 207
160 250
160 190
160 185
161 265
161 279
161 165
161 239
161 277
161 210
161 266
161 233
161 299
161 257
161 199
161 221
161 204
161 188
161 227
161 254
161 208
161 236
161 186
161 207
161 180
161 273
161 281
161 175
161 177
161 244
161 194
161 264
161 212
161 205
161 276
161 289
161 201
161 259
161 286
161 229
161 241
161 234
161 291
161 250
161 183
161 261
161 230
161 168
161 240
162 188
162 241
162 276
162 239
162 267
162 209
162 294
162 264
162 214
162 279
162 283
162 261
162 195
162 228
162 180
162 249
162 254
162 171
162 290
162 212
162 163
162 298
162 245
162 201
162 285
162 238
162 291
162 234
162 222
162 224
162 297
162 181
162 213
162 282
162 176
162 198
162 217
162 221
162 190
163 261
163 176
163 165
163 224
163 249
163 164
163 182
163 188
163 269
163 265
163 259
163 194
163 222
163 192
163 281
163 237
163 274
163 294
163 285
163 215
163 177
163 212
163 190
163 260
163 235
163 247
163 201
163 214
164 267
164 297
164 202
164 259
164 166
164 206
164 214
164 271
164 268
164 218
164 235
164 257
164 185
164 272
164 194
164 284
164 252
164 250
164 274
164 240
164 281
164 219
164 255
164 256
164 275
164 198
164 212
164 180
164 187
164 296
164 285
164 223
164 177
164 280
164 215
164 197
165 223
165 193
165 289
165 179
165 196
165 284
165 274
165 297
165 241
165 167
165 231
165 188
165 199
165 213
165 250
165 273
165 182
165 228
165 233
165 195
165 210
165 276
165 248
165 224
165 198
165 219
165 255
165 203
165 296
165 214
165 262
165 230
165 175
165 176
165 290
165 212
166 175
166 280
166 287
166 263
166 177
166 190
166 232
166 268
166 181
166 231
166 248
166 169
166 293
166 183
166 200
166 244
166 253
166 273
166 234
166 245
166 281
166 222
166 184
166 241
166 297
166 269
166 167
166 172
166 284
166 220
166 180
166 257
166 235
166 271
166 239
166 296
166 227
166 176
166 290
167 292
167 237
167 200
167 281
167 290
167 247
167 234
167 253
167 263
167 205
167 168
167 257
167 286
167 173
167 240
167 271
167 265
167 221
167 287
167 254
167 291
167 181
167 183
167 270
167 273
167 206
167 185
167 288
168 216
168 200
168 214
168 271
168 225
168 261
168 197
168 183
168 223
168 172
168 201
168 229
168 231
168 171
168 227
168 253
168 273
168 245
168 210
168 190
168 202
168 215
168 244
168 294
168 193
168 258
168 194
168 228
168 232
168 291
169 229
169 196
169 186
169 240
169 298
169 249
169 234
169 281
169 203
169 193
169 280
169 292
169 296
169 261
169 270
169 217
169 299
169 175
169 255
169 198
169 231
169 241
169 224
169 183
169 238
169 184
170 228
170 236
170 221
170 289
170 204
170 260
170 263
170 243
170 267
170 294
170 187
170 291
170 218
170 176
170 288
170 185
170 277
170 266
170 292
170 299
170 205
170 208
170 251
170 177
170 276
170 184
170 264
170 217
170 226
170 214
170 215
170 206
170 172
170 272
170 239
171 260
171 288
171 267
171 204
171 203
171 284
171 238
171 200
171 190
171 252
171 271
171 286
171 293
171 174
171 262
171 233
171 197
171 277
171 223
171 173
171 241
171 281
171 265
171 230
171 216
171 275
171 229
171 235
171 251
171 209
171 285
171 232
171 268
171 270
171 240
171 248
171 172
172 199
172 207
172 176
172 178
172 225
172 259
172 185
172 274
172 216
172 236
172 231
172 285
172 258
172 186
172 281
172 299
172 280
172 254
172 173
172 194
172 278
172 288
172 255
172 229
172 215
172 190
172 203
172 245
172 205
172 195
172 198
173 193
173 254
173 181
173 289
173 283
173 275
173 238
173 195
173 297
173 186
173 236
173 287
173 227
173 240
173 280
173 180
173 215
173 182
173 285
173 277
173 288
173 298
173 229
173 203
173 279
173 282
173 291
173 194
173 259
173 292
173 284
173 212
173 206
173 211
173 214
173 258
173 197
173 286
173 239
173 265
173 231
174 253
174 184
174 293
174 207
174 252
174 243
174 205
174 185
174 213
174 286
174 230
174 259
174 231
174 249
174 298
174 189
174 211
174 202
174 263
174 219
174 280
174 176
174 274
174 179
174 209
174 215
174 235
174 182
174 222
174 245
174 276
174 262
174 254
174 236
174 237
174 233
174 260
174 195
175 233
175 251
175 285
175 230
175 298
175 178
175 253
175 179
175 292
175 198
175 223
175 189
175 296
175 254
175 290
175 180
175 244
175 289
175 246
175 284
175 259
175 266
175 286
175 276
175 184
175 231
175 245
175 262
176 258
176 213
176 182
176 230
176 179
176 184
176 251
176 278
176 212
176 260
176 240
176 297
176 186
176 234
176 177
176 264
176 215
176 267
176 178
176 223
176 265
176 246
176 247
176 276
176 254
176 238
176 275
176 285
176 282
176 228
176 202
176 222
176 208
176 203
176 257
176 217
177 222
177 242
177 218
177 226
177 179
177 264
177 259
177 261
177 239
177 250
177 279
177 243
177 219
177 272
177 251
177 205
177 298
177 235
177 294
177 220
177 277
177 252
177 267
177 204
177 223
177 185
177 245
177 269
177 285
177 216
178 253
178 190
178 185
178 284
178 209
178 180
178 269
178 255
178 238
178 268
178 287
178 247
178 179
178 265
178 226
178 273
178 183
178 211
178 256
178 277
178 235
178 200
178 184
178 231
178 281
178 199
179 220
179 238
179 267
179 232
179 259
179 244
179 213
179 250
179 292
179 261
179 276
179 283
179 189
179 218
179 190
179 226
179 195
179 277
179 214
179 243
179 219
179 234
179 273
179 237
179 269
179 231
179 228
180 284
180 274
180 189
180 227
180 241
180 211
180 299
180 181
180 297
180 294
180 269
180 295
180 239
180 202
180 226
180 261
180 201
180 197
180 262
180 219
180 235
180 244
180 263
180 296
180 254
181 281
181 285
181 289
181 196
181 297
181 190
181 226
181 250
181 219
181 272
181 222
181 193
181 251
181 201
181 238
181 198
181 205
181 292
181 249
181 257
181 275
181 203
181 234
181 243
181 225
181 231
181 247
181 228
181 237
181 208
181 279
181 248
181 199
181 229
182 297
182 238
182 277
182 223
182 192
182 215
182 242
182 220
182 216
182 246
182 226
182 198
182 191
182 194
182 298
182 199
182 278
182 290
182 250
182 229
182 219
182 247
182 195
182 236
182 299
182 249
182 196
182 208
183 210
183 203
183 244
183 299
183 249
183 255
183 264
183 231
183 209
183 232
183 189
183 253
183 298
183 188
183 230
183 270
183 293
183 214
183 224
183 234
183 290
183 190
183 252
183 191
183 194
183 266
183 217
183 291
183 201
183 202
183 193
183 287
183 275
183 292
183 206
184 186
184 234
184 210
184 194
184 230
184 263
184 278
184 185
184 191
184 257
184 190
184 239
184 196
184 224
184 270
184 187
184 219
184 231
184 269
184 249
184 256
184 236
185 198
185 226
185 287
185 254
185 212
185 273
185 250
185 217
185 279
185 290
185 220
185 288
185 240
185 191
185 234
185 298
185 189
185 188
185 243
185 270
185 247
185 205
185 283
185 192
185 291
185 249
185 213
186 231
186 214
186 289
186 239
186 228
186 256
186 208
186 287
186 217
186 261
186 196
186 201
186 223
186 188
186 265
186 206
186 263
186 255
186 215
186 279
186 192
186 254
186 187
186 247
186 286
187 237
187 242
187 273
187 194
187 264
187 288
187 292
187 255
187 233
187 249
187 213
187 267
187 257
187 293
187 289
187 201
187 214
187 261
187 188
187 274
187 196
187 228
187 245
187 226
187 298
187 285
187 220
187 211
187 276
188 255
188 261
188 247
188 214
188 263
188 229
188 250
188 198
188 264
188 275
188 193
188 298
188 194
188 265
188 280
188 200
188 252
188 242
188 244
188 199
188 271
188 202
188 207
188 253
188 208
188 192
189 196
189 231
189 246
189 222
189 264
189 209
189 251
189 239
189 268
189 230
189 223
189 233
189 200
189 260
189 273
189 201
189 259
189 226
189 298
189 228
189 212
189 218
189 291
189 270
189 256
190 279
190 288
190 289
190 210
190 197
190 219
190 225
190 230
190 245
190 272
190 270
190 204
190 222
190 220
190 228
190 240
190 285
190 249
190 252
190 274
190 216
190 264
190 246
190 242
191 192
191 236
191 222
191 258
191 202
191 220
191 232
191 297
191 233
191 219
191 272
191 207
191 276
191 198
191 286
191 290
191 259
191 203
191 299
191 256
191 210
191 215
191 288
191 229
191 268
191 209
191 239
192 222
192 292
192 198
192 266
192 214
192 235
192 199
192 295
192 208
192 259
192 246
192 241
192 228
192 209
192 287
192 298
192 283
192 267
192 200
192 219
192 244
192 231
192 278
192 260
192 291
192 195
192 269
192 250
192 193
193 207
193 256
193 199
193 253
193 295
193 290
193 227
193 209
193 296
193 261
193 221
193 279
193 219
193 246
193 271
193 224
193 206
193 299
193 196
193 283
193 260
193 275
193 276
193 294
194 231
194 228
194 203
194 262
194 248
194 253
194 263
194 246
194 211
194 279
194 254
194 195
194 289
194 298
194 208
194 293
194 285
194 284
194 270
194 225
194 250
194 241
194 212
195 258
195 212
195 260
195 229
195 278
195 204
195 290
195 253
195 207
195 261
195 236
195 240
195 230
195 265
195 203
195 244
195 249
195 231
195 275
195 232
195 266
195 267
195 277
195 289
195 200
195 216
195 224
195 295
196 206
196 264
196 287
196 239
196 213
196 277
196 234
196 271
196 215
196 248
196 237
196 241
196 244
196 202
196 205
196 267
196 296
196 224
196 282
196 280
196 254
196 221
196 203
196 279
196 201
196 227
196 210
196 256
197 241
197 247
197 212
197 246
197 209
197 272
197 210
197 226
197 248
197 273
197 257
197 261
197 201
197 250
197 291
197 213
197 205
197 258
197 285
197 200
198 256
198 293
198 241
198 239
198 291
198 255
198 230
198 205
198 219
198 275
198 221
198 245
198 272
198 222
198 200
198 257
198 226
198 298
198 215
198 220
198 277
198 248
198 263
198 240
198 258
198 294
198 279
198 262
198 290
198 296
199 233
199 255
199 208
199 297
199 210
199 280
199 217
199 221
199 263
199 290
199 294
199 202
199 219
199 207
199 273
199 286
199 278
199 271
199 218
199 209
199 239
199 265
199 283
199 293
199 260
199 284
199 247
199 299
199 232
199 253
199 275
199 226
200 211
200 214
200 250
200 266
200 273
200 251
200 276
200 288
200 243
200 287
200 222
200 245
200 236
200 230
200 268
200 298
200 242
200 246
200 263
200 278
200 227
200 258
200 297
200 272
200 296
201 293
201 276
201 210
201 252
201 247
201 238
201 202
201 290
201 299
201 295
201 212
201 244
201 291
201 204
201 234
201 297
201 277
202 259
202 212
202 234
202 275
202 282
202 262
202 239
202 236
202 247
202 281
202 283
202 264
202 209
202 222
202 226
202 260
202 255
202 204
202 250
202 265
202 266
202 220
202 251
202 292
202 261
203 286
203 241
203 283
203 210
203 236
203 272
203 214
203 257
203 218
203 270
203 243
203 298
203 216
203 211
203 292
203 282
203 251
203 229
203 275
203 289
203 264
203 240
203 258
204 216
204 231
204 275
204 268
204 239
204 294
204 254
204 280
204 226
204 278
204 212
204 290
204 217
204 242
204 299
204 215
204 273
204 235
204 282
204 270
204 205
204 234
204 249
204 211
204 257
204 218
205 290
205 226
205 230
205 228
205 273
205 250
205 209
205 208
205 246
205 243
205 270
205 278
205 277
205 252
205 220
205 241
205 275
205 254
205 249
205 283
205 292
205 236
205 234
205 255
205 294
205 287
205 215
205 262
205 231
205 281
206 220
206 242
206 272
206 223
206 212
206 289
206 252
206 284
206 281
206 271
206 243
206 266
206 261
206 225
206 210
206 233
206 222
206 245
206 276
206 256
206 247
206 230
206 267
206 232
206 234
206 265
207 234
207 249
207 259
207 227
207 292
207 216
207 279
207 225
207 208
207 248
207 286
207 280
207 218
208 233
208 290
208 239
208 242
208 251
208 240
208 231
208 220
208 297
208 215
208 289
208 221
208 234
208 284
208 276
208 268
208 271
208 299
208 247
208 224
208 264
208 225
208 230
209 225
209 231
209 282
209 240
209 230
209 289
209 235
209 210
209 261
209 274
209 232
209 227
209 283
209 298
209 253
209 224
209 259
209 218
210 293
210 290
210 261
210 241
210 230
210 258
210 257
210 240
210 232
210 220
210 224
210 249
210 237
210 262
210 251
210 268
210 255
210 270
210 228
210 222
210 278
210 260
210 213
210 294
211 224
211 274
211 290
211 215
211 264
211 294
211 242
211 235
211 277
211 245
211 269
211 231
211 262
211 281
211 278
211 222
211 260
212 227
212 270
212 228
212 223
212 298
212 249
212 287
212 261
212 252
212 248
212 220
212 216
212 247
212 271
212 244
212 259
212 292
212 221
212 274
212 286
213 220
213 258
213 229
213 255
213 264
213 266
213 232
213 244
213 247
213 259
213 286
213 265
213 272
213 292
213 267
213 245
213 253
213 256
213 241
213 242
213 224
214 295
214 285
214 259
214 231
214 276
214 286
214 236
214 263
214 255
214 258
214 280
214 218
214 215
214 220
214 291
214 227
214 260
214 296
214 216
214 222
214 269
214 274
214 246
214 243
214 240
214 261
214 283
215 260
215 256
215 271
215 278
215 273
215 270
215 291
215 254
215 237
215 282
215 281
215 226
215 258
215 293
215 242
215 222
215 249
215 218
215 243
215 285
215 250
215 295
216 261
216 229
216 277
216 263
216 297
216 219
216 262
216 288
216 278
216 287
216 255
216 260
216 254
216 239
216 271
216 290
216 282
216 241
216 264
216 293
216 240
216 257
217 291
217 267
217 290
217 218
217 232
217 256
217 266
217 261
217 265
217 251
217 264
217 219
217 294
217 298
217 274
217 239
218 255
218 239
218 298
218 297
218 290
218 282
218 233
218 280
218 222
218 252
218 291
218 278
218 292
218 230
218 299
218 281
218 295
218 279
218 232
218 264
219 279
219 227
219 281
219 232
219 274
219 240
219 242
219 244
219 283
219 222
219 250
219 263
219 290
219 245
219 293
219 276
219 235
219 247
219 249
219 251
219 238
219 261
219 233
219 294
219 273
219 287
220 270
220 252
220 230
220 259
220 292
220 274
220 294
220 236
220 286
220 256
220 283
220 232
220 290
220 224
220 269
220 265
220 229
220 223
220 251
220 235
220 254
220 253
220 281
220 288
220 233
221 278
221 239
221 271
221 241
221 295
221 275
221 251
221 252
221 247
221 260
221 257
221 296
221 245
222 255
222 223
222 299
222 274
222 237
222 289
222 282
222 278
222 294
222 286
222 281
222 259
222 229
222 253
222 293
222 291
222 238
222 273
222 279
222 231
222 272
223 273
223 236
223 251
223 248
223 288
223 262
223 297
223 275
223 239
223 292
223 296
223 258
223 256
223 243
223 279
223 232
223 267
224 269
224 259
224 233
224 264
224 232
224 288
224 261
224 290
224 274
224 297
224 260
224 292
224 282
224 225
224 283
224 257
224 234
224 228
224 239
224 255
224 242
224 265
225 273
225 244
225 259
225 260
225 282
225 239
225 274
225 243
225 252
225 280
225 268
225 292
225 250
225 284
225 236
225 276
225 266
225 287
225 226
226 245
226 279
226 265
226 277
226 232
226 246
226 229
226 275
226 287
226 271
226 273
226 234
226 243
226 285
226 244
226 238
226 250
226 280
226 256
226 254
226 281
226 252
226 227
226 276
226 241
226 268
226 247
226 228
226 272
227 232
227 258
227 293
227 250
227 277
227 268
227 272
227 274
227 278
227 235
227 290
227 256
227 276
227 234
227 294
227 257
227 260
227 297
227 245
227 265
228 260
228 279
228 229
228 268
228 269
228 243
228 288
228 270
228 247
228 281
228 286
228 291
228 232
228 290
228 293
228 280
228 263
228 256
228 298
228 249
228 255
228 254
228 239
229 235
229 264
229 292
229 246
229 254
229 289
229 232
229 263
229 238
229 258
229 261
230 261
230 270
230 267
230 248
230 271
230 239
230 299
230 272
230 258
230 237
230 291
231 254
231 266
231 261
231 265
231 277
231 281
231 244
231 279
231 257
231 293
231 237
231 259
231 232
231 285
231 291
231 252
231 271
231 296
231 264
231 297
231 295
231 245
231 242
232 263
232 266
232 250
232 239
232 271
232 272
232 260
232 289
232 279
232 274
232 295
232 267
232 236
232 234
233 235
233 268
233 234
233 279
233 261
233 265
233 254
233 251
233 284
233 266
233 237
233 287
233 281
234 284
234 285
234 286
234 243
234 257
234 293
234 235
234 249
234 273
234 280
234 290
234 295
234 244
234 292
234 246
235 298
235 270
235 250
235 271
235 255
235 244
235 297
235 264
235 265
235 268
235 259
235 256
235 295
235 251
235 236
235 249
235 252
235 240
235 266
235 283
236 291
236 238
236 290
236 289
236 271
236 278
236 267
236 288
236 262
236 252
236 297
236 268
236 293
236 257
236 251
236 239
236 286
236 248
236 237
236 281
236 253
237 264
237 246
237 271
237 294
237 256
237 257
237 260
237 240
237 272
237 248
237 269
237 289
237 258
237 280
237 279
237 268
237 242
237 265
237 283
238 276
238 284
238 289
238 257
238 248
238 291
238 259
238 277
238 245
238 263
238 240
238 266
239 243
239 241
239 249
239 260
239 244
239 255
239 250
239 294
239 299
239 246
239 286
239 288
239 252
239 261
239 254
239 297
239 293
239 279
239 283
239 285
240 286
240 260
240 261
240 251
240 249
240 265
240 295
240 264
240 245
240 270
240 292
240 263
240 294
240 267
240 281
240 296
240 285
240 287
241 259
241 277
241 252
241 283
241 267
241 280
241 298
241 299
241 282
241 292
241 249
241 257
241 279
241 253
241 272
241 247
241 271
241 297
241 243
241 242
241 245
242 250
242 282
242 268
242 279
242 275
242 253
242 266
242 298
242 258
242 255
242 276
243 251
243 245
243 265
243 290
243 276
243 264
243 269
243 248
243 282
243 258
243 281
243 294
243 295
243 278
244 261
244 284
244 290
244 262
244 252
244 268
244 295
244 246
244 263
244 291
244 276
244 258
244 257
245 294
245 248
245 299
245 252
245 249
245 282
245 289
245 254
245 257
245 258
245 246
245 256
245 267
245 273
245 285
245 255
245 253
246 280
246 285
246 283
246 287
246 272
246 262
246 297
246 252
246 254
246 251
246 292
246 289
246 286
247 265
247 283
247 269
247 298
247 255
247 284
247 273
247 272
247 267
247 278
247 270
247 258
247 256
248 251
248 264
248 273
248 272
248 270
248 268
248 284
248 274
248 288
248 275
248 257
248 283
248 266
248 265
249 281
249 255
249 276
249 299
249 297
249 264
249 275
249 251
249 284
250 268
250 262
250 285
250 251
250 284
250 286
250 269
250 254
250 295
250 297
250 275
250 257
250 256
251 274
251 278
251 270
251 272
251 266
251 281
251 260
251 275
251 295
251 258
252 286
252 285
252 270
252 296
252 255
252 297
252 259
252 276
252 261
252 283
252 269
252 265
252 266
252 267
252 264
253 278
253 284
253 297
253 261
253 267
253 291
253 275
253 254
253 268
253 295
253 280
253 266
253 270
254 292
254 264
254 276
254 256
254 268
254 269
254 255
254 262
254 282
254 275
254 285
254 286
255 282
255 290
255 269
255 262
255 263
255 271
255 286
255 284
255 276
255 293
255 294
255 266
256 279
256 259
256 295
256 287
256 285
256 276
256 269
256 290
256 267
256 272
256 292
256 275
257 287
257 275
257 288
257 266
257 270
257 276
257 274
257 294
257 271
257 263
257 277
257 293
257 285
258 297
258 298
258 273
258 299
258 264
258 262
258 259
258 291
258 288
258 280
259 298
259 268
259 271
259 265
259 296
260 295
260 293
260 272
260 294
260 288
260 297
260 265
260 292
260 267
260 285
260 269
261 264
261 270
261 262
261 289
261 286
261 277
261 284
261 263
261 279
261 288
261 266
262 273
262 277
262 293
262 299
262 287
262 289
262 282
262 297
262 275
262 268
263 290
263 272
263 297
263 286
263 287
263 264
263 295
263 270
263 277
263 276
264 285
264 280
264 296
264 287
264 281
264 292
264 267
264 299
264 295
264 286
264 268
265 274
265 295
265 286
265 278
265 287
265 285
265 273
265 270
265 267
265 282
265 290
266 271
266 284
266 286
266 298
267 285
267 270
267 279
267 283
267 280
267 277
267 273
267 289
267 284
267 298
267 288
267 295
268 272
268 294
268 283
268 288
268 278
269 273
269 285
269 277
269 274
269 293
270 283
270 277
270 294
270 290
270 280
270 278
270 293
270 279
271 284
271 280
271 293
271 278
271 296
271 281
271 285
271 273
272 279
272 297
272 281
272 291
272 292
273 292
273 280
273 285
273 295
273 290
273 274
273 288
273 298
274 292
274 277
274 298
274 275
274 296
274 295
274 283
274 289
274 282
275 279
275 290
275 284
275 289
275 282
275 295
276 277
276 284
276 287
276 278
276 297
276 283
276 285
276 279
277 286
277 293
277 280
278 287
278 286
278 283
278 288
278 294
279 285
279 286
279 287
279 297
279 281
280 284
280 298
281 293
281 295
281 298
281 299
281 285
281 287
281 290
281 291
281 296
282 284
282 298
282 289
282 292
283 299
283 284
283 285
283 288
284 297
284 290
284 288
284 286
284 293
284 292
284 298
285 293
285 290
285 292
285 286
285 289
286 290
286 294
286 288
286 292
287 288
288 298
289 292
289 293
289 294
289 298
290 298
290 292
291 296
291 292
291 295
292 293
292 296
292 299
292 297
293 294
295 296
295 297
298 299
