0 1
0 2
0 3
2 4
1 5
4 6
6 7
5 8
7 9
1 10
7 11
10 12
12 13
3 14
9 15
11 16
16 17
4 18
3 19
4 20
2 21
19 22
22 23
20 24
8 25
10 26
26 27
0 28
27 29
12 30
15 31
19 32
5 33
26 34
22 35
7 36
10 37
17 38
9 39
21 40
30 41
21 42
15 43
0 44
0 45
1 46
16 47
11 48
20 49
29 50
32 51
49 52
35 53
14 54
45 55
54 56
34 57
29 58
43 59
32 60
21 61
54 62
22 63
25 64
34 65
29 66
59 67
8 68
32 69
2 70
13 71
51 72
50 73
60 74
46 75
19 76
65 77
60 78
68 79
32 80
25 81
21 82
18 83
3 84
10 85
76 86
71 87
9 88
18 89
18 90
54 91
90 92
43 93
42 94
21 95
1 96
13 97
33 98
58 99
16 21
17 27
28 81
35 39
2 77
38 92
4 89
21 59
52 64
3 23
15 16
73 95
21 62
12 19
33 80
22 97
73 94
77 86
6 63
54 78
44 58
14 46
1 16
90 96
32 51
30 86
78 92
42 50
21 25
15 18
22 56
5 7
12 18
18 85
22 60
6 47
83 97
42 52
25 64
41 56
5 10
23 65
53 59
46 72
22 65
13 66
19 68
51 91
11 76
84 93
26 41
6 68
36 76
5 72
11 46
29 63
11 30
10 41
16 78
2 93
73 92
5 73
40 99
7 20
26 69
14 89
58 67
6 93
12 37
34 55
27 70
12 71
48 98
32 34
43 77
10 62
8 18
52 57
9 65
43 98
22 24
9 85
2 85
10 72
9 39
55 81
22 91
34 55
46 97
28 83
25 57
26 34
81 83
42 97
72 95
55 77
46 59
60 72
2 19
28 79
2 46
53 66
48 54
31 86
50 59
52 54
23 61
26 83
0 4
43 87
42 89
29 77
44 69
47 56
9 91
54 66
17 46
28 31
5 63
30 54
25 71
42 51
4 97
18 44
62 87
41 91
25 79
38 68
31 75
28 82
5 70
14 25
76 92
85 95
28 37
30 78
46 88
29 60
31 42
15 23
37 55
17 36
31 47
30 43
64 75
67 77
10 55
16 40
5 91
32 66
37 46
63 68
10 19
73 79
59 96
54 94
8 33
72 82
18 50
14 44
24 92
26 51
6 19
1 83
76 96
6 21
21 99
38 78
46 95
10 33
63 88
6 86
3 82
4 93
52 56
38 82
14 64
74 79
14 85
0 93
20 27
27 73
25 59
0 49
1 57
12 69
51 78
16 22
5 23
22 27
60 85
9 90
73 77
20 65
17 51
78 83
55 95
57 72
7 99
48 78
70 75
41 70
45 68
3 13
53 86
17 74
21 91
25 28
46 96
13 18
3 87
15 63
42 84
58 74
11 77
61 83
47 78
50 90
0 26
1 60
72 81
3 85
47 58
48 68
13 26
7 75
22 47
62 91
39 56
1 79
18 69
81 92
10 64
67 84
59 96
4 46
14 57
59 84
38 84
0 65
24 72
58 87
0 92
30 59
11 75
64 89
14 98
30 70
16 24
32 56
9 43
27 28
6 26
42 49
6 57
52 96
15 82
31 90
11 18
54 88
41 64
19 31
17 54
4 21
77 91
63 73
74 96
43 75
36 42
50 62
5 21
8 55
49 62
67 71
29 74
28 96
47 70
32 65
69 72
11 49
97 99
54 55
74 97
54 64
42 53
13 22
35 58
23 76
47 81
42 49
23 86
67 85
25 44
18 63
18 74
32 72
0 54
42 96
40 68
30 61
3 94
11 16
82 96
24 83
33 86
50 82
2 3
47 97
49 92
11 52
48 52
20 66
1 29
14 18
16 69
7 95
3 23
44 99
49 82
29 53
94 97
9 55
25 64
12 40
34 41
41 97
9 68
82 95
9 36
1 34
14 69
28 35
61 72
54 77
11 21
34 66
25 58
13 91
58 60
35 67
8 77
14 53
69 70
31 59
35 44
49 52
23 67
51 88
27 48
24 76
54 85
18 33
54 61
32 81
74 95
51 93
1 20
1 41
6 37
2 52
57 61
41 50
8 37
10 39
7 80
17 41
62 82
29 82
33 84
88 90
37 44
78 99
5 29
18 98
56 84
25 66
26 89
34 40
22 54
43 64
22 98
5 14
8 62
57 97
5 80
7 79
59 83
78 97
28 59
44 97
54 73
22 25
78 98
36 71
11 66
11 43
1 89
22 71
53 71
14 23
17 45
33 70
33 71
92 99
35 67
10 15
41 66
11 68
17 68
80 91
9 34
46 67
22 88
66 75
2 23
30 87
29 34
40 64
61 87
13 25
31 55
87 99
44 47
66 91
11 74
12 70
1 9
42 65
31 88
33 72
68 87
9 86
69 85
40 85
10 44
14 67
5 23
70 78
38 65
8 61
19 76
45 63
71 76
47 71
22 96
26 36
66 94
12 99
51 52
50 54
47 69
36 49
51 63
28 64
45 60
35 44
18 28
40 67
34 99
81 95
45 64
40 77
65 95
24 85
13 64
24 41
25 95
16 58
11 37
9 20
38 93
35 36
4 77
59 93
23 69
33 50
21 54
78 88
41 65
21 81
45 88
33 78
25 61
53 98
32 65
63 95
10 40
29 80
0 16
70 80
24 78
33 42
79 87
55 97
0 1
29 97
6 52
5 77
20 22
23 74
16 21
27 43
47 75
53 74
22 79
4 29
7 44
18 73
35 63
18 81
47 90
8 48
77 78
52 83
61 66
32 68
10 73
35 85
23 94
10 96
10 20
0 5
2 82
43 85
9 46
59 80
16 85
38 42
30 90
8 16
1 70
47 75
41 58
1 11
0 98
16 57
1 47
75 85
38 66
48 99
7 58
25 49
49 66
27 45
63 72
59 61
36 75
37 78
20 45
47 68
59 73
25 96
47 99
61 69
15 47
28 60
16 97
6 78
8 65
35 95
83 99
26 79
40 62
82 90
3 56
1 17
16 59
22 70
31 71
0 97
40 46
13 54
25 52
68 73
33 55
26 42
30 38
43 95
15 60
53 59
2 37
11 41
26 87
5 20
25 99
63 92
3 41
49 67
65 90
65 70
4 22
17 86
20 74
8 70
1 51
6 73
26 86
22 31
29 31
55 86
45 61
49 83
53 60
45 81
4 73
41 77
26 96
48 79
46 91
42 78
34 42
38 52
74 90
20 92
13 23
31 43
7 70
46 96
51 89
10 49
68 95
23 52
25 97
1 84
85 96
3 96
57 85
18 42
44 98
63 75
31 46
8 76
51 66
48 99
57 74
3 77
44 62
31 80
24 39
4 99
26 98
39 74
41 58
50 74
38 60
31 76
0 77
41 61
37 84
14 74
17 97
22 79
53 88
19 38
15 82
65 84
58 94
26 66
49 89
21 79
32 34
21 86
24 70
3 35
15 67
14 72
23 68
61 99
25 35
0 21
42 53
10 24
92 93
40 47
16 86
20 73
16 18
50 79
12 64
12 47
2 69
33 63
23 88
54 67
20 88
11 45
26 95
71 72
21 41
37 89
16 43
41 62
19 32
11 25
13 16
66 83
13 99
36 68
22 94
79 99
7 60
76 82
10 98
32 39
39 65
24 67
16 90
23 35
13 67
21 51
22 53
71 92
55 71
20 76
28 98
13 19
30 74
55 59
25 79
17 46
24 57
48 82
7 48
1 61
20 32
34 56
58 64
73 87
64 71
26 79
12 61
52 78
1 99
4 92
20 56
49 69
15 99
14 33
43 91
3 16
37 76
39 52
67 69
3 60
24 29
29 79
30 65
6 81
55 56
41 90
28 32
5 74
16 73
1 35
19 96
37 62
33 67
24 42
13 34
23 47
42 96
89 99
8 94
31 34
41 76
39 45
31 38
81 87
27 63
1 12
32 63
64 90
10 94
8 34
63 69
67 76
69 87
11 73
19 64
51 64
3 44
80 83
45 86
29 85
58 81
49 76
30 56
16 56
77 87
12 34
54 93
54 77
38 71
70 90
19 57
42 75
1 82
42 74
77 87
14 28
7 36
52 55
17 62
75 81
9 77
51 88
25 90
63 78
19 50
2 12
39 57
24 32
56 73
3 59
71 95
29 36
49 80
0 19
18 66
58 83
32 62
24 36
15 62
63 76
25 84
13 70
22 57
51 92
25 38
22 92
86 96
30 50
76 79
1 37
51 99
9 69
4 67
64 73
43 69
0 46
11 82
6 22
5 66
44 66
42 57
16 66
71 81
81 93
72 78
25 68
63 84
27 96
10 36
2 13
25 54
18 39
5 67
64 73
37 57
19 45
22 79
89 91
43 77
41 84
48 50
25 86
11 75
37 87
11 72
57 89
3 27
39 53
9 72
58 86
5 34
41 68
30 67
38 72
20 57
42 97
20 93
7 57
35 42
30 43
38 90
57 61
17 61
40 58
68 96
42 93
22 29
58 59
49 99
2 94
21 39
25 46
55 99
87 94
20 96
27 63
14 86
34 63
29 36
74 99
30 41
11 67
15 58
0 64
44 70
2 69
82 94
39 86
14 29
61 78
22 45
29 52
85 88
6 27
41 45
0 14
22 43
65 75
7 27
10 71
12 58
4 87
6 46
79 98
44 63
2 79
55 59
44 48
36 47
36 47
3 98
33 69
36 58
9 38
26 45
81 86
8 52
67 74
25 58
17 39
15 74
53 92
3 30
9 81
63 87
51 69
4 8
6 92
42 60
64 91
5 6
28 42
1 43
28 78
52 60
74 88
60 65
56 92
71 97
11 64
47 91
44 68
3 64
84 94
4 64
54 71
13 78
50 69
6 81
14 84
43 74
55 56
0 81
18 77
8 24
23 62
54 87
76 97
39 71
3 69
4 74
49 94
59 86
54 73
15 94
7 75
35 83
53 58
52 67
19 29
31 75
2 67
28 87
26 92
45 98
72 84
14 77
51 72
11 15
9 54
14 39
25 49
10 44
40 72
51 80
48 86
2 11
26 80
63 73
19 33
80 92
6 94
65 81
74 75
18 55
65 87
38 63
7 25
41 98
18 72
15 51
39 51
17 25
48 93
82 91
6 31
80 97
34 72
6 48
12 32
22 34
31 51
29 79
23 37
28 72
2 10
17 94
50 57
29 55
62 63
37 93
38 46
26 71
9 50
17 81
10 91
40 71
59 77
28 33
7 22
0 20
27 74
24 91
69 94
8 11
65 85
2 80
52 98
15 40
26 64
32 43
54 84
7 43
15 33
7 73
13 76
77 88
15 24
9 13
2 31
91 97
7 90
15 66
53 66
34 44
27 39
58 66
52 81
5 84
22 85
28 36
0 48
38 73
15 65
1 55
15 20
16 55
70 73
11 69
44 66
38 49
11 87
79 95
9 89
62 68
45 46
51 61
66 78
28 79
4 7
43 50
46 97
90 97
69 89
23 81
6 80
49 80
45 61
5 14
29 93
6 15
47 48
16 47
63 83
17 63
37 48
38 58
26 56
14 46
62 97
22 44
1 56
11 92
30 75
57 60
58 90
7 34
65 76
45 88
23 29
34 60
4 58
92 97
31 69
50 53
82 99
36 85
15 45
3 29
57 88
59 60
51 85
8 52
30 70
13 90
37 65
17 62
2 17
43 83
39 94
7 62
43 82
63 82
26 43
16 71
33 42
50 84
24 55
28 65
36 45
13 39
62 64
39 46
30 45
50 91
32 96
20 81
39 68
15 76
12 14
8 42
51 54
33 91
32 76
8 75
31 48
53 79
72 82
47 58
37 56
31 33
51 74
8 99
11 95
29 90
25 62
13 31
42 79
39 81
80 88
29 55
33 47
17 85
31 96
29 60
8 63
57 75
52 57
36 55
24 46
1 94
28 50
65 96
13 92
62 65
31 56
69 90
2 74
0 45
1 77
71 80
47 67
17 66
24 50
9 79
67 89
34 75
47 66
83 96
52 92
37 45
19 25
70 71
40 76
22 54
11 60
21 67
2 51
8 86
6 83
12 18
20 60
6 55
64 71
4 97
42 46
34 89
50 53
38 78
72 91
64 66
50 56
17 97
29 81
52 55
89 95
60 87
56 64
15 85
35 75
16 35
20 78
16 32
18 95
15 88
8 86
82 89
5 47
37 62
2 34
13 85
21 57
0 73
39 59
55 65
3 53
21 88
40 62
2 7
76 88
8 57
5 59
59 90
14 18
43 63
15 97
80 88
15 72
39 91
48 87
4 61
19 46
0 69
8 31
14 30
5 25
87 88
31 83
5 56
41 56
60 62
1 64
3 74
32 60
35 84
50 63
39 85
52 57
38 55
10 97
13 64
13 20
12 34
11 76
60 82
56 76
68 94
27 95
69 77
30 35
33 73
23 84
51 52
23 53
9 22
12 83
37 97
26 72
27 89
79 85
14 46
35 63
86 91
3 9
56 61
7 12
0 11
40 83
52 69
10 38
3 68
25 30
19 87
78 80
52 93
79 91
42 54
44 75
84 97
75 80
12 74
51 53
23 25
50 85
6 51
78 84
15 95
42 44
60 99
13 27
39 49
37 62
6 20
26 82
5 77
19 25
54 60
23 46
96 97
72 79
35 57
27 49
63 92
33 85
12 33
7 11
68 69
32 36
9 66
19 22
17 86
11 60
47 57
65 98
18 82
6 36
0 83
49 82
17 75
34 55
52 75
42 75
