0 1
0 2
1 3
2 4
0 5
2 6
4 7
3 8
8 9
5 10
5 11
5 12
6 13
12 14
9 15
4 16
16 17
5 18
17 19
19 20
3 21
20 22
3 23
0 24
4 25
5 26
24 27
2 28
0 29
22 30
28 31
3 32
8 33
27 34
19 35
30 36
19 37
34 38
17 39
29 40
12 41
17 42
18 43
34 44
1 45
34 46
40 47
41 48
26 49
19 50
27 51
0 52
4 53
6 54
14 55
33 56
8 57
32 58
5 59
48 60
35 61
51 62
52 63
15 64
18 65
41 66
43 67
56 68
9 69
49 70
51 71
35 72
4 73
38 74
63 75
63 76
6 77
23 78
7 79
53 80
54 81
7 82
58 83
39 84
55 85
9 86
60 87
85 88
59 89
13 90
73 91
35 92
78 93
11 94
63 95
65 96
8 97
13 98
94 99
34 100
9 101
83 102
52 103
73 104
8 105
74 106
89 107
35 108
18 109
8 110
44 111
2 112
58 113
97 114
43 115
12 116
52 117
67 118
66 119
117 120
70 121
1 122
111 123
110 124
113 125
8 126
58 127
92 128
111 129
126 130
51 131
92 132
95 133
4 134
63 135
72 136
127 137
83 138
99 139
93 140
20 141
102 142
134 143
125 144
125 145
93 146
39 147
80 148
70 149
14 54
26 93
4 66
6 92
23 66
39 130
111 125
60 86
21 47
6 115
29 46
7 118
34 53
56 80
0 15
3 29
41 136
78 120
39 54
66 79
16 41
2 54
89 108
0 46
43 59
0 144
54 81
72 129
91 96
46 133
25 60
1 111
7 130
93 116
82 106
77 123
49 108
81 85
129 146
34 148
40 138
124 131
81 99
16 126
7 114
1 80
100 148
73 96
108 122
3 115
52 125
9 68
44 71
78 117
71 82
40 52
57 110
111 138
114 139
34 127
97 131
26 84
120 127
25 54
55 101
61 131
8 29
3 16
44 59
59 148
66 87
2 44
46 62
85 136
37 93
83 111
4 32
73 84
17 93
14 56
46 51
105 121
51 98
46 107
16 79
15 44
71 105
21 76
61 100
1 65
38 107
15 53
74 77
52 146
17 131
31 54
25 26
5 61
91 131
19 34
40 63
42 126
32 41
54 83
41 51
21 144
1 120
3 148
72 148
17 123
31 67
60 149
72 85
102 131
75 149
3 18
68 143
60 92
86 106
107 143
8 135
102 125
128 147
29 139
44 126
9 67
41 103
109 141
102 116
114 129
23 106
2 131
95 96
13 137
35 52
14 39
1 123
42 139
113 140
123 134
44 91
17 63
8 120
90 139
47 60
7 80
39 50
46 109
13 25
63 77
40 90
45 130
75 123
26 39
2 59
66 146
86 88
92 100
26 75
98 120
7 95
41 132
28 111
99 124
5 72
10 60
39 103
2 118
5 136
39 122
46 137
6 100
60 148
6 98
12 123
37 90
0 14
115 138
92 111
92 95
58 79
48 56
25 91
65 112
90 135
135 149
6 79
78 89
3 52
19 124
3 15
86 93
67 69
31 88
41 52
48 117
60 66
44 117
86 133
117 127
123 135
81 127
38 94
24 93
5 134
20 50
67 69
94 140
6 19
69 130
81 137
8 138
25 108
20 113
63 73
79 104
115 139
37 92
24 115
23 24
53 114
15 147
11 14
93 99
123 141
108 133
81 84
15 34
19 30
96 138
106 116
59 98
0 7
109 131
32 105
30 73
71 123
25 82
41 100
83 140
45 86
4 84
105 149
136 148
18 83
0 106
89 92
32 111
17 109
66 135
44 112
87 102
34 107
70 108
71 81
10 47
39 88
12 137
34 128
97 128
92 106
48 134
65 113
57 118
135 141
62 120
76 129
119 127
113 129
20 131
0 110
115 132
79 103
68 108
81 133
5 102
82 119
58 69
71 108
36 74
6 77
73 101
83 147
79 89
27 94
19 46
97 139
46 104
88 102
49 145
63 67
53 126
8 113
1 125
41 133
75 76
33 138
29 149
10 17
4 19
48 69
22 119
16 37
12 38
146 147
54 76
59 121
94 141
109 123
80 123
42 91
11 116
113 137
57 143
90 110
24 86
5 68
19 128
28 71
38 104
33 67
68 138
35 71
58 126
53 105
17 28
99 123
2 7
82 93
15 28
111 147
26 104
40 108
11 61
52 97
136 137
71 72
46 55
55 146
91 96
38 78
72 118
53 91
103 134
23 104
11 41
53 111
38 87
87 99
3 44
0 90
6 146
61 68
67 132
89 117
72 124
23 92
24 91
6 127
67 91
31 36
38 141
54 78
7 36
51 141
7 54
81 124
76 144
71 116
131 142
103 111
47 123
106 120
6 59
48 109
23 33
29 69
71 99
80 103
68 145
33 56
112 149
22 45
41 94
105 149
27 137
18 81
74 104
57 120
52 76
33 74
79 149
11 41
33 122
15 129
31 44
47 69
13 43
71 98
83 148
18 99
7 14
3 72
95 107
54 146
15 137
18 32
33 131
5 127
4 125
52 126
17 31
87 127
63 110
49 111
38 80
89 129
17 117
85 135
3 129
83 103
57 84
120 121
37 78
40 110
44 148
49 112
61 130
25 118
94 106
63 144
45 92
76 124
106 132
19 44
40 62
20 142
119 125
7 48
75 88
24 131
26 101
43 74
91 135
57 97
88 143
36 139
87 118
5 22
85 111
8 99
74 116
125 130
25 76
110 147
31 47
23 72
64 73
60 82
29 83
13 135
31 68
118 124
52 54
16 105
96 117
14 77
10 71
97 110
42 110
98 135
56 123
62 122
68 140
35 68
20 52
54 70
28 90
34 58
66 74
20 61
39 55
2 139
92 96
88 123
17 44
14 44
41 125
81 116
59 103
73 105
84 141
47 146
104 132
22 142
34 37
15 67
60 122
94 128
86 101
2 78
8 53
131 136
6 130
42 47
18 129
9 83
1 67
96 110
115 130
54 75
12 104
60 101
94 148
7 89
76 77
97 124
17 144
66 86
5 109
26 116
9 95
127 148
80 121
94 143
47 80
48 76
74 84
48 99
100 119
2 118
87 139
35 144
5 114
65 85
13 75
12 33
38 119
59 97
71 136
51 141
14 111
17 149
1 88
22 28
117 121
63 95
14 16
16 40
4 64
43 142
85 89
23 123
9 52
55 99
17 35
43 145
31 145
3 19
39 55
79 121
109 114
18 146
36 47
59 82
30 104
37 65
23 36
106 138
8 117
72 82
14 143
68 81
105 136
10 66
27 45
90 108
22 54
11 92
13 38
59 99
13 16
5 25
71 148
74 85
53 121
14 45
73 102
9 10
47 49
33 64
2 105
33 134
50 67
36 64
1 52
90 124
8 55
46 132
109 126
41 49
6 11
6 47
117 123
61 109
73 136
31 59
71 134
108 144
4 82
91 132
65 102
37 45
7 73
129 144
130 136
6 128
70 130
66 114
26 108
19 116
31 138
59 126
111 129
63 138
15 57
121 138
79 98
34 59
54 98
88 93
45 72
9 65
0 63
24 149
75 105
41 64
30 106
7 94
16 49
71 114
15 104
55 137
32 116
2 42
90 119
62 89
104 119
48 101
57 79
45 57
27 114
57 74
122 146
34 110
27 96
32 142
12 42
45 122
88 112
48 70
104 133
42 97
133 139
52 70
131 147
19 131
12 46
91 138
19 99
35 129
16 53
14 70
17 75
102 109
0 92
67 139
16 104
15 129
110 122
14 98
46 54
123 147
34 78
39 55
36 41
74 131
15 47
6 31
34 129
41 115
3 130
88 124
21 45
43 75
37 66
71 129
7 47
39 98
21 130
2 8
22 49
8 26
20 93
31 105
102 107
3 82
81 119
3 45
5 146
88 121
24 141
59 94
5 58
1 95
4 25
64 73
35 38
18 46
50 53
34 106
37 112
46 140
13 125
54 113
29 105
118 136
68 87
40 71
39 99
20 66
10 138
114 117
101 132
4 84
137 139
112 133
34 140
43 112
32 82
41 74
129 136
92 101
118 120
53 129
67 128
52 87
72 134
51 148
9 71
49 80
16 63
29 45
99 101
12 19
98 108
28 122
23 48
7 123
68 83
58 108
7 132
35 120
2 99
47 129
6 82
48 144
89 125
106 148
10 58
29 95
35 126
92 109
16 38
90 114
3 46
67 125
9 103
19 62
24 85
70 78
57 102
56 144
20 25
104 127
31 53
23 66
33 89
1 132
29 78
40 141
43 99
4 23
1 138
91 114
7 38
49 57
20 31
15 75
42 67
17 24
112 128
15 24
94 116
26 138
42 131
53 134
13 124
30 104
81 139
32 108
43 53
48 140
5 113
23 144
6 148
118 129
8 124
64 93
23 44
64 110
50 104
23 71
58 103
51 148
27 117
25 69
11 85
103 133
32 83
33 55
73 120
69 92
78 140
9 115
54 137
50 136
117 130
21 25
113 119
102 139
100 104
24 125
15 133
64 134
48 96
82 88
19 91
83 128
56 58
17 139
32 99
12 61
85 144
36 130
3 61
92 93
74 86
19 23
7 88
88 148
25 74
23 46
27 128
111 115
46 48
71 126
56 119
31 124
93 148
29 121
84 136
87 91
62 144
70 147
81 97
45 61
127 132
40 89
45 70
76 106
105 109
0 18
35 147
0 10
18 126
27 61
63 68
52 89
2 60
117 133
85 134
96 131
55 80
17 121
104 108
51 89
60 104
28 148
15 143
67 106
27 29
32 121
10 55
89 111
8 41
30 86
77 82
53 80
113 122
114 124
131 138
44 87
53 140
95 107
120 135
52 74
24 145
110 125
136 148
4 34
55 111
87 135
17 119
9 45
96 149
35 107
66 79
121 132
100 146
8 76
34 81
8 134
14 113
37 121
112 142
5 142
48 86
38 121
11 47
47 77
9 97
77 125
37 97
114 138
49 89
48 124
16 61
31 109
102 122
87 98
51 84
85 143
5 31
7 92
111 119
35 52
8 42
103 131
14 61
49 101
30 127
52 104
71 86
95 144
29 89
15 102
62 78
18 97
25 120
14 55
41 90
102 146
52 55
17 101
121 135
105 125
0 87
81 103
16 61
95 105
6 118
42 139
58 98
59 113
29 68
31 58
65 132
98 102
46 71
93 149
70 76
63 137
111 138
5 6
71 96
35 112
23 111
0 58
104 110
3 126
8 22
117 140
28 105
0 53
59 63
54 61
70 94
5 92
37 98
29 30
89 134
19 31
69 106
69 91
9 42
64 136
6 28
132 136
73 126
25 51
94 114
31 62
67 116
0 140
35 48
49 145
7 88
18 128
35 84
10 15
28 69
42 74
18 90
37 59
79 115
141 143
7 124
53 94
33 115
63 113
31 124
23 123
20 119
49 90
6 133
57 136
108 119
42 100
93 115
7 61
50 120
41 144
103 116
1 5
137 143
1 121
78 96
128 135
33 77
31 86
10 82
70 96
78 130
60 67
59 92
3 81
16 148
87 101
59 124
33 89
8 10
55 115
39 148
42 98
89 106
102 138
65 127
21 132
70 74
67 141
45 118
14 72
20 49
46 145
28 144
12 67
6 15
40 97
17 108
46 141
16 21
50 61
40 61
23 103
110 130
61 121
27 149
12 57
43 93
30 129
20 34
18 86
71 132
10 133
28 130
52 80
69 95
83 93
58 118
54 82
92 124
17 138
35 54
54 74
87 136
73 100
139 145
55 90
26 34
13 105
37 85
32 35
9 53
22 127
66 123
71 110
18 62
52 57
96 121
61 99
18 47
34 105
81 126
19 82
18 143
26 33
65 74
71 91
28 79
69 102
40 146
20 128
36 73
89 102
10 36
40 148
81 91
27 72
81 130
25 104
34 118
41 95
11 14
11 76
81 104
18 41
1 98
76 83
22 82
0 23
45 60
10 130
86 107
36 88
105 129
14 107
10 144
9 89
32 98
34 144
79 129
26 137
7 96
60 134
53 148
95 101
120 149
54 118
63 136
89 93
116 122
112 116
46 146
6 130
91 108
108 135
30 96
102 104
66 137
25 45
61 73
98 133
82 98
3 71
40 48
82 85
36 132
95 97
1 147
13 61
31 61
36 87
56 88
102 117
27 30
2 83
130 141
37 103
74 125
122 146
93 119
4 31
9 116
61 68
12 29
37 125
125 129
19 149
17 119
11 21
26 113
10 113
73 145
128 142
51 116
56 136
119 146
10 28
76 92
125 135
42 123
28 131
9 80
87 119
111 114
5 29
13 82
58 89
73 133
32 79
6 141
111 116
99 131
33 67
50 77
37 63
7 113
78 103
74 142
74 136
96 131
20 96
26 139
65 82
39 90
101 134
0 86
54 129
72 79
67 148
36 73
41 75
6 36
18 80
138 149
130 132
12 80
36 119
1 79
19 71
56 111
99 138
21 140
9 132
56 78
59 110
61 103
102 114
23 142
29 60
41 114
57 131
101 113
97 119
5 58
62 145
52 58
17 132
26 117
115 121
48 140
28 100
57 61
74 137
16 114
99 142
37 120
18 71
34 40
108 129
124 142
0 143
49 60
14 104
76 135
50 91
28 91
10 114
16 110
68 90
42 86
27 126
53 70
1 116
136 140
67 132
4 54
63 118
54 91
66 75
78 124
90 140
24 137
40 69
9 52
91 106
62 87
49 129
24 81
6 27
24 71
68 141
22 83
12 84
69 148
72 92
4 42
83 101
4 33
65 98
8 124
67 103
28 84
20 89
23 27
64 132
37 52
69 115
33 87
112 124
57 145
80 131
75 127
43 123
68 125
91 112
23 93
94 96
82 101
54 105
57 92
57 63
52 79
139 142
26 52
86 95
0 55
6 38
58 133
1 71
35 93
61 67
112 117
27 82
9 129
67 76
12 143
51 86
113 133
91 113
17 37
79 133
37 111
85 101
51 128
84 107
13 51
39 53
66 79
29 102
64 125
51 60
24 144
85 99
15 109
87 128
12 23
12 74
105 126
42 87
31 80
11 55
7 49
30 122
90 133
9 33
8 56
67 116
72 137
118 144
4 70
66 91
28 142
52 106
26 74
7 66
24 115
78 137
56 102
23 146
6 139
94 103
48 94
18 142
0 12
70 72
37 106
35 110
50 125
50 108
21 138
16 149
57 76
18 125
33 115
106 130
25 118
135 147
32 126
1 70
9 126
51 103
109 118
55 110
42 57
115 135
2 33
51 123
29 112
11 101
94 138
122 132
34 60
50 118
72 90
27 32
31 113
72 89
40 49
44 65
64 83
71 75
85 94
92 115
27 35
92 117
13 49
4 82
92 99
28 38
32 137
49 58
33 136
37 74
55 146
126 149
58 60
123 148
77 135
48 131
76 82
2 36
10 28
108 109
22 141
55 71
40 140
8 27
46 87
78 105
1 50
73 125
137 148
47 147
12 23
79 127
57 75
5 54
63 128
55 86
83 100
72 99
108 145
8 96
91 125
64 146
31 87
41 110
69 149
68 88
41 138
14 44
16 74
40 81
67 126
106 124
131 135
37 110
98 127
87 98
30 142
5 85
30 54
22 106
11 110
36 59
78 104
39 54
16 108
54 141
129 141
36 126
33 35
16 115
39 84
31 129
6 69
90 121
126 133
61 120
7 41
14 84
58 146
16 22
33 129
27 121
55 106
33 37
4 119
60 140
34 72
90 149
91 142
92 147
19 39
27 101
41 58
93 130
40 117
38 61
50 109
106 118
54 122
67 108
84 142
24 96
0 65
49 100
42 54
140 142
21 29
26 32
49 106
22 102
22 37
84 119
15 94
76 123
4 127
18 106
36 81
46 103
66 91
24 134
139 146
55 129
69 86
70 101
19 46
88 104
19 137
6 138
61 91
112 123
40 102
25 69
56 74
3 42
9 111
110 116
69 100
62 84
96 117
63 137
60 65
35 124
67 95
24 65
13 107
84 122
121 144
10 33
85 87
66 75
12 83
91 146
137 138
13 20
87 114
61 71
103 145
119 147
21 96
7 18
15 30
99 148
65 133
90 125
103 146
61 95
92 127
49 120
17 112
16 106
9 18
68 121
21 79
50 147
15 76
6 74
64 122
24 111
17 57
14 105
3 143
84 101
52 84
90 117
17 23
78 144
29 134
7 107
33 97
81 134
41 96
71 141
16 65
57 132
5 42
13 50
3 134
27 52
76 99
89 96
6 10
78 145
46 119
69 108
40 112
100 137
19 29
39 81
117 123
54 75
104 123
14 136
128 140
79 107
39 94
99 144
120 142
10 14
100 124
4 110
62 108
23 62
54 96
14 110
16 32
39 135
43 129
19 85
87 97
108 144
69 76
71 88
60 114
23 65
29 52
89 143
12 21
7 130
119 123
19 52
41 110
2 146
116 139
130 134
33 71
24 67
30 116
35 76
85 132
57 73
108 143
0 40
28 125
25 65
8 33
53 145
118 143
9 106
8 143
77 85
15 108
2 124
11 138
26 71
1 49
11 46
110 112
11 97
5 58
3 37
30 52
14 100
7 111
11 142
114 141
77 110
84 138
56 79
116 145
27 95
99 103
33 112
61 149
37 60
14 43
45 132
103 114
13 105
49 119
48 111
16 33
15 36
52 67
98 109
3 67
51 114
106 147
59 136
4 29
59 102
78 123
60 119
78 111
37 140
83 92
73 92
13 138
49 141
33 114
53 139
5 82
62 72
12 43
96 133
54 144
14 98
29 40
74 135
94 114
116 144
10 122
107 136
116 143
70 98
35 102
64 75
19 140
121 127
124 129
30 101
68 78
10 77
8 140
78 91
78 136
94 125
1 22
139 148
74 135
114 116
37 74
77 81
109 111
9 89
18 144
65 131
8 139
64 133
8 147
47 101
19 62
40 139
80 127
36 68
47 97
113 147
55 66
70 112
65 84
0 82
37 138
29 43
113 117
69 125
105 138
28 43
63 72
133 142
45 71
73 142
21 131
42 87
98 118
7 20
46 81
10 54
21 29
20 121
32 63
15 92
105 111
49 121
59 79
42 115
73 148
88 105
34 102
15 52
15 124
142 149
60 143
42 132
61 81
7 81
2 35
64 96
67 88
1 43
110 142
14 89
65 124
106 126
24 98
107 109
1 147
43 124
7 85
115 141
41 127
11 113
38 44
106 114
40 68
75 120
71 111
3 23
63 93
102 128
111 118
97 140
59 100
1 96
41 118
47 134
5 14
0 84
17 113
134 146
31 145
88 130
81 101
18 54
58 136
0 31
29 40
4 61
40 86
13 63
89 102
58 134
57 137
107 131
102 124
59 128
77 132
6 93
99 128
65 139
3 106
122 136
29 81
72 96
121 129
46 60
55 127
66 117
32 59
86 141
81 145
85 142
71 97
61 146
124 127
83 90
8 90
59 130
24 129
55 56
59 140
60 115
33 57
1 26
52 85
49 65
31 37
51 57
89 127
15 23
7 24
70 93
76 112
74 108
18 131
9 95
75 137
45 119
26 92
29 137
40 64
125 146
40 51
57 129
25 98
23 61
11 112
67 97
70 89
44 130
108 126
119 121
21 134
2 126
16 20
77 129
10 100
5 148
4 50
56 109
42 105
2 24
88 137
96 114
88 102
35 142
18 87
18 119
3 79
2 148
74 93
7 54
42 133
58 125
24 70
10 104
4 73
19 47
108 127
11 33
122 139
85 108
29 119
33 101
86 88
82 128
80 116
23 128
34 148
81 113
18 108
32 47
81 136
7 62
19 58
33 50
3 18
15 43
24 84
5 99
5 131
46 107
84 100
77 142
28 128
34 131
77 117
106 124
7 73
69 125
36 99
26 121
0 42
66 81
137 149
17 24
70 90
20 84
65 88
132 142
87 146
24 25
52 94
92 109
7 46
23 55
14 111
109 147
77 84
144 148
50 78
19 46
0 91
6 21
16 96
51 59
61 82
101 146
67 94
24 68
18 68
7 112
23 69
19 96
25 130
99 141
7 147
92 114
56 97
8 141
33 135
27 58
44 68
15 33
19 119
9 13
9 58
13 31
5 6
119 121
21 125
76 115
30 48
123 132
10 105
107 140
30 65
56 134
97 106
58 70
15 78
27 37
78 112
64 90
57 128
7 140
30 92
26 78
38 116
94 144
77 143
58 135
13 87
116 140
55 92
97 116
12 18
31 75
39 88
61 74
102 143
22 79
69 110
45 67
36 37
30 79
28 88
115 133
7 21
76 109
72 130
64 71
65 146
8 46
45 69
54 66
53 125
11 87
115 117
113 136
16 66
18 121
23 145
108 123
95 118
67 149
122 132
100 110
61 75
63 133
16 18
26 41
103 137
63 85
3 5
10 18
77 80
46 90
42 146
16 18
45 90
81 132
63 68
46 149
27 74
124 144
32 120
33 86
36 75
15 25
88 122
6 26
68 117
56 112
14 51
26 119
71 107
64 85
57 80
27 70
79 110
44 53
11 30
37 131
90 139
37 118
15 148
31 48
12 103
81 144
49 113
111 123
75 122
95 112
80 139
63 147
19 87
61 113
47 94
0 48
114 137
61 78
70 122
48 123
25 131
81 107
117 145
30 121
0 37
43 67
92 94
48 98
25 35
94 127
99 141
50 123
78 91
19 31
33 53
49 54
71 149
37 48
16 39
93 145
9 43
43 73
10 148
31 33
27 111
98 128
58 73
113 148
49 103
32 107
20 43
28 75
25 95
37 49
138 144
10 65
6 105
24 49
78 106
20 149
65 68
11 68
36 50
17 53
34 146
7 134
44 131
59 125
110 148
37 50
35 86
42 52
18 124
63 65
37 56
28 80
65 107
28 85
63 115
65 78
38 45
115 120
93 128
16 105
82 112
70 83
72 82
67 108
69 109
100 102
32 56
44 113
10 93
98 137
33 83
9 16
31 148
39 41
14 45
84 86
102 148
2 105
97 100
31 61
24 96
124 140
20 27
48 87
91 93
97 108
115 137
78 147
73 117
118 127
70 148
114 116
43 130
136 139
58 132
13 93
61 104
8 115
126 147
68 149
23 45
97 135
79 138
14 74
29 40
35 144
23 125
27 32
70 78
39 97
63 103
11 99
56 142
15 127
79 90
106 125
87 111
70 143
22 149
43 103
85 87
2 133
87 126
93 125
112 125
39 144
10 92
7 23
12 102
45 52
9 119
40 92
117 139
108 114
24 34
53 145
3 30
16 63
78 90
76 141
25 143
52 55
37 127
78 79
9 57
3 142
72 121
24 119
79 137
51 102
79 143
27 75
4 68
2 52
120 148
3 137
20 56
1 17
18 39
17 105
33 78
34 83
66 105
0 38
19 143
32 40
54 75
9 82
19 146
123 147
93 133
113 124
80 139
125 145
23 34
119 142
64 135
38 105
54 103
24 35
116 134
4 137
62 103
93 94
21 36
22 110
13 99
84 148
24 52
110 138
24 76
140 143
89 93
65 84
13 57
40 78
37 140
2 104
28 41
47 68
65 134
90 91
63 127
54 145
50 95
121 134
55 88
49 72
55 90
99 149
12 16
115 134
19 143
119 128
49 78
53 81
89 112
1 98
113 146
9 145
12 82
69 76
46 110
2 32
8 142
21 145
66 96
19 55
59 107
23 80
45 118
129 132
30 37
57 59
71 141
78 100
8 74
35 100
73 128
45 112
74 91
49 79
72 132
6 137
70 122
36 59
114 122
108 112
28 81
148 149
22 139
31 77
22 28
112 126
48 55
61 64
27 148
71 75
54 127
93 96
23 84
10 66
57 119
86 120
22 74
65 70
71 118
53 57
36 145
38 86
9 119
101 125
84 145
130 149
28 108
66 67
102 118
23 98
70 117
0 38
62 95
17 82
78 113
42 141
89 107
10 144
106 137
32 51
117 143
84 105
20 83
100 119
49 149
19 73
72 141
38 69
12 142
56 113
8 107
35 49
70 116
26 75
38 109
1 9
29 90
22 62
130 148
64 72
56 91
8 38
6 61
90 113
4 148
71 130
62 91
79 100
62 69
19 94
13 54
0 111
2 107
29 48
20 68
60 103
1 136
60 105
20 57
10 60
68 95
2 9
49 90
125 145
31 137
10 122
35 69
16 22
63 72
40 90
5 123
2 24
37 110
30 61
1 23
75 136
46 58
20 101
118 119
84 120
92 130
123 132
65 111
50 135
65 106
32 42
69 118
32 118
25 86
41 112
20 37
3 86
1 70
74 143
127 138
10 45
38 144
97 109
85 147
67 123
53 122
105 133
66 104
68 135
44 58
16 37
85 124
64 123
131 149
85 86
112 147
115 144
49 66
25 145
64 76
37 115
89 142
39 85
68 105
58 102
69 93
84 143
77 81
53 141
72 146
92 138
76 88
106 131
42 72
16 92
63 120
17 93
36 47
84 127
37 119
31 143
40 144
19 76
49 77
5 119
16 34
45 117
36 132
30 75
64 87
9 92
124 127
119 130
40 123
59 143
32 111
69 72
32 39
12 79
116 136
41 78
27 99
82 137
121 139
60 148
102 134
18 141
4 58
112 144
79 99
129 148
0 126
135 140
31 106
65 108
113 138
28 54
30 72
51 139
5 15
11 60
1 27
30 62
62 149
24 30
105 112
88 145
14 67
84 138
56 96
24 54
48 112
7 144
63 92
57 117
36 116
94 113
18 129
83 90
24 134
55 78
30 93
6 18
111 122
90 99
70 115
43 49
21 149
51 134
68 110
9 30
4 117
16 74
56 111
21 87
53 83
116 119
59 81
25 46
19 43
69 71
6 9
9 110
57 78
7 19
41 65
26 133
48 78
23 38
85 127
13 85
68 71
14 96
70 113
79 139
46 105
21 43
22 130
86 130
49 59
41 145
15 20
46 87
103 133
95 141
82 83
103 121
6 108
110 124
12 107
60 96
79 144
25 110
83 128
46 100
33 73
2 36
122 125
25 139
49 104
1 118
111 131
15 74
27 40
16 64
87 93
19 117
69 81
2 140
75 104
29 100
18 117
91 126
26 66
107 138
47 68
98 127
32 101
69 85
88 126
42 104
72 114
26 40
127 143
54 98
21 68
8 57
60 79
68 142
91 134
82 131
74 139
23 138
31 40
30 47
71 133
55 88
29 90
45 93
9 131
109 128
11 33
63 93
0 148
96 119
57 85
36 117
83 127
34 92
57 124
13 37
80 110
93 105
28 126
58 116
34 127
37 93
12 50
55 79
6 71
54 135
46 60
66 70
35 95
93 116
47 93
43 141
25 107
52 116
53 144
125 141
49 96
97 132
27 103
102 140
19 90
27 118
43 58
90 92
52 131
43 68
4 71
23 47
50 109
23 77
9 12
28 33
81 99
79 140
51 136
45 85
35 41
20 107
20 101
6 113
132 133
13 128
1 101
10 117
56 78
106 127
22 64
106 134
23 86
28 32
48 57
72 111
80 118
68 147
65 105
24 116
12 48
91 93
45 121
58 92
36 98
59 133
26 128
8 71
76 148
122 126
52 84
74 138
80 102
32 115
4 116
96 128
57 62
75 119
7 91
76 81
111 136
87 108
18 49
70 96
13 127
59 62
0 30
5 129
14 106
31 78
16 122
14 109
26 45
8 66
98 107
12 122
70 88
22 59
41 146
115 120
84 128
28 50
23 94
8 105
17 125
66 127
28 90
121 123
16 62
91 122
108 138
37 60
4 88
71 115
100 110
26 131
12 136
140 146
6 91
69 128
75 101
66 98
13 123
123 131
91 97
3 85
2 91
32 148
32 61
79 118
12 68
73 106
8 110
48 79
16 53
11 66
20 145
24 74
32 124
54 115
5 99
2 94
61 88
57 119
37 44
4 139
3 28
72 109
82 118
28 45
69 138
44 106
79 85
29 78
2 100
9 125
17 64
41 44
8 111
53 113
82 140
97 101
74 112
43 55
24 142
30 92
93 101
101 145
94 129
3 102
109 118
105 106
67 125
92 127
51 67
58 136
86 116
122 145
25 87
49 114
66 71
12 140
69 102
32 34
144 148
9 46
19 136
27 58
143 147
118 140
61 111
25 130
43 123
30 119
23 73
87 135
19 78
56 117
38 64
49 95
124 135
57 142
29 67
32 42
60 83
71 117
54 123
72 149
28 58
61 141
35 118
77 81
8 69
38 90
0 94
52 78
14 95
1 99
43 76
22 77
37 68
37 49
28 48
59 73
96 130
18 94
77 88
16 60
12 24
14 115
18 53
68 100
31 95
24 50
105 110
73 119
7 127
75 148
36 101
4 7
42 52
132 144
5 19
116 129
76 101
50 114
78 134
18 53
78 97
79 104
55 129
75 140
97 99
130 147
29 107
35 106
8 59
23 114
77 105
118 129
119 137
89 94
131 142
32 134
7 111
11 133
41 53
21 116
58 72
63 66
87 128
80 95
74 92
8 133
102 144
13 70
52 139
3 57
49 140
25 138
17 97
39 81
24 105
51 80
12 149
52 72
32 141
32 145
50 144
55 145
43 128
65 138
2 129
48 62
50 76
73 116
45 64
56 147
60 131
12 18
48 132
47 61
19 26
49 134
12 131
7 77
125 140
56 79
137 143
17 70
16 90
32 41
92 105
95 137
60 68
70 73
47 77
63 118
6 99
72 112
38 73
6 34
18 82
3 98
39 147
53 118
87 115
51 69
84 119
47 55
12 47
27 35
25 129
4 36
104 122
23 70
74 134
120 144
32 128
54 94
117 118
95 98
56 62
81 93
85 102
95 99
75 147
97 118
48 124
77 87
39 45
31 120
97 112
11 18
15 44
37 87
8 54
25 129
45 136
23 85
63 85
0 115
33 147
73 124
55 57
31 39
28 115
46 141
27 119
2 127
40 131
71 138
46 63
16 64
46 93
27 55
107 135
65 73
103 112
86 104
35 139
45 91
15 103
21 82
49 105
91 105
36 49
8 17
57 96
4 55
21 31
135 142
57 58
109 141
32 91
31 82
30 136
61 94
0 119
53 60
41 107
43 68
27 49
13 82
22 41
72 95
105 123
5 88
40 56
83 110
88 124
32 68
17 126
0 2
73 137
82 95
15 115
86 108
94 136
48 129
19 21
24 106
52 141
8 126
44 104
64 120
83 91
2 125
24 142
16 82
18 130
13 133
45 84
3 131
48 82
60 88
11 90
47 99
