0 1
0 2
1 3
3 4
4 5
0 6
4 7
6 8
3 9
9 10
8 11
5 12
3 13
1 14
10 15
4 16
15 17
12 18
6 19
15 20
14 21
3 22
22 23
5 24
20 25
8 26
25 27
27 28
10 29
11 30
30 31
30 32
3 33
33 34
34 35
12 36
8 37
8 38
3 39
5 40
25 41
38 42
31 43
30 44
14 45
11 46
6 47
47 48
34 49
4 50
5 51
49 52
19 53
4 54
6 55
14 56
55 57
48 58
47 59
24 60
19 61
48 62
28 63
11 64
15 65
9 66
3 67
64 68
6 69
48 70
12 71
11 72
45 73
12 74
69 75
20 76
60 77
7 78
72 79
12 80
52 81
21 82
63 83
6 84
70 85
37 86
5 87
16 88
59 89
85 90
41 91
41 92
76 93
73 94
85 95
26 96
4 97
90 98
86 99
61 100
80 101
15 102
30 103
100 104
58 105
64 106
42 107
101 108
71 109
86 110
87 111
94 112
27 113
27 114
6 115
52 116
107 117
41 118
46 119
16 120
46 121
80 122
96 123
84 124
75 125
33 126
16 127
82 128
61 129
19 130
51 131
58 132
96 133
86 134
20 135
68 136
28 137
119 138
65 139
84 140
47 141
140 142
138 143
109 144
2 145
29 146
145 147
130 148
73 149
78 150
132 151
137 152
57 153
30 154
99 155
66 156
50 157
107 158
106 159
81 160
84 161
109 162
90 163
46 164
128 165
1 166
34 167
14 168
62 169
126 170
147 171
101 172
77 173
136 174
8 175
60 176
150 177
132 178
45 179
123 180
179 181
152 182
54 183
140 184
19 185
135 186
165 187
26 188
157 189
149 190
75 191
69 192
114 193
150 194
92 195
3 196
25 197
45 198
190 199
36 98
24 127
55 72
85 161
25 26
63 84
0 11
153 166
10 149
87 141
61 158
79 132
114 146
1 12
25 175
38 89
115 187
80 124
146 164
99 178
122 198
19 58
52 166
36 197
95 177
30 122
0 154
59 99
69 114
10 27
96 103
9 73
40 103
24 136
55 177
33 95
119 181
16 128
159 180
113 127
52 111
13 124
34 199
18 102
66 197
48 139
16 46
76 185
78 146
139 141
0 117
24 187
38 178
46 78
20 54
127 136
66 96
52 169
167 198
74 181
13 113
162 178
22 101
24 95
0 94
70 89
48 115
125 182
36 189
102 121
188 193
137 166
68 91
45 156
19 117
64 164
21 194
94 116
87 93
33 98
9 40
25 142
36 172
83 145
49 187
103 156
56 145
69 134
51 57
144 156
11 62
27 154
145 197
78 126
20 183
6 139
31 65
66 87
7 43
31 34
8 46
41 65
36 80
68 187
41 52
35 169
105 106
84 148
77 115
118 135
5 96
30 170
10 12
83 149
116 197
110 139
102 134
7 48
73 99
85 145
55 183
106 141
11 89
138 196
124 187
16 90
99 112
120 156
9 75
92 142
51 158
48 195
142 191
32 97
146 198
23 146
64 68
18 138
56 184
10 99
29 68
11 139
76 166
70 191
157 160
24 93
55 86
25 41
111 137
15 167
15 162
106 163
5 140
55 113
108 153
68 131
130 179
96 147
108 128
21 99
59 164
156 164
18 37
3 73
84 131
19 138
46 165
46 142
155 184
102 107
32 54
86 190
14 110
33 151
28 139
59 99
5 113
35 77
51 57
132 169
37 143
90 170
157 190
25 69
13 103
132 179
64 163
29 82
122 130
19 194
52 126
20 73
15 52
106 123
75 81
38 190
145 157
23 96
16 101
28 72
18 22
46 149
41 66
68 87
30 47
97 197
27 156
27 126
54 80
93 170
86 145
187 194
82 141
130 194
134 170
83 132
42 121
116 158
75 150
118 123
67 165
94 180
11 21
123 147
142 171
69 136
59 189
11 49
176 178
28 194
5 75
15 176
18 25
85 156
100 126
0 111
89 195
63 191
24 193
30 176
4 181
46 125
0 104
64 96
30 129
189 197
117 138
70 161
19 192
11 140
63 77
63 159
101 155
29 180
12 187
39 123
79 165
2 53
66 146
138 155
0 59
148 199
128 193
9 185
69 199
15 137
30 158
17 152
188 196
18 189
134 153
37 155
130 136
125 137
106 183
61 149
5 128
71 182
140 141
32 63
10 187
36 99
30 120
118 180
9 142
13 106
6 36
48 154
108 192
70 139
156 197
9 136
145 196
7 33
66 154
65 70
33 140
156 173
184 186
54 89
94 194
120 138
146 190
79 179
16 110
8 132
25 29
85 97
17 28
15 59
42 181
44 117
108 127
54 125
92 103
52 163
12 84
58 163
135 142
163 198
46 85
40 104
174 192
74 89
128 191
132 139
10 23
30 103
12 195
2 125
141 192
89 118
67 89
107 167
75 183
10 37
63 142
11 55
98 180
89 106
138 173
51 83
97 137
113 189
8 75
78 134
14 86
14 163
146 159
125 127
104 179
5 57
34 91
2 59
62 95
84 197
0 81
138 189
56 73
3 60
108 111
160 183
80 120
82 189
180 199
47 143
121 174
13 80
58 140
105 199
83 92
87 162
70 155
157 179
32 36
8 68
63 174
92 171
43 178
159 162
99 193
66 95
41 97
117 143
76 80
10 36
95 184
11 83
111 158
18 154
118 187
65 191
58 146
38 101
40 145
9 62
146 169
21 138
21 121
23 159
103 153
8 165
37 46
31 133
123 154
69 99
52 136
166 189
98 127
171 179
14 92
44 183
76 122
3 99
54 136
9 154
82 152
51 66
13 121
27 79
70 130
25 98
137 178
86 159
70 162
64 184
149 194
118 151
76 94
25 154
63 83
193 196
68 133
54 64
26 198
79 89
78 192
6 129
58 76
1 197
9 10
110 187
14 22
29 118
88 163
81 142
40 50
57 196
71 154
80 105
1 109
124 166
41 99
23 179
14 69
81 85
2 155
34 183
46 101
7 169
10 183
54 124
5 139
25 95
15 148
24 150
14 138
92 120
52 77
114 181
129 193
99 136
15 34
7 116
7 18
78 163
20 39
31 186
108 157
29 39
0 159
138 180
139 174
3 112
32 186
132 157
70 127
81 113
120 145
8 42
52 187
85 121
95 126
160 189
63 75
40 114
65 146
36 140
52 84
98 167
159 178
5 49
30 134
36 95
29 120
40 140
79 180
74 75
17 165
115 142
7 106
32 171
54 183
22 164
168 180
32 181
65 166
147 187
20 141
57 132
18 165
11 97
15 53
171 187
93 119
36 161
53 68
85 185
43 146
41 42
117 149
68 172
0 74
151 165
119 165
13 183
131 174
104 136
129 187
76 105
73 111
72 199
52 118
63 80
18 63
32 42
186 192
60 154
10 159
126 183
1 98
13 120
16 155
47 112
86 106
75 143
91 111
88 141
104 116
12 32
11 183
6 77
61 64
102 118
117 175
11 170
26 115
70 189
72 124
86 165
7 178
20 100
35 143
16 126
138 160
94 169
25 37
112 127
4 88
5 186
70 107
38 69
19 142
5 138
52 69
141 166
156 199
12 68
91 134
42 106
64 156
59 88
48 147
170 196
108 137
59 102
119 198
21 174
38 123
119 152
117 165
59 66
40 146
3 40
56 85
33 57
31 58
48 163
87 181
65 154
97 158
15 25
70 144
129 157
104 121
43 163
80 84
113 184
17 18
25 82
30 77
45 166
18 92
76 149
184 188
85 129
54 172
21 129
57 109
36 141
16 101
27 61
64 146
47 71
19 179
91 155
72 142
55 164
17 44
22 68
8 119
102 165
56 138
107 122
83 128
46 62
52 121
117 143
31 41
142 187
124 189
94 96
129 144
64 125
45 141
64 190
31 87
2 81
159 186
93 110
65 114
25 122
161 199
111 114
2 24
124 193
109 192
52 131
141 191
92 107
13 92
66 187
13 163
164 171
79 86
123 168
15 78
45 116
24 106
97 108
60 125
25 103
81 144
42 137
71 190
2 4
77 176
18 83
69 103
119 155
15 110
45 64
176 177
44 135
22 194
41 170
95 186
11 175
106 135
47 148
142 165
56 93
35 154
18 127
7 126
4 59
132 182
101 146
111 166
9 108
33 183
68 107
92 166
12 44
20 118
51 72
58 169
31 163
174 180
74 167
37 109
154 187
1 25
56 143
58 81
172 195
42 157
33 143
3 79
2 41
95 104
33 52
76 170
27 98
126 165
40 174
101 128
105 184
6 76
16 121
111 170
120 194
8 91
161 182
32 198
118 119
109 183
59 104
51 160
26 122
56 191
149 176
26 183
31 125
19 193
62 165
47 138
67 96
29 171
47 135
6 172
2 9
194 198
75 176
13 175
23 87
111 155
39 53
3 19
97 112
80 109
59 106
11 46
181 190
56 94
14 133
37 57
166 168
10 124
75 93
136 161
52 112
3 159
30 72
38 109
78 128
32 166
82 141
156 171
20 59
118 189
30 184
52 113
6 13
61 149
70 89
15 181
37 75
179 191
58 135
88 166
168 188
44 176
55 128
81 86
179 188
15 185
66 178
143 144
71 90
79 111
50 139
4 179
112 115
57 161
116 133
50 168
13 104
71 176
10 54
15 164
48 160
28 121
1 151
5 92
21 45
107 114
40 109
141 187
87 174
114 194
8 93
144 177
4 136
35 165
15 89
67 174
4 136
46 55
53 55
78 152
2 75
141 180
49 162
92 114
71 185
13 175
40 115
150 165
53 183
82 141
104 145
50 171
58 103
1 177
69 146
117 123
100 125
11 95
23 124
123 174
147 181
88 116
114 115
80 157
112 137
26 131
122 127
150 160
64 86
112 119
25 128
129 188
12 175
96 138
157 184
91 153
105 165
54 174
62 79
41 153
3 71
103 104
17 52
12 90
14 176
9 134
129 151
38 43
98 126
33 157
128 169
13 28
126 186
38 79
28 136
94 193
73 190
11 130
59 90
133 156
99 111
93 135
129 155
128 194
41 194
109 198
98 115
81 132
66 133
38 143
31 171
78 130
108 141
105 149
27 199
124 159
60 198
14 127
7 93
118 193
36 173
95 129
100 122
83 153
191 196
25 55
29 147
138 141
43 115
52 159
81 108
79 106
51 85
116 120
20 60
79 152
68 182
145 172
68 84
43 136
90 132
99 103
115 135
18 72
8 22
157 166
62 168
67 161
115 139
151 161
62 84
30 171
66 82
20 73
45 69
23 112
165 181
88 100
90 178
46 183
32 174
1 112
15 59
170 172
100 169
95 197
57 137
31 151
44 65
34 109
49 85
46 94
28 47
55 156
12 39
62 189
107 187
55 166
107 141
15 188
5 127
38 126
97 113
43 78
172 174
6 188
1 99
165 172
29 192
157 182
144 154
126 158
51 195
0 182
161 183
73 138
44 151
6 156
23 76
39 88
85 197
48 170
42 43
146 197
10 104
94 156
74 127
6 96
146 196
129 152
184 198
8 161
15 136
81 179
123 171
33 123
90 186
58 63
68 95
41 122
108 188
56 144
34 199
78 86
108 152
77 166
104 106
71 168
55 196
12 96
9 26
71 98
64 157
24 158
65 131
54 160
119 141
13 146
114 191
113 147
30 61
60 84
94 95
74 174
4 77
28 174
0 195
140 154
143 190
79 167
14 171
107 182
14 61
84 179
143 196
92 199
41 187
104 126
25 61
69 154
63 153
41 152
49 177
48 178
110 154
41 116
22 32
116 185
20 84
73 99
45 155
108 182
0 41
154 173
74 123
40 186
134 146
76 188
185 193
124 136
44 109
6 196
116 176
61 96
121 179
19 35
113 165
146 155
2 141
22 92
108 152
47 195
112 117
4 45
36 169
132 145
143 179
124 139
81 177
92 159
17 96
53 126
18 190
133 163
60 89
30 151
80 114
86 135
6 83
27 134
56 91
99 146
87 113
17 194
43 49
13 14
5 27
115 149
72 76
21 183
88 121
27 77
43 180
4 164
57 93
33 136
71 97
1 24
10 141
77 165
73 103
10 132
7 152
35 125
1 48
13 161
177 186
82 119
29 134
110 159
34 172
103 129
81 101
12 198
2 13
113 155
53 129
120 123
34 144
7 83
67 80
98 182
47 109
45 100
123 162
44 175
10 124
39 183
148 197
121 184
107 115
110 160
34 122
51 60
159 194
102 134
3 85
78 92
97 126
74 137
55 71
142 151
49 143
100 124
75 123
42 128
13 96
107 143
65 78
130 182
64 158
90 170
96 184
59 105
93 154
0 151
134 146
74 121
42 113
75 135
114 125
22 88
74 101
2 145
38 87
176 198
116 180
36 144
133 185
47 85
33 198
158 160
30 69
149 167
123 198
154 157
78 152
98 173
38 192
140 153
97 170
32 115
127 158
138 169
56 189
71 95
3 110
41 144
74 180
5 196
70 121
68 170
128 169
131 170
99 183
69 182
133 194
24 66
151 154
20 192
45 106
69 112
14 167
137 145
62 174
71 95
94 152
95 122
64 108
167 193
71 120
46 118
7 120
37 134
15 145
12 33
39 166
138 176
38 86
87 147
44 120
137 151
36 117
45 196
0 141
67 124
19 113
51 61
18 71
44 131
85 179
31 141
179 182
24 120
88 190
131 184
17 74
127 179
32 65
0 4
125 159
45 142
119 192
171 173
96 107
49 124
44 156
68 98
75 102
63 66
4 92
95 136
116 161
47 108
95 132
7 165
84 181
73 77
52 154
99 181
56 161
23 107
22 154
132 157
102 187
116 167
138 159
138 191
27 115
23 121
139 166
15 171
33 147
152 194
79 138
53 194
99 132
140 171
3 32
22 142
159 195
52 67
10 90
102 140
170 179
4 136
32 194
95 147
3 82
39 196
76 82
114 140
163 176
3 80
89 106
29 76
107 117
115 149
56 79
23 141
137 170
69 169
140 159
107 121
24 48
107 123
162 175
48 61
28 183
112 189
76 89
4 34
111 137
105 130
27 35
6 15
166 178
124 161
30 117
113 146
86 193
23 72
69 139
133 174
131 191
128 188
51 116
183 191
125 144
53 103
44 97
46 62
121 180
56 109
150 198
20 84
116 164
55 138
69 78
161 192
46 176
140 153
99 170
87 141
149 153
63 185
48 191
111 193
16 111
64 83
47 125
14 187
49 115
16 142
4 28
26 135
48 128
49 107
180 186
72 129
55 132
156 185
73 182
78 112
153 199
99 131
109 196
145 167
96 105
28 189
123 186
31 107
58 199
50 60
57 185
46 138
196 199
82 133
132 168
102 135
174 190
40 86
150 168
21 42
6 22
75 106
28 157
53 169
8 41
113 164
120 128
88 168
63 67
16 51
6 100
53 101
60 126
70 119
44 55
39 181
16 128
134 165
15 98
20 116
119 188
38 115
163 199
175 198
119 143
2 150
2 106
116 137
103 130
88 102
20 103
88 171
49 133
32 122
77 95
33 179
17 81
9 85
8 23
96 112
158 174
84 172
89 177
173 179
90 113
22 81
58 70
0 105
111 161
80 146
25 34
80 91
6 82
121 173
15 75
77 155
35 54
75 117
28 154
19 167
104 176
124 129
147 167
123 138
121 190
55 63
150 185
34 36
24 173
4 184
101 137
34 133
77 151
48 133
99 175
9 114
29 174
71 80
5 78
102 152
135 195
155 187
19 143
55 111
90 135
61 151
28 105
31 119
91 189
61 195
126 135
22 133
151 179
41 160
129 198
35 100
28 49
19 104
108 140
36 60
130 176
45 75
39 130
63 137
113 154
108 179
115 159
115 181
85 193
35 74
129 197
71 177
85 98
116 122
28 80
149 170
94 100
27 58
66 135
135 194
76 137
72 164
174 193
7 131
27 127
3 29
110 134
64 100
16 59
71 99
93 125
54 134
111 135
38 113
110 166
22 98
2 60
19 128
2 171
10 43
17 150
32 101
89 164
196 197
20 165
83 174
25 35
16 44
30 146
62 67
50 111
24 83
6 40
86 136
80 123
7 113
98 135
140 168
155 161
141 150
184 189
151 183
65 163
9 104
6 172
47 116
28 181
46 141
39 189
28 38
33 192
196 198
66 193
122 181
4 36
54 133
30 199
23 193
79 152
55 110
27 142
9 165
22 78
6 179
120 186
45 113
126 186
6 186
3 28
44 52
107 151
69 177
183 185
0 34
36 92
50 175
63 164
54 71
74 144
38 51
49 101
130 144
113 189
178 193
113 152
63 159
74 194
63 184
1 89
15 72
110 118
108 168
69 194
74 168
26 187
141 147
13 72
58 133
66 195
26 30
146 167
65 104
8 185
78 141
190 195
31 153
144 150
90 121
107 194
5 41
119 142
4 47
46 74
20 22
7 67
60 96
34 137
57 126
59 87
28 177
150 196
113 194
93 108
0 66
42 141
17 52
22 117
32 87
115 164
49 178
102 146
94 192
134 158
52 172
35 60
119 153
75 84
20 190
91 126
70 147
104 112
104 181
154 192
6 81
102 181
7 93
40 155
20 95
69 159
21 197
91 164
101 154
127 189
13 114
47 198
92 197
173 191
50 131
58 198
8 199
28 31
148 149
9 81
27 150
23 28
38 188
95 195
3 32
101 157
5 17
25 113
107 111
116 198
58 87
31 94
67 170
81 187
27 82
24 62
13 72
26 95
57 85
155 164
107 136
70 143
116 196
69 161
99 177
93 173
57 164
39 121
20 124
125 126
78 171
35 126
68 92
108 132
39 178
3 46
68 186
5 43
88 192
1 143
52 122
93 178
88 154
7 101
27 106
110 162
64 196
43 183
13 125
21 170
88 169
97 193
113 145
14 60
70 137
54 93
2 115
107 199
16 131
19 150
10 188
96 138
5 70
47 167
45 125
47 53
12 109
74 189
157 175
88 121
126 146
54 169
11 65
8 189
134 164
45 164
32 111
12 150
103 122
15 186
123 192
73 118
4 104
88 140
70 129
128 196
12 35
7 197
5 25
50 81
119 158
137 187
78 90
59 167
79 99
23 163
89 124
181 188
0 130
109 151
54 171
140 144
41 106
91 138
23 103
95 198
94 117
157 182
0 120
74 140
11 39
88 195
98 110
32 86
2 159
15 179
49 64
150 174
29 103
47 192
77 172
33 109
144 150
51 184
56 88
144 159
90 112
33 81
80 99
68 122
153 193
142 199
10 158
160 181
71 161
65 176
61 95
108 169
91 165
3 136
111 184
50 77
18 120
38 189
47 74
94 114
117 169
45 61
21 121
63 131
34 139
58 95
109 130
26 134
39 68
39 47
71 180
13 116
81 183
12 54
57 76
40 155
14 199
50 75
79 90
61 67
21 106
84 151
57 112
108 167
2 116
61 190
27 100
185 187
3 155
76 104
45 128
3 163
97 160
48 116
55 165
33 140
57 77
40 108
5 183
130 153
142 143
78 121
26 94
35 186
115 198
142 199
20 113
152 195
101 103
50 72
12 59
31 157
28 67
44 106
34 51
48 111
44 96
15 81
13 118
51 166
9 29
11 77
25 77
14 48
22 35
51 94
131 166
68 78
11 80
27 95
14 155
92 111
8 20
138 195
36 46
113 119
11 143
123 189
126 172
29 89
50 109
124 175
36 167
137 192
51 197
56 115
114 184
156 161
7 103
69 131
82 172
7 172
94 165
149 180
75 145
114 121
62 107
53 116
81 172
157 158
78 187
31 52
8 59
52 197
166 195
82 191
139 188
26 83
5 56
172 177
132 171
16 167
59 108
19 199
99 140
15 93
34 82
62 165
21 44
10 106
23 164
44 198
76 122
16 86
65 151
18 73
149 164
80 147
20 75
81 116
7 150
79 140
69 96
24 176
13 118
135 197
68 129
25 72
36 142
34 139
15 86
115 136
65 118
50 141
45 95
57 148
52 89
179 191
159 174
77 137
4 179
11 64
33 96
19 90
54 83
21 85
61 136
27 112
19 181
33 40
38 120
40 131
50 137
98 160
169 187
22 51
24 175
69 149
56 114
43 102
32 58
3 127
85 175
85 170
84 184
99 194
85 138
56 188
41 51
26 65
6 52
71 103
52 61
63 140
14 19
31 136
25 157
16 76
46 147
77 86
17 167
50 137
100 133
77 197
13 34
45 81
48 188
20 146
97 114
55 67
74 134
136 173
7 113
104 188
18 150
151 170
86 174
34 62
31 120
37 116
75 188
62 77
63 131
170 199
32 172
18 80
66 145
106 150
111 134
58 193
94 146
144 148
0 125
87 152
90 128
96 141
96 192
145 159
77 129
44 80
41 161
115 148
42 192
182 194
190 193
100 139
18 97
64 91
115 135
92 151
49 139
151 185
4 97
136 189
43 191
24 27
5 122
105 110
92 192
64 98
87 168
49 193
28 118
71 167
61 164
7 42
17 137
75 187
149 159
131 187
112 126
135 141
49 71
31 177
10 169
64 154
110 154
139 144
69 125
5 95
100 137
1 136
14 112
36 139
28 197
47 197
138 187
55 61
26 148
64 139
30 91
58 186
40 106
4 155
120 175
139 182
102 127
47 83
1 112
28 185
92 98
67 172
82 98
33 82
7 179
31 105
6 133
133 154
13 66
56 132
166 192
6 126
20 136
11 58
35 171
28 183
40 168
134 197
26 41
95 167
102 152
124 135
69 177
136 146
62 71
32 112
123 142
124 186
111 153
37 57
43 187
185 195
16 129
4 151
1 57
15 18
36 178
139 179
1 35
31 133
94 166
126 153
79 145
10 100
36 39
154 189
21 145
32 57
57 111
112 131
121 126
119 166
77 83
24 115
29 175
177 183
97 164
46 91
4 74
146 184
35 122
101 139
88 188
55 69
22 120
10 135
123 160
164 174
77 110
93 120
35 180
150 170
12 81
91 148
140 163
25 38
71 80
71 101
62 112
115 170
166 186
53 88
166 175
103 139
9 33
91 151
71 109
57 130
4 148
106 139
54 147
95 98
39 184
49 199
27 80
15 44
49 98
146 168
108 137
9 156
112 137
3 38
9 86
126 143
111 176
50 151
90 190
72 195
42 163
10 69
103 199
24 77
30 130
85 146
92 190
28 155
78 185
46 65
5 28
172 173
156 165
44 164
12 149
5 181
99 163
93 109
48 178
12 136
57 136
29 49
2 15
99 153
51 67
63 119
86 183
35 83
4 33
43 66
65 152
53 84
19 135
50 126
140 162
69 119
114 126
58 190
44 151
152 173
53 182
82 106
79 125
11 75
11 63
136 147
88 184
90 97
33 120
77 120
87 115
31 88
13 31
96 191
45 58
62 112
21 155
44 107
128 144
24 61
62 108
68 170
178 197
92 126
7 114
38 40
129 137
7 34
27 127
168 176
50 159
81 97
104 133
72 127
14 78
112 137
51 98
94 108
33 67
62 131
73 184
80 105
40 98
18 136
81 130
50 140
125 196
3 96
13 19
7 13
27 196
12 187
53 69
82 138
109 181
47 104
42 159
90 146
133 145
68 82
13 127
19 70
37 166
80 184
85 135
53 198
67 92
99 190
56 195
32 146
40 122
71 75
56 95
20 141
43 193
50 191
38 146
13 41
136 142
77 99
160 193
44 101
14 140
18 140
118 149
116 136
54 154
46 81
117 158
157 190
103 113
28 86
35 196
37 132
99 162
85 188
121 129
10 141
144 153
18 33
1 63
98 150
54 81
37 149
1 144
80 176
40 175
46 106
117 121
87 127
138 163
32 99
122 167
5 69
41 127
61 155
54 178
38 138
171 196
120 199
136 179
123 196
53 83
17 193
71 115
43 110
30 148
53 128
91 196
124 152
23 24
6 67
159 171
54 140
101 186
31 84
94 113
32 94
123 135
52 130
23 48
142 149
27 47
13 37
3 169
56 165
19 162
20 164
32 69
93 113
138 147
79 175
49 127
3 18
82 119
28 65
43 64
195 199
40 164
8 32
10 181
50 187
47 75
64 89
17 164
60 127
9 87
18 131
162 187
152 195
93 139
29 168
143 190
7 165
60 84
114 119
10 115
109 135
126 161
52 108
2 138
32 134
114 175
66 176
72 162
64 138
134 139
89 135
14 88
137 175
88 105
71 118
25 37
154 158
58 78
10 172
11 41
91 114
55 171
111 116
15 111
63 72
47 67
64 93
2 170
115 153
94 130
64 127
25 138
54 141
23 173
42 61
104 109
29 165
111 166
41 137
115 162
76 87
47 130
14 179
134 156
61 74
4 56
21 102
39 82
70 93
131 176
115 158
82 184
80 182
18 153
53 159
40 153
60 99
4 174
59 174
54 154
51 79
90 189
45 130
11 78
1 68
99 196
98 152
111 178
9 115
1 123
117 171
71 169
31 111
35 64
0 149
118 159
27 40
160 194
33 184
174 186
99 127
43 169
122 187
142 157
40 91
40 55
83 137
47 64
64 183
120 149
21 191
30 100
5 195
54 73
46 175
83 143
51 116
22 175
14 191
98 169
153 168
108 160
73 180
53 146
163 173
61 161
34 117
28 141
15 177
95 165
9 128
29 75
59 102
7 142
119 183
77 101
168 189
170 174
38 62
2 105
169 195
66 165
0 51
159 160
24 180
166 187
69 98
126 188
42 164
24 122
133 165
39 114
107 180
25 182
67 129
75 152
29 60
13 125
138 195
108 115
47 83
13 63
15 172
106 142
83 119
78 175
70 132
96 111
11 162
97 180
158 161
82 139
49 174
74 185
59 145
97 163
26 142
79 172
99 122
177 193
71 102
103 185
72 182
50 158
75 149
70 117
44 135
7 38
15 133
20 159
79 141
8 188
111 123
49 170
67 130
61 105
70 76
2 127
7 36
6 114
59 109
58 87
121 186
121 177
99 127
48 102
46 94
142 143
51 161
47 81
40 119
9 168
151 198
44 84
76 178
161 188
74 96
112 181
38 114
62 96
6 46
44 155
20 188
23 184
52 148
87 194
89 91
79 177
36 44
15 150
5 182
79 169
18 24
110 162
21 78
72 184
110 145
15 181
114 183
15 180
109 193
33 141
49 162
33 85
97 163
24 183
24 197
116 134
19 93
73 76
18 106
166 172
13 77
96 133
125 161
32 112
136 195
36 170
20 69
0 109
160 187
19 84
33 121
71 199
86 105
114 154
45 90
40 134
59 104
67 192
3 102
162 165
36 157
81 87
111 159
47 115
32 150
41 183
192 195
50 79
81 90
4 17
9 120
136 141
139 175
150 187
101 129
48 77
28 92
39 86
43 170
15 114
117 167
12 117
84 128
157 168
127 167
86 163
84 177
74 111
46 154
42 67
131 137
81 164
133 190
89 150
155 156
152 159
50 113
116 156
128 179
55 199
76 152
36 67
19 122
145 185
76 147
16 60
16 70
122 138
50 150
9 146
126 188
158 175
65 155
39 149
61 69
17 195
78 117
12 76
50 56
3 37
137 149
18 127
79 99
110 166
77 134
61 139
28 46
12 172
101 180
108 184
59 146
84 195
32 145
114 133
39 113
107 184
95 124
72 162
78 133
105 136
7 129
75 107
51 177
80 170
158 161
94 134
20 49
1 30
14 99
18 151
153 169
188 190
38 57
101 161
108 195
81 131
0 45
38 103
22 177
68 170
59 166
49 138
2 166
118 127
158 195
69 80
129 174
56 151
7 14
11 120
172 198
58 85
128 138
8 94
167 179
114 182
156 181
26 127
116 199
12 159
21 29
23 64
15 187
12 166
89 154
3 41
101 184
147 180
107 156
163 185
3 61
147 191
19 79
31 95
124 181
26 49
23 93
9 69
9 105
161 166
29 173
5 191
55 141
70 179
69 142
7 193
21 192
25 120
38 154
17 121
41 131
15 139
42 58
17 183
58 128
74 107
101 151
22 97
15 81
49 79
11 118
81 122
89 130
59 143
135 143
12 49
31 189
42 137
100 108
32 59
24 184
20 70
131 134
63 165
23 138
0 23
35 154
67 107
59 114
87 168
152 161
24 84
6 124
175 184
73 194
63 72
9 65
32 139
150 164
71 139
29 169
70 141
116 131
10 80
9 199
121 198
78 166
67 132
60 117
66 138
19 52
172 177
71 114
81 184
36 159
54 194
44 189
51 177
76 97
36 103
63 117
2 97
95 137
164 180
71 121
17 73
81 199
172 173
130 177
83 93
18 29
64 115
3 178
48 187
77 109
20 90
123 188
111 169
126 164
96 167
134 184
153 155
148 152
105 164
12 159
41 126
42 118
53 159
118 157
121 155
39 129
90 164
53 159
84 190
66 152
17 42
48 122
42 182
101 176
126 189
30 170
70 192
63 132
43 127
44 165
66 91
67 197
37 89
13 139
87 94
143 166
23 147
114 148
161 163
89 182
65 181
110 136
90 146
125 195
172 182
70 175
27 163
81 133
29 46
80 167
126 143
20 93
54 186
30 50
54 132
56 76
22 156
118 176
4 57
5 124
87 108
127 169
23 123
84 114
78 135
87 164
9 21
72 82
30 116
43 44
10 28
8 197
68 133
69 132
58 190
11 21
70 108
118 153
35 197
3 120
37 124
83 98
18 53
68 157
98 180
49 114
60 63
28 177
64 187
66 177
12 163
39 89
161 192
125 135
166 178
64 172
50 81
136 149
83 130
133 138
78 138
130 131
128 156
135 173
82 177
39 143
3 11
115 183
60 71
143 174
77 106
26 31
96 159
90 93
71 99
80 139
143 159
70 97
68 73
23 180
58 118
121 144
10 120
45 176
98 109
87 197
44 194
39 132
136 164
42 155
59 147
41 84
5 47
3 58
71 158
74 156
101 143
53 145
100 159
182 187
33 196
26 181
135 162
148 171
102 158
0 19
152 169
11 94
93 167
153 170
164 165
56 176
16 48
18 33
147 198
91 183
93 96
1 138
167 179
36 170
82 150
70 181
28 87
5 99
22 157
10 166
149 171
40 197
126 175
153 194
70 114
80 152
90 157
51 103
158 181
0 153
149 190
67 195
110 153
62 88
77 189
16 150
73 133
144 147
0 171
31 70
72 141
94 127
104 187
4 12
0 143
72 102
56 74
23 150
36 133
159 199
12 111
128 176
69 135
16 87
44 177
90 176
61 145
6 74
44 110
127 172
122 171
32 82
66 169
139 153
98 106
76 129
81 124
21 32
99 180
86 112
142 186
58 60
50 138
135 157
25 195
49 121
113 132
108 175
42 90
171 180
67 81
38 61
63 191
108 147
6 121
164 193
131 185
119 153
88 148
119 175
131 170
40 66
91 137
35 61
9 175
55 193
72 185
34 132
63 81
97 134
20 175
90 129
84 183
39 199
52 177
71 129
63 152
57 188
76 167
157 174
81 185
47 182
158 179
159 163
88 193
138 146
26 75
4 136
98 142
87 176
12 123
43 76
11 124
4 106
50 126
134 164
1 133
40 176
36 175
2 70
84 156
72 122
47 144
14 117
98 141
90 94
39 63
132 152
60 147
48 59
3 90
78 131
64 99
58 106
184 190
7 156
129 176
100 118
5 186
114 197
7 127
19 76
24 26
135 144
51 181
43 158
134 196
23 83
24 81
170 191
48 92
62 157
2 113
1 87
8 196
128 149
23 104
78 172
76 112
56 166
96 157
34 196
60 113
141 191
50 111
146 171
145 158
11 194
7 84
31 121
102 116
7 184
81 118
52 55
19 27
4 126
98 136
4 180
13 18
145 193
66 181
4 197
28 176
165 174
9 45
172 190
14 128
128 131
29 185
57 151
31 81
107 168
2 75
27 130
93 106
21 152
115 145
45 183
109 181
73 133
132 152
18 141
8 85
51 185
69 99
15 30
82 148
151 152
57 121
85 159
22 46
134 180
86 173
8 112
6 123
21 37
120 192
157 163
17 85
32 167
38 81
96 116
91 102
14 98
156 194
83 185
160 172
29 152
30 193
59 83
63 188
30 38
1 27
54 77
113 163
189 199
5 87
86 100
26 72
114 139
90 173
96 106
3 190
35 115
74 161
92 194
78 119
27 136
34 129
66 184
76 118
9 59
67 99
51 58
7 11
81 170
40 139
57 154
33 112
18 130
23 162
36 177
46 185
90 165
69 189
73 99
128 186
52 140
127 199
106 130
70 195
72 103
56 100
62 94
140 181
65 167
72 143
105 187
124 142
117 169
30 190
3 32
99 186
26 189
9 17
80 137
44 191
17 191
54 84
63 91
4 195
5 106
137 161
28 170
33 88
98 196
93 182
11 76
17 110
71 172
3 49
7 114
81 143
97 113
17 138
48 81
2 187
35 56
84 129
49 177
9 129
92 108
121 168
3 94
88 98
17 94
58 126
32 185
59 149
55 62
110 123
105 116
175 185
28 62
83 136
84 150
121 162
91 183
88 176
49 135
125 131
5 119
76 95
13 190
81 98
85 152
122 176
22 45
33 122
29 191
4 112
103 162
37 190
21 36
10 84
17 53
16 80
20 53
94 185
9 166
90 146
25 80
27 52
38 160
27 121
96 147
94 125
72 88
135 198
189 193
69 130
24 107
1 67
42 81
13 36
132 137
137 195
155 180
62 150
45 140
62 72
77 120
39 140
20 145
3 121
84 86
47 65
107 191
44 186
25 194
111 134
173 188
33 164
28 40
12 191
81 149
174 178
130 174
187 190
110 196
105 130
122 186
7 167
21 161
153 170
140 198
117 178
18 170
149 159
45 103
72 195
104 118
2 156
113 188
30 136
110 177
70 149
120 166
12 189
88 97
169 177
54 96
1 121
16 50
13 62
87 144
29 109
118 190
75 180
164 182
146 174
132 167
35 67
105 159
15 79
175 199
73 87
6 103
104 146
76 189
72 104
101 166
95 128
30 187
93 158
54 70
9 98
11 118
83 151
68 78
129 165
19 24
31 186
15 117
85 156
112 118
100 137
134 196
12 81
23 44
56 162
11 162
39 167
54 156
1 186
76 134
106 109
101 174
43 86
86 129
46 54
160 191
38 111
100 176
41 93
79 123
12 173
16 42
52 83
8 124
115 121
0 54
110 112
71 192
13 142
56 81
62 152
6 87
0 169
127 188
62 170
57 141
102 147
86 110
131 173
94 188
36 62
3 44
14 137
57 168
66 186
53 120
40 68
22 95
4 44
93 199
57 193
26 151
74 117
87 195
42 129
42 193
113 177
15 90
91 180
53 138
57 117
7 79
27 102
9 99
27 145
76 172
173 187
22 60
43 158
77 153
70 131
26 29
82 99
33 101
20 83
86 140
66 173
79 180
39 99
34 81
115 146
144 167
31 67
136 197
17 87
134 190
90 156
49 87
83 99
70 151
50 138
5 172
18 113
138 188
40 99
72 89
48 134
70 98
15 176
91 110
9 16
93 185
13 74
100 157
107 163
79 199
144 182
73 156
76 136
52 91
31 99
42 133
48 115
9 88
137 160
43 169
68 111
66 161
84 109
81 183
111 175
5 150
54 173
92 105
27 63
45 91
96 122
86 129
22 104
0 188
88 128
43 194
120 133
115 126
50 115
10 68
33 70
16 122
84 87
34 124
113 136
149 167
17 48
76 164
108 110
103 188
19 115
108 113
20 183
105 133
4 181
9 32
120 128
16 29
150 151
40 138
92 118
15 64
92 99
50 178
107 128
42 119
55 127
61 179
119 150
38 148
2 53
0 128
16 17
84 111
25 30
77 160
94 160
6 177
62 104
78 122
136 175
38 173
6 134
156 192
12 129
12 138
155 157
113 176
75 172
11 48
71 132
123 124
36 160
56 68
0 10
148 150
0 171
144 197
78 87
106 181
71 192
54 112
121 199
70 101
124 194
139 181
103 192
34 131
65 119
82 152
104 130
34 169
107 156
19 62
64 188
113 117
47 146
11 92
137 155
64 179
129 154
43 162
64 87
36 81
152 164
51 76
77 134
179 182
18 149
129 182
33 148
16 182
2 136
29 51
107 110
107 162
126 168
185 188
101 158
104 162
99 195
36 59
87 89
41 60
26 87
13 60
30 145
43 184
33 46
87 157
152 171
4 170
152 169
20 37
3 176
144 169
78 136
30 39
8 173
50 174
105 109
72 145
44 137
99 113
113 160
150 190
41 75
6 91
90 164
63 145
76 133
67 151
81 158
29 31
27 94
8 62
6 107
82 160
113 154
27 42
146 182
62 104
7 23
0 113
28 97
26 178
153 175
92 121
42 79
35 58
3 42
66 83
4 184
37 185
48 57
51 90
61 131
66 194
63 105
65 188
40 172
125 183
28 115
13 183
82 165
47 167
34 38
49 165
0 101
94 173
11 117
26 140
45 95
57 79
78 197
70 158
72 194
94 155
4 176
78 107
24 181
46 126
67 118
51 74
24 41
5 118
142 192
48 154
28 195
104 183
172 196
97 149
113 135
29 41
50 108
16 157
124 160
109 120
55 66
26 144
49 160
130 157
19 127
21 54
72 117
19 85
62 129
95 97
96 124
24 36
61 127
135 156
182 189
51 199
123 172
13 178
8 108
17 116
72 119
62 124
175 194
77 173
48 81
28 140
186 197
134 150
100 135
73 173
42 185
63 116
16 56
121 187
14 120
96 142
123 158
29 196
55 154
19 96
105 167
52 142
18 144
137 148
131 169
54 173
1 117
49 99
40 150
7 175
31 165
96 182
89 151
18 108
143 186
84 193
65 108
129 177
62 85
103 142
119 133
40 58
32 88
43 88
72 77
20 186
4 81
118 123
165 185
85 140
127 137
121 124
75 87
35 51
5 170
62 138
52 70
7 47
93 172
76 155
84 132
113 149
63 186
100 169
52 60
8 169
49 92
88 138
168 169
24 112
97 147
112 156
21 36
24 28
73 104
4 108
113 114
96 193
47 190
7 55
39 190
48 154
36 107
135 193
146 175
80 159
154 180
74 184
102 124
31 134
7 12
58 73
108 185
5 40
81 92
163 194
28 50
52 139
6 153
41 89
20 47
7 64
69 83
2 160
140 166
40 170
8 103
58 82
35 106
56 66
40 96
13 134
55 56
115 182
160 196
194 199
150 197
131 179
103 140
26 68
78 125
27 123
94 144
24 133
79 128
105 111
87 126
116 193
169 187
27 80
8 90
6 40
21 68
25 190
42 169
71 100
80 146
72 91
5 143
74 84
6 128
34 163
37 127
87 97
86 90
28 127
13 30
117 185
37 147
43 117
168 191
46 63
188 197
33 170
92 134
32 79
52 119
131 139
22 57
93 124
1 75
32 119
12 156
15 121
133 155
115 151
36 69
134 140
94 175
148 160
57 140
7 28
124 166
85 140
5 60
13 169
94 140
29 190
147 183
23 49
56 68
14 73
32 49
35 148
59 153
110 114
29 141
39 152
43 197
28 31
97 187
21 129
77 82
44 75
109 160
91 112
31 86
99 151
65 141
96 163
99 156
63 162
166 181
77 118
104 111
36 52
53 80
11 105
70 146
71 156
64 104
128 162
16 19
25 102
125 160
37 151
91 95
106 192
101 189
157 199
59 80
8 133
30 54
8 28
25 98
118 166
170 188
7 73
114 156
151 179
144 157
80 197
151 159
17 81
114 132
32 34
2 197
141 152
52 161
53 91
10 129
112 199
24 30
33 141
107 192
123 178
83 188
171 195
152 172
131 155
67 90
15 179
73 104
55 140
63 187
57 135
136 146
0 14
85 195
5 199
95 182
67 113
72 162
55 88
37 82
27 167
91 140
145 171
139 166
25 142
84 138
47 199
54 59
24 148
29 93
50 59
69 138
42 199
27 53
22 103
40 62
71 107
3 53
53 56
135 186
166 186
106 128
23 155
115 128
52 90
158 163
25 127
32 168
15 67
14 15
16 24
76 145
28 42
62 135
72 142
33 35
18 129
67 135
13 75
76 172
13 33
15 43
115 143
18 185
63 88
46 141
29 137
124 145
97 106
41 45
15 189
68 80
54 149
1 40
65 76
58 174
182 199
24 139
156 177
37 176
43 98
54 183
121 191
10 50
68 133
50 106
101 121
104 143
52 148
177 181
71 154
15 106
3 141
31 176
61 122
34 120
102 136
69 87
36 90
5 89
13 57
68 135
52 152
7 128
30 78
55 91
148 153
44 166
41 181
4 11
6 119
52 95
53 117
1 14
64 81
133 157
165 198
32 43
6 123
100 129
34 181
46 173
153 177
18 159
145 183
132 174
89 142
34 114
111 125
112 149
64 111
45 50
124 132
162 192
69 99
6 85
105 158
20 82
122 144
6 44
37 85
70 75
5 101
101 135
39 192
104 185
162 177
4 198
96 191
113 130
82 164
48 176
7 105
113 175
47 175
77 196
5 157
113 120
97 102
77 170
4 189
2 190
53 173
111 148
130 150
138 154
26 164
12 15
166 194
23 180
112 158
86 113
61 122
34 99
6 48
6 12
1 91
9 198
127 157
13 45
13 167
131 165
117 146
136 145
39 155
90 131
33 134
11 32
11 39
5 67
111 198
0 43
27 99
69 73
4 130
56 90
69 85
49 60
38 67
87 100
0 62
46 100
102 132
47 58
80 166
51 98
3 177
36 118
82 145
25 114
143 163
52 73
89 90
121 123
3 60
57 149
189 194
56 179
34 181
11 133
51 57
48 144
128 171
159 170
43 60
60 149
20 133
68 115
40 138
60 90
74 146
23 119
143 171
95 123
24 114
23 51
101 150
93 110
46 125
21 119
7 145
66 79
13 164
58 139
78 89
40 133
45 127
44 113
88 174
5 15
129 179
117 198
1 58
25 70
23 144
55 160
118 175
40 43
57 61
104 136
33 119
36 106
63 91
89 106
24 115
107 166
74 112
83 106
32 60
130 178
83 100
77 169
5 23
76 83
102 132
5 101
149 199
58 91
90 91
103 121
50 151
118 126
27 140
104 149
33 167
59 195
8 27
115 118
42 131
8 170
59 118
89 165
82 107
32 106
36 57
57 154
28 134
96 145
176 189
28 128
69 95
78 147
23 93
77 130
71 150
54 109
43 190
97 196
124 178
7 34
81 105
19 190
20 112
79 175
92 177
133 198
77 176
28 79
133 167
97 142
42 103
20 180
26 79
23 177
57 137
3 37
16 161
91 107
163 188
24 144
2 105
80 196
15 168
54 122
126 150
68 194
7 94
3 190
122 168
139 173
51 80
132 165
147 172
146 181
99 128
83 195
130 166
81 89
75 105
83 94
138 184
87 166
58 62
192 195
35 102
56 173
34 45
56 83
156 184
155 183
125 146
103 141
39 109
95 112
168 177
32 118
137 162
11 168
17 83
73 89
7 30
55 66
74 167
107 188
54 139
11 115
92 147
39 174
60 103
65 116
33 160
36 147
24 41
44 138
35 195
102 122
71 177
63 125
5 124
44 159
106 177
92 150
59 127
1 24
38 180
91 132
36 104
31 91
112 139
45 135
91 115
5 74
138 163
36 185
149 198
1 39
96 110
59 69
19 83
77 155
14 63
75 147
13 57
35 168
24 31
180 191
130 172
33 68
63 122
99 180
125 140
84 118
161 189
3 65
55 113
142 188
68 124
186 193
143 198
32 64
54 170
105 128
30 176
87 175
56 127
1 77
111 157
176 186
81 192
117 120
80 89
51 160
76 190
77 115
165 182
102 105
1 34
94 112
67 155
54 119
34 90
63 189
31 39
73 81
81 132
44 57
55 181
4 115
45 157
25 164
79 114
67 176
152 173
64 167
1 31
77 115
25 176
64 193
34 46
117 186
51 125
70 174
79 107
111 185
109 138
121 176
36 91
56 59
65 157
30 103
129 190
32 46
38 68
64 70
60 145
46 123
140 167
104 132
86 91
103 191
49 189
158 177
17 194
0 140
57 74
145 195
15 25
16 25
32 56
94 182
8 122
38 114
3 12
120 179
91 137
52 82
45 97
19 171
23 137
4 165
117 172
32 177
28 169
35 178
51 141
169 174
15 96
149 154
16 29
7 168
79 136
13 122
31 98
12 17
62 188
159 182
96 194
48 74
47 132
125 128
50 180
85 117
0 170
46 61
82 83
9 179
21 140
49 77
120 183
53 64
29 36
174 175
71 99
155 185
37 94
24 45
139 165
48 103
27 30
86 138
22 179
63 157
22 68
83 146
79 177
26 68
168 173
66 128
93 94
106 142
131 191
6 102
24 57
100 164
55 165
4 84
8 78
28 173
9 53
35 46
28 102
153 196
108 180
44 65
35 133
63 72
35 45
26 59
50 148
159 193
65 180
8 130
68 94
117 126
134 176
51 148
143 165
12 192
73 198
31 61
157 198
66 178
76 110
30 128
60 141
149 183
79 151
24 70
67 190
24 68
118 164
126 164
49 129
64 113
93 117
65 73
20 91
48 136
30 150
145 156
55 158
56 184
4 28
176 191
130 159
3 174
81 155
20 81
83 191
69 125
33 134
125 171
95 103
4 24
65 187
144 191
98 187
112 132
106 118
86 187
44 127
31 77
157 185
55 140
18 112
125 147
23 166
95 183
80 97
11 150
95 178
138 194
68 71
163 176
73 100
72 74
41 127
119 134
154 192
7 137
32 135
49 167
125 177
158 184
31 54
127 149
49 175
36 162
111 183
33 149
69 171
21 25
176 182
165 167
46 70
38 64
146 197
5 86
34 191
106 150
5 165
47 85
18 161
66 185
89 162
14 38
42 127
158 184
18 103
9 34
0 2
72 179
48 198
25 151
41 174
85 157
95 161
38 194
20 124
132 182
10 190
119 169
9 59
5 15
23 153
154 193
36 178
60 96
49 148
11 189
42 175
115 166
48 142
57 196
63 64
77 99
118 138
64 133
41 89
74 198
100 132
78 129
24 188
117 152
30 104
21 142
50 89
106 158
33 186
55 99
19 110
82 101
35 136
61 75
105 142
35 166
93 175
36 137
83 145
116 139
30 157
27 93
123 174
66 128
12 188
41 57
74 87
6 169
115 189
60 119
82 130
28 151
22 67
78 83
109 164
59 173
72 106
114 153
59 162
23 143
49 51
84 108
138 154
80 159
98 183
106 145
164 197
21 85
50 86
30 151
164 188
56 142
141 160
30 105
84 131
92 113
30 87
24 156
38 82
10 57
33 100
9 154
7 167
63 114
3 123
60 105
98 157
173 187
153 172
3 147
20 130
3 50
167 192
12 45
27 182
35 179
31 50
45 72
38 160
57 155
139 181
57 113
99 107
9 71
26 38
142 170
101 118
47 65
123 190
32 70
39 187
37 98
120 153
51 186
115 169
23 110
3 193
61 159
64 166
59 152
171 194
29 145
92 125
139 155
24 187
83 192
20 54
8 190
56 182
89 168
50 167
107 171
57 190
140 182
103 193
97 110
130 147
115 168
185 189
163 164
181 197
23 86
102 122
74 78
56 118
97 155
28 90
17 169
161 189
90 104
76 161
136 162
28 150
168 196
104 195
96 187
162 169
20 89
129 147
100 189
20 24
89 119
29 113
56 75
134 170
72 168
1 124
3 183
74 89
13 158
188 194
31 190
106 132
33 89
21 89
44 51
19 166
11 178
84 145
55 155
172 176
43 57
45 165
148 156
74 148
140 166
23 71
139 157
83 143
58 101
11 88
92 119
75 142
137 161
2 38
140 178
91 96
175 176
67 125
140 149
43 188
171 189
37 125
38 157
41 172
110 131
51 191
58 151
59 71
27 78
76 180
39 43
93 161
131 191
132 167
135 139
30 133
108 170
15 105
11 84
120 190
119 197
11 113
160 186
79 190
108 190
13 128
4 53
49 190
17 78
94 162
123 190
76 152
78 143
134 165
10 22
9 144
169 197
13 110
22 37
121 193
38 166
113 182
18 61
24 149
78 139
68 117
0 198
73 82
0 103
126 199
106 119
26 172
35 121
50 104
43 196
56 117
157 177
13 25
126 184
136 170
132 189
30 110
124 145
65 168
42 145
15 168
130 132
166 198
68 143
9 109
140 142
84 138
136 186
6 198
31 189
26 94
98 149
34 173
106 182
8 154
92 150
73 114
21 78
116 197
101 134
19 85
86 87
76 119
26 137
111 189
96 143
134 178
24 43
10 37
90 120
195 196
32 111
42 56
59 120
9 147
179 186
26 180
160 191
13 47
18 142
69 158
32 147
41 81
41 161
91 105
4 99
18 66
115 175
61 130
73 143
55 77
54 97
10 161
8 99
129 192
55 141
108 151
157 161
6 176
186 199
27 140
44 72
84 142
88 151
150 159
139 198
138 181
7 80
36 100
34 157
52 169
80 162
58 175
72 73
12 113
69 123
80 154
75 148
51 100
9 145
35 173
105 143
35 158
31 43
3 128
122 159
47 58
192 197
49 182
39 49
115 163
55 159
64 94
75 121
31 138
132 163
85 119
135 149
63 190
65 138
55 143
28 102
54 83
128 137
66 125
52 86
115 164
54 76
37 196
157 184
50 96
131 189
8 132
158 173
51 89
63 97
32 173
34 159
3 179
114 146
69 145
14 193
55 149
21 43
161 188
18 184
32 42
45 77
93 180
29 65
14 189
134 175
63 83
69 113
118 172
80 114
20 152
79 184
71 94
75 173
16 190
20 193
2 128
18 152
110 157
57 198
48 155
71 123
28 80
90 187
85 175
54 170
49 105
91 184
25 92
84 165
111 195
3 198
75 151
85 110
142 171
8 56
46 92
87 92
9 130
165 183
120 166
18 75
88 96
0 25
56 65
23 90
160 194
36 79
91 163
63 114
0 154
128 167
44 171
68 119
79 131
100 196
145 151
74 197
57 101
35 105
12 181
139 189
43 172
47 60
81 112
23 171
135 192
18 84
67 177
53 63
45 138
29 129
101 163
75 140
8 53
7 91
30 34
35 77
135 187
122 193
44 139
100 131
4 27
60 159
30 196
69 122
94 198
117 155
108 128
4 157
121 154
64 101
130 190
63 113
23 192
15 198
48 143
59 107
99 127
2 30
46 95
52 100
129 198
52 170
12 180
13 191
60 98
78 145
73 121
79 146
108 153
115 129
52 68
29 139
95 181
126 176
37 77
32 195
100 178
68 128
28 160
99 105
122 123
94 131
13 40
99 118
22 142
76 155
138 162
104 161
62 161
147 178
105 183
55 167
100 147
113 170
152 180
109 157
161 174
3 131
2 199
175 189
1 157
4 121
48 120
9 196
67 76
83 87
37 196
53 170
13 179
26 58
17 109
78 83
106 146
125 164
154 160
1 190
24 143
23 139
123 153
10 189
9 77
25 77
45 71
119 146
110 176
30 169
26 156
16 119
10 83
94 146
10 152
115 191
54 163
29 80
10 181
89 174
108 122
131 161
166 197
94 135
168 169
107 141
112 119
27 89
28 76
7 108
43 152
59 63
36 72
73 95
56 173
60 135
71 159
122 142
138 197
166 180
30 40
177 181
6 150
2 179
152 192
66 189
72 126
139 171
56 87
42 63
37 189
64 119
150 187
91 150
36 179
19 84
20 85
24 157
142 194
110 184
54 178
46 114
1 161
100 197
5 76
37 138
99 152
0 170
74 114
45 112
53 195
96 160
47 163
29 124
68 109
20 184
19 55
46 133
154 175
124 158
67 78
77 169
6 119
158 176
90 141
43 95
11 43
55 142
113 142
6 64
125 129
23 55
77 175
149 186
57 190
135 174
51 156
24 75
89 192
48 83
41 119
2 181
41 150
137 169
79 191
27 112
13 153
1 187
174 185
100 168
52 180
24 147
153 160
170 187
8 69
37 111
104 144
28 111
89 127
73 115
6 59
130 197
60 130
130 188
8 52
9 148
96 100
149 158
103 108
127 136
8 9
25 177
26 70
112 148
128 152
145 153
66 85
114 151
76 92
36 138
45 112
41 44
45 133
147 180
180 194
35 138
21 166
4 39
7 144
73 122
88 143
5 71
37 188
58 77
157 186
58 94
28 57
161 170
46 158
11 187
96 166
63 101
12 107
14 168
152 188
160 161
45 53
53 177
109 123
29 65
14 39
94 121
137 157
102 184
7 41
5 81
146 155
124 182
17 91
25 158
128 141
177 182
96 115
34 135
20 173
17 23
27 66
83 122
131 183
62 159
47 147
12 170
10 21
21 140
3 147
19 172
122 156
68 173
12 170
10 42
51 125
177 184
108 166
117 184
38 111
83 199
108 132
163 187
36 57
156 159
94 186
155 181
141 182
93 154
3 168
173 196
31 152
71 139
139 161
118 192
34 101
7 119
146 181
89 112
36 157
39 107
31 106
103 184
139 161
19 74
5 16
10 148
151 160
31 170
71 187
99 132
122 192
70 71
18 171
8 148
140 188
49 64
20 77
74 131
21 171
107 176
21 30
63 69
64 147
62 133
15 124
161 174
67 79
12 122
37 59
4 96
140 161
127 166
108 144
91 128
51 163
2 17
60 88
14 68
122 190
123 139
68 76
109 172
50 181
25 45
142 195
32 138
6 39
109 136
77 127
110 146
26 169
60 178
90 198
84 116
5 33
109 117
40 118
169 172
16 70
60 97
49 109
106 116
92 176
112 125
36 66
80 197
5 131
54 63
66 199
16 165
77 78
86 110
24 141
25 65
39 143
22 137
39 110
118 163
51 87
108 134
26 168
23 91
23 63
55 196
40 144
117 119
18 104
6 72
91 172
53 71
152 191
28 163
184 193
17 20
146 188
111 197
10 15
45 181
118 194
27 171
1 169
189 197
42 121
5 8
89 157
89 171
24 125
184 191
155 191
78 133
147 195
5 177
28 58
100 120
43 156
88 103
26 35
37 156
1 122
11 48
26 98
173 194
51 153
67 173
49 164
107 135
25 54
40 187
102 117
127 173
48 185
104 137
133 192
3 43
125 136
119 152
23 172
12 145
67 95
55 107
38 60
72 178
95 185
92 159
98 193
97 150
30 143
69 81
144 187
110 113
6 30
54 68
27 191
20 110
62 96
16 124
182 186
99 139
18 190
121 195
6 55
87 101
45 178
87 195
21 146
88 173
184 199
17 19
