0 1
1 2
0 3
1 4
2 5
2 6
4 7
4 8
7 9
2 10
6 11
6 12
3 13
7 14
8 15
11 16
13 17
8 18
10 19
7 20
11 21
11 22
9 23
9 24
6 25
11 26
25 27
13 28
20 29
14 30
19 31
4 32
5 33
33 34
21 35
0 36
22 37
11 38
21 39
27 40
10 41
35 42
13 43
6 44
1 45
24 46
4 47
41 48
29 49
0 50
27 51
1 52
45 53
37 54
45 55
24 56
19 57
4 58
32 59
7 60
44 61
1 62
34 63
38 64
60 65
63 66
35 67
15 68
5 69
15 70
14 71
42 72
42 73
30 74
40 75
16 76
56 77
29 78
70 79
54 80
36 81
76 82
47 83
70 84
30 85
45 86
29 87
15 88
10 89
81 90
47 91
45 92
60 93
6 94
75 95
84 96
7 97
30 98
4 99
99 100
54 101
91 102
13 103
38 104
32 105
62 106
50 107
68 108
28 109
92 110
47 111
50 112
2 113
30 114
23 115
81 116
70 117
20 118
7 119
56 120
94 121
24 122
107 123
84 124
110 125
95 126
27 127
22 128
32 129
93 130
56 131
92 132
123 133
117 134
6 135
30 136
50 137
102 138
73 139
139 140
0 141
63 142
84 143
33 144
31 145
75 146
104 147
10 148
63 149
24 150
121 151
10 152
15 153
83 154
103 155
109 156
150 157
124 158
20 159
123 160
82 161
33 162
45 163
123 164
103 165
9 166
113 167
132 168
65 169
67 170
60 171
111 172
121 173
151 174
135 175
159 176
118 177
160 178
31 179
156 180
9 181
96 182
60 183
98 184
168 185
113 186
88 187
181 188
176 189
71 190
11 191
13 192
170 193
116 194
27 195
18 196
187 197
176 198
69 199
125 200
105 201
171 202
185 203
41 204
143 205
91 206
23 207
8 208
161 209
205 210
9 211
70 212
136 213
155 214
74 215
103 216
153 217
45 218
209 219
112 220
181 221
181 222
192 223
92 224
176 225
166 226
201 227
82 228
211 229
32 230
166 231
135 232
117 233
69 234
218 235
174 236
159 237
2 238
105 239
86 240
21 241
61 242
16 243
197 244
174 245
1 246
186 247
140 248
199 249
131 182
88 134
66 133
3 236
15 138
15 32
113 141
15 64
33 85
84 247
114 184
141 177
78 243
26 39
13 134
81 183
31 32
118 205
88 192
81 224
48 99
169 209
3 64
86 215
147 196
3 45
210 233
146 232
83 180
18 119
177 209
6 245
144 213
22 214
48 241
60 76
25 229
185 238
5 13
101 229
10 199
54 89
49 151
168 206
7 65
42 132
92 167
57 216
3 214
9 245
51 184
83 159
27 119
49 202
28 242
57 198
104 105
171 190
2 208
142 194
17 113
17 204
53 182
99 222
155 201
101 165
101 230
76 207
3 23
27 158
87 171
14 16
93 198
172 234
15 158
88 183
157 204
152 216
21 60
51 157
32 149
61 142
130 243
56 128
0 9
21 117
86 224
20 109
7 191
47 110
176 230
40 173
16 132
60 216
54 62
141 172
5 20
156 191
43 235
103 216
67 153
110 209
55 59
68 157
66 244
212 214
138 241
70 140
85 167
216 248
14 17
143 214
105 150
42 157
35 139
60 248
47 117
145 214
28 213
69 80
23 66
137 205
16 29
126 198
60 166
201 247
44 198
47 136
31 235
64 153
70 73
26 173
73 179
132 153
104 222
159 231
6 33
64 217
72 192
108 131
99 108
160 216
100 237
39 40
162 178
154 220
34 63
213 233
167 191
20 165
96 185
76 221
194 231
2 23
26 135
31 242
39 102
128 247
95 248
132 201
47 122
22 152
96 101
46 109
48 80
84 221
26 125
40 89
37 219
102 216
21 213
125 163
27 177
117 119
124 185
132 235
15 19
140 216
138 207
28 92
59 85
102 161
133 224
15 59
111 159
115 221
139 231
108 138
83 136
93 120
78 105
220 245
161 241
213 241
7 218
34 210
149 235
156 215
22 80
143 166
106 139
31 88
117 192
12 214
48 218
146 217
27 140
66 83
73 148
110 162
11 164
83 247
183 215
5 117
71 163
89 106
164 244
12 98
64 160
26 48
49 76
14 28
56 74
73 241
50 125
215 248
74 212
64 204
44 71
79 228
108 111
82 206
16 192
67 167
125 247
9 227
44 244
70 112
5 74
52 244
22 114
51 89
100 150
187 212
57 241
102 122
144 175
31 67
62 245
35 145
27 231
38 154
78 200
93 99
26 35
71 201
53 120
6 64
79 131
60 219
70 240
27 165
82 140
11 180
99 201
13 52
116 237
145 146
15 49
65 141
175 210
10 37
151 213
206 247
14 101
36 169
25 28
20 205
5 41
240 249
213 246
111 241
146 190
104 180
53 160
17 25
70 125
24 93
170 189
143 190
64 103
54 72
47 240
114 226
47 247
68 109
5 218
90 181
57 224
92 113
39 48
110 131
99 152
25 219
177 212
6 35
22 197
43 66
36 56
145 220
32 57
148 164
106 234
18 72
137 171
134 201
63 180
88 222
132 137
30 226
96 99
126 208
40 202
35 55
47 163
72 232
56 215
26 90
166 193
143 176
216 229
100 108
47 204
20 176
98 107
84 223
196 214
215 236
112 117
53 231
95 145
95 210
48 106
28 210
110 217
16 40
48 209
187 241
60 139
19 124
81 234
76 106
22 205
34 156
147 239
136 223
154 214
123 125
121 219
101 221
127 200
127 244
192 199
174 217
51 151
19 175
38 44
168 235
22 177
186 216
123 125
137 143
189 217
29 95
17 183
66 210
31 36
32 200
120 154
25 187
117 147
0 62
88 117
94 170
116 166
143 171
68 212
209 220
158 195
11 68
46 82
114 222
135 193
202 229
24 26
145 194
28 204
16 215
132 212
62 79
57 239
122 197
79 211
38 217
46 48
0 202
76 163
115 242
40 208
116 147
180 229
43 145
39 220
30 63
173 229
28 50
14 42
128 136
83 236
164 205
179 241
24 156
35 65
24 84
46 122
29 112
80 172
69 205
172 186
73 192
145 191
16 155
129 146
14 124
67 79
164 225
61 113
1 52
162 240
140 196
59 242
195 198
121 197
54 97
127 223
96 219
43 45
126 233
102 127
46 242
60 62
4 105
213 242
1 220
132 156
85 174
202 235
161 249
160 224
74 165
57 178
2 105
44 178
9 245
188 239
83 98
27 135
108 174
175 247
29 94
185 244
37 235
37 82
137 196
39 89
161 222
50 199
0 210
72 194
9 62
82 225
148 231
102 115
172 184
93 213
123 179
102 245
140 207
131 194
72 173
38 204
242 244
109 174
184 220
47 207
11 31
34 159
39 104
37 248
117 229
172 199
127 146
238 240
34 103
8 97
125 187
26 54
119 166
114 225
202 238
8 51
242 244
14 22
18 49
79 184
51 172
205 244
13 175
48 119
62 110
122 134
46 105
113 139
111 245
2 67
103 187
128 179
92 122
14 108
99 221
177 240
122 166
207 247
17 40
115 184
103 124
109 219
102 124
13 181
66 243
174 189
185 214
25 228
204 225
29 72
112 117
115 190
125 203
58 179
2 136
191 220
29 211
168 225
51 152
21 128
57 117
226 248
26 208
83 224
119 147
19 240
71 197
44 91
11 192
115 153
21 177
94 147
30 162
119 193
63 235
26 153
125 224
13 209
171 174
19 121
25 52
153 189
6 236
173 204
18 97
147 217
43 189
188 191
120 170
5 191
19 58
82 98
22 223
28 204
97 162
13 146
3 187
25 178
31 62
32 200
45 243
75 192
44 138
7 148
10 99
55 242
129 138
44 69
70 111
114 237
10 119
27 197
238 249
166 198
85 188
34 90
61 107
7 230
55 233
81 108
174 207
12 199
66 70
163 219
42 243
114 169
146 214
176 178
12 103
178 223
107 242
81 151
190 191
111 200
160 192
220 227
162 237
7 190
131 153
237 238
0 112
6 159
41 226
67 169
94 148
53 240
204 219
27 175
151 198
150 238
145 239
18 115
13 138
54 74
63 183
18 35
78 181
34 195
156 189
25 58
19 117
34 245
0 60
198 226
41 113
144 218
233 237
2 121
187 244
6 195
22 215
155 237
45 94
160 168
102 131
2 92
81 203
122 155
135 233
13 147
85 170
1 199
89 205
81 244
67 197
79 166
6 248
17 231
87 120
76 127
135 181
131 185
130 242
53 102
37 56
34 202
12 247
21 120
70 174
50 115
68 163
13 168
22 46
11 219
67 126
243 246
25 62
13 176
34 143
134 220
52 125
50 57
196 230
42 118
88 122
168 178
31 226
124 219
152 217
194 239
40 147
124 170
7 173
77 153
164 238
28 212
241 244
48 114
72 213
44 89
24 218
67 222
116 164
12 148
153 232
66 93
40 63
54 243
125 207
24 243
154 196
77 158
61 171
196 216
132 172
36 138
52 131
144 201
152 240
66 199
57 206
39 143
3 195
104 111
103 214
41 158
27 117
37 158
56 166
65 227
90 96
104 139
124 220
31 228
68 111
181 229
235 248
42 103
0 22
63 126
35 204
32 103
7 200
61 205
157 245
68 196
115 215
159 206
197 202
10 90
19 97
60 70
83 154
88 139
39 144
17 47
144 195
171 248
55 83
181 217
54 208
77 223
169 235
77 117
3 181
0 128
31 209
34 128
76 133
19 134
159 160
100 124
135 137
88 158
153 187
12 29
33 120
44 200
88 100
88 151
163 235
81 174
24 156
138 232
88 90
11 130
118 202
86 230
136 163
75 77
239 241
92 139
5 68
101 241
27 53
1 102
33 243
16 105
87 220
56 59
53 191
112 211
33 109
87 122
55 80
155 193
224 227
192 247
46 230
143 208
29 158
0 143
109 141
64 112
18 49
8 170
39 231
2 107
156 170
167 197
49 60
152 225
59 79
3 232
126 236
132 186
28 191
65 196
172 193
1 186
72 77
57 75
70 163
39 128
153 190
169 224
105 217
38 219
124 219
200 246
91 175
108 203
158 172
59 100
46 165
148 231
16 160
113 166
60 115
82 131
40 179
16 185
98 147
48 205
172 240
43 98
30 122
14 227
96 126
27 49
44 59
17 60
89 169
45 215
156 220
70 178
202 240
65 76
139 226
131 154
51 169
96 147
135 147
230 240
66 109
59 105
117 235
130 157
29 117
130 195
94 190
28 202
33 160
54 65
110 240
171 245
50 62
1 121
168 218
141 201
113 169
85 211
99 143
135 178
196 200
64 149
50 64
10 137
19 96
67 86
27 33
140 222
42 166
99 166
136 228
3 46
47 242
58 135
207 210
145 221
90 248
34 125
112 241
5 18
12 91
189 215
133 145
76 201
38 120
68 104
44 151
46 197
113 245
57 174
140 235
82 117
13 194
70 129
46 65
208 246
98 142
34 124
101 116
34 138
64 196
52 56
12 218
8 35
35 107
139 215
82 119
28 177
150 225
97 197
52 218
29 215
96 192
37 44
114 215
85 90
170 231
139 226
38 192
138 164
76 108
206 226
68 195
131 158
158 201
118 208
77 105
57 83
114 218
53 246
166 176
128 129
72 209
154 247
106 116
81 95
45 182
26 219
85 122
89 152
177 239
37 133
115 150
45 243
27 34
96 219
155 162
82 137
35 94
22 168
21 176
37 160
130 170
61 229
169 184
202 219
78 97
87 170
79 210
139 209
4 228
65 150
227 241
185 190
61 232
94 139
83 230
39 204
102 169
5 54
13 133
24 74
29 36
142 159
19 235
200 204
88 205
85 222
33 94
42 226
63 217
11 168
15 112
56 71
154 231
167 222
7 113
159 188
83 242
2 31
62 241
28 45
145 197
70 213
84 213
2 69
10 24
11 29
12 15
88 235
182 194
116 223
83 87
95 144
8 114
72 169
35 102
137 145
7 60
184 237
151 212
12 70
93 197
96 121
24 189
21 117
24 50
123 241
63 107
11 160
71 183
109 249
96 173
77 122
137 218
32 34
12 159
131 164
129 195
150 216
222 235
29 46
114 224
119 184
74 122
73 209
5 239
67 113
12 233
160 168
133 214
82 196
77 98
152 244
2 243
79 138
105 134
19 77
37 77
188 210
4 211
88 238
116 241
71 223
141 216
156 192
55 187
117 188
34 206
217 230
139 221
38 150
204 239
24 91
34 170
196 232
104 217
89 198
148 242
66 209
143 154
123 189
2 135
90 234
126 147
31 108
174 177
159 201
54 81
153 193
105 235
37 134
120 216
66 106
60 236
126 235
9 154
58 245
100 117
109 162
9 195
55 66
81 111
129 142
188 230
154 220
173 201
55 133
49 170
15 41
73 96
58 202
72 228
25 199
38 101
130 229
23 167
134 150
135 161
132 157
8 177
108 157
25 189
37 140
23 94
85 106
165 212
109 152
170 225
149 160
4 96
35 177
62 96
76 134
112 150
149 196
147 150
76 177
61 249
5 116
12 175
44 172
47 92
17 189
33 44
147 244
138 203
78 146
91 108
180 183
207 214
120 224
16 47
25 76
197 243
5 122
40 248
91 144
69 214
114 133
72 221
98 217
43 214
34 228
112 116
84 161
4 6
199 210
55 97
204 216
6 130
16 119
94 155
10 167
223 239
93 202
45 196
114 158
51 223
16 185
152 245
79 123
135 198
83 175
90 188
14 222
63 214
149 206
32 162
87 105
220 233
218 241
206 209
202 227
44 102
59 107
0 115
108 197
172 230
175 211
98 206
165 216
12 84
42 109
0 164
124 239
19 136
127 147
67 185
12 81
121 140
58 225
133 178
120 203
170 216
46 155
11 158
49 134
2 4
115 151
4 60
17 82
36 210
159 249
28 161
37 131
186 218
24 191
64 248
49 178
96 227
177 249
7 154
183 192
100 201
57 172
120 150
26 119
19 80
92 98
51 204
78 212
139 204
110 197
16 206
94 236
24 60
77 181
78 164
213 245
152 222
25 183
26 106
173 174
123 135
51 199
140 162
175 186
44 120
10 49
97 171
17 142
63 158
41 87
24 48
6 188
128 175
143 228
40 127
170 202
28 186
2 66
53 248
183 243
85 213
142 187
32 190
1 126
66 160
89 102
119 137
52 53
52 123
186 230
20 96
189 226
0 186
75 89
175 224
40 62
226 239
175 191
33 193
23 156
26 204
28 137
82 193
40 226
199 239
19 85
37 111
8 220
42 230
5 248
34 221
76 197
65 199
30 138
47 91
57 137
28 47
92 119
27 56
36 132
67 140
131 136
30 64
70 134
161 199
2 194
31 82
164 212
22 52
4 221
89 103
87 168
25 91
13 46
229 237
67 81
109 134
64 65
171 199
52 187
100 249
115 129
140 221
93 112
23 64
154 227
50 70
137 191
111 117
100 238
136 240
13 160
16 169
40 142
62 241
74 130
7 166
30 118
8 77
55 228
144 210
110 190
160 173
27 237
79 112
189 240
14 147
55 184
65 116
78 88
79 177
238 244
129 245
23 123
107 118
101 129
6 159
18 103
170 234
86 122
209 221
45 56
79 176
136 183
74 97
23 66
56 115
61 239
143 215
63 188
170 204
200 209
127 241
40 42
97 111
85 247
85 129
126 135
25 49
75 84
29 48
0 213
168 231
57 159
16 170
175 228
29 142
122 140
69 89
12 128
16 29
12 237
116 148
8 115
52 153
3 84
37 223
18 181
121 138
59 107
156 208
179 200
61 90
54 249
186 199
5 185
14 73
159 239
33 243
79 222
75 213
101 223
29 31
40 73
65 223
192 213
30 205
76 224
2 114
119 139
179 182
19 61
11 233
146 148
123 224
27 168
155 191
58 107
60 111
112 157
28 190
6 26
16 85
49 72
15 127
85 164
18 117
108 167
145 156
79 217
207 235
81 92
76 101
72 247
141 153
16 237
26 127
7 139
101 212
37 247
76 109
1 156
57 189
8 163
94 153
57 223
57 138
55 140
10 36
32 98
208 209
155 228
206 220
3 27
82 148
34 220
120 141
25 125
40 191
68 206
45 201
30 132
132 206
46 186
18 114
133 210
34 137
159 205
3 120
120 152
37 80
124 132
2 111
14 108
56 241
185 221
50 72
183 217
175 189
181 220
152 177
123 139
155 247
23 213
6 15
45 58
115 163
34 85
75 206
109 240
97 173
17 157
15 237
79 174
66 195
8 27
141 166
24 147
40 45
17 76
51 240
144 174
3 244
37 211
61 134
102 117
93 207
53 55
34 137
125 236
121 232
28 41
50 168
81 102
104 247
89 155
197 210
124 127
1 27
123 199
54 166
15 166
36 180
104 176
78 159
175 185
121 215
0 31
76 245
35 117
52 213
74 106
10 85
49 165
11 179
84 188
97 190
58 106
14 117
119 126
173 219
78 172
19 123
170 186
144 149
45 177
74 234
63 224
72 155
51 58
107 114
32 70
12 221
35 97
134 204
25 86
62 178
74 94
30 95
112 194
120 172
155 222
101 106
57 151
8 216
6 57
4 77
29 95
109 193
26 158
83 231
9 74
136 204
2 25
111 167
56 189
23 61
95 210
12 188
67 77
84 213
25 246
187 188
155 197
10 87
3 82
46 157
95 160
31 200
144 193
12 20
172 209
51 144
36 127
77 150
170 200
15 142
52 99
26 78
134 232
60 178
115 235
171 172
34 210
56 75
101 248
106 208
19 36
26 175
42 215
53 241
18 219
128 160
96 237
197 205
14 188
207 225
17 217
26 159
53 83
37 53
62 246
219 243
78 169
197 229
8 48
58 210
99 175
60 187
17 139
233 248
97 142
4 212
220 245
53 109
15 197
202 203
113 203
26 86
99 241
10 246
90 127
53 71
97 139
35 222
38 59
69 227
54 215
203 213
197 240
30 121
22 218
185 194
130 245
98 182
16 28
110 196
80 166
62 106
29 159
141 174
157 222
110 198
11 237
13 236
78 101
47 170
76 139
190 249
27 93
183 207
239 249
70 217
1 231
53 215
180 194
54 58
107 136
143 145
95 154
148 158
38 128
40 153
33 238
112 186
140 201
52 205
173 209
134 240
35 153
103 206
89 178
28 132
59 130
45 153
35 154
90 219
17 29
0 86
171 232
217 234
40 247
1 150
33 151
53 242
92 106
141 178
3 7
9 114
0 223
150 214
6 125
111 201
111 143
120 130
28 49
20 48
15 234
1 145
154 180
40 175
46 233
24 126
102 109
76 226
150 196
24 195
14 81
72 126
25 94
134 152
4 218
104 138
84 151
163 221
5 184
198 227
61 84
205 213
143 177
217 222
7 183
72 206
185 215
77 98
23 210
42 180
95 115
30 199
52 234
180 206
133 245
10 123
31 200
100 247
1 21
133 249
112 215
22 220
169 179
3 123
203 209
18 155
49 62
3 117
68 73
30 149
159 182
110 242
64 183
65 113
126 238
10 68
100 244
170 176
128 206
81 148
20 236
115 224
78 201
180 247
1 165
48 52
70 237
92 214
62 239
132 219
6 102
80 233
29 83
64 155
119 181
152 172
8 171
58 201
136 181
59 139
176 191
170 205
68 129
151 215
60 89
65 124
22 121
114 180
93 229
55 67
46 66
154 213
28 94
23 32
136 171
64 201
129 169
9 238
130 168
108 132
24 52
100 218
64 213
87 154
37 243
66 192
195 206
10 231
100 243
121 168
77 228
35 201
165 220
133 147
35 191
30 154
201 219
37 185
29 32
193 240
14 43
5 114
115 170
128 151
17 155
3 126
31 65
116 150
82 86
84 249
124 246
5 192
1 36
23 64
9 81
129 161
100 154
160 211
88 229
159 169
139 216
103 135
77 83
30 179
137 192
78 153
89 114
176 186
159 229
121 163
56 214
170 228
119 161
144 146
59 245
133 225
30 53
105 238
98 220
27 227
20 138
71 92
47 166
89 172
105 126
131 185
1 7
69 181
62 127
26 156
116 180
76 86
121 126
16 81
22 46
101 232
124 156
110 202
150 170
92 196
16 154
134 184
145 215
210 226
157 199
45 119
38 70
28 184
43 173
125 183
139 140
3 5
66 98
180 192
148 223
11 129
60 96
152 206
0 30
94 134
73 227
99 138
3 164
129 135
70 199
0 98
74 138
125 157
61 204
120 238
96 117
188 249
8 135
73 151
60 112
83 117
16 109
82 122
102 194
10 111
154 207
184 207
177 210
189 234
83 204
36 66
51 201
148 194
148 246
15 21
37 156
110 178
2 35
16 199
19 245
2 125
53 209
74 89
164 230
18 98
30 184
107 111
175 229
219 247
80 206
63 232
43 183
214 236
24 55
129 136
32 232
207 219
51 154
58 189
33 182
41 232
22 191
74 230
98 225
203 211
127 170
219 236
64 133
150 169
84 203
87 203
49 64
68 92
177 215
35 241
17 168
27 42
32 204
28 45
43 158
10 152
18 66
106 201
57 100
6 19
38 239
35 196
85 86
114 203
10 183
82 221
48 199
4 72
42 188
76 210
218 234
152 168
55 176
49 234
50 182
70 109
97 148
132 223
71 96
33 184
155 174
31 131
52 90
123 182
22 193
49 90
144 241
213 237
111 112
174 222
0 157
1 95
20 63
4 156
210 235
193 221
91 123
30 168
200 247
45 185
49 201
35 52
211 226
149 227
45 91
77 152
59 74
10 172
5 100
160 166
26 72
4 240
233 240
237 239
50 217
50 116
27 157
120 247
196 238
45 98
59 244
113 125
83 169
87 180
74 244
26 95
75 181
35 150
118 187
153 219
124 127
200 215
32 148
59 73
140 169
161 226
8 42
76 114
31 180
4 98
28 222
120 156
110 246
76 186
29 88
110 136
51 226
82 195
136 188
192 236
1 44
207 211
30 181
23 108
198 218
125 197
13 100
209 237
28 229
30 237
102 119
150 203
54 242
4 32
162 209
125 234
165 245
44 240
92 183
203 239
169 208
73 249
58 160
222 236
170 188
81 118
88 109
133 135
11 62
70 180
124 167
4 159
44 168
72 194
83 243
149 189
135 217
137 203
108 214
121 247
48 119
173 244
83 125
81 210
64 193
157 168
137 239
55 76
8 82
155 175
157 231
28 114
183 200
73 78
30 183
55 98
75 78
167 206
160 221
19 161
215 220
124 153
191 226
107 115
80 181
95 169
122 131
67 218
130 158
196 244
17 69
63 154
49 219
103 140
30 159
52 85
38 212
5 117
115 165
66 221
41 189
150 233
151 167
202 236
18 31
129 229
49 58
175 249
107 160
172 201
80 185
84 105
64 208
52 124
56 192
198 200
62 76
54 58
138 184
7 170
82 91
38 122
94 99
35 135
55 136
66 73
6 163
134 239
75 159
183 223
115 195
23 161
171 238
25 92
191 227
32 180
13 231
100 224
59 181
76 239
92 149
52 200
40 48
134 199
130 155
166 185
83 147
144 247
20 187
152 200
124 187
39 163
42 61
17 26
90 130
39 83
23 209
66 175
93 158
113 192
17 56
41 128
114 149
64 146
170 172
68 144
20 146
195 238
99 213
183 204
127 239
130 231
129 143
49 62
79 215
73 79
44 140
182 220
98 153
158 168
100 230
6 149
64 148
107 244
45 214
82 148
114 128
183 185
105 161
32 144
41 57
31 237
54 167
33 123
162 228
160 175
152 166
209 238
132 178
71 137
87 132
150 210
45 137
19 182
152 205
2 182
188 192
199 220
87 101
49 128
59 141
2 236
55 193
53 70
141 156
42 79
18 226
12 107
25 159
179 209
23 141
2 225
127 202
215 242
138 150
153 218
68 150
116 130
74 154
83 152
82 123
56 172
30 176
126 155
93 114
91 156
147 223
117 128
152 239
94 230
176 193
99 143
159 186
105 138
134 140
4 23
223 242
21 53
236 244
106 158
138 244
90 180
93 103
186 237
74 98
36 169
110 130
137 182
44 136
43 99
52 91
118 247
53 234
79 83
126 237
224 240
97 238
32 138
238 248
23 99
148 215
76 104
5 64
147 235
178 221
169 196
116 158
128 135
198 202
111 135
77 217
49 227
21 231
3 228
27 184
18 177
1 76
219 249
94 123
55 218
97 167
110 210
133 203
22 171
107 248
159 191
1 36
67 123
4 227
124 196
26 153
116 243
89 143
103 130
141 192
10 124
72 102
119 150
126 130
49 220
5 92
105 108
126 161
97 217
64 109
150 182
106 131
72 160
84 181
117 144
69 70
113 179
14 198
113 174
124 187
2 122
90 240
22 54
70 114
114 174
121 164
88 132
51 225
54 211
28 159
84 129
167 201
58 95
179 218
143 153
22 50
9 190
170 240
125 194
111 157
102 113
105 159
146 185
51 150
65 150
131 172
157 160
205 214
34 52
107 110
13 167
84 127
135 193
187 225
78 90
99 120
31 90
148 204
135 237
37 113
147 218
75 247
7 225
48 163
42 244
76 162
145 203
69 125
158 229
34 99
6 104
52 76
64 69
94 145
62 160
146 223
88 174
218 219
98 219
47 205
77 190
172 175
94 129
65 120
83 225
172 188
56 172
175 196
63 74
165 206
113 162
23 152
95 178
0 87
68 156
14 195
150 194
164 246
219 234
42 209
88 241
13 53
62 89
202 222
116 130
74 187
140 141
235 238
30 54
52 238
53 214
90 150
154 192
65 71
58 155
106 178
121 167
61 246
155 166
29 148
187 213
80 200
43 245
74 77
82 166
20 142
13 88
19 135
84 189
151 222
203 235
141 232
56 139
114 207
76 131
139 180
32 96
19 84
4 48
83 103
204 221
79 158
10 103
27 221
93 248
14 122
63 97
130 242
90 202
8 81
148 243
123 167
180 182
122 142
60 114
114 156
2 13
11 67
47 246
180 190
43 174
121 248
71 155
25 120
60 162
215 217
76 196
8 52
124 161
148 247
115 179
29 234
16 197
18 85
59 188
130 228
141 178
122 206
1 98
114 174
18 68
67 217
29 194
4 39
192 210
140 238
4 221
50 182
42 81
36 94
3 148
23 29
88 129
89 239
35 85
2 67
120 184
162 203
105 203
46 191
46 225
201 230
57 196
96 193
96 170
6 219
112 142
141 245
202 217
67 119
145 181
15 173
115 201
138 180
42 57
60 106
45 189
7 143
90 208
155 245
111 198
21 232
199 205
39 78
140 174
79 121
147 229
83 174
26 32
110 154
170 218
66 177
64 232
17 35
139 213
64 115
9 249
201 223
1 174
55 145
135 239
62 118
141 142
56 133
3 48
0 76
138 158
26 148
112 130
56 185
104 215
13 115
102 236
108 176
214 226
2 79
102 170
89 173
43 88
101 230
144 168
67 106
128 169
15 175
156 211
119 128
72 205
146 180
108 241
12 240
136 184
10 75
56 184
116 226
54 208
56 125
36 106
24 90
49 78
152 201
128 180
26 95
42 162
119 209
44 58
116 193
121 174
94 172
125 126
162 226
123 131
110 186
16 130
1 210
193 200
153 199
100 194
52 156
68 232
28 243
8 87
68 198
13 189
104 238
38 248
69 164
83 150
30 44
142 180
105 155
211 237
106 249
182 186
37 104
108 234
78 226
4 227
30 66
141 177
137 228
24 50
117 153
80 182
218 223
25 182
21 36
37 139
72 246
63 92
65 229
5 138
47 108
197 227
86 144
1 243
147 192
52 90
132 149
212 226
118 164
155 162
58 165
79 86
177 236
115 159
32 159
202 239
8 52
3 218
103 152
194 227
162 183
191 199
17 179
76 248
17 242
9 79
111 240
12 37
111 168
18 33
52 209
93 172
67 227
139 233
6 187
30 233
152 217
1 178
103 184
95 242
37 208
76 117
40 182
76 237
69 92
28 138
62 75
21 136
173 227
138 223
7 67
101 199
112 116
23 204
10 94
8 183
76 233
80 98
59 71
74 149
173 186
9 234
67 82
58 180
28 166
23 151
91 104
92 231
140 163
7 196
22 78
204 247
42 85
2 44
147 185
48 208
70 156
0 80
37 143
78 241
120 165
21 193
11 110
190 217
5 12
88 128
20 44
105 237
215 227
131 140
136 241
3 7
35 241
31 204
215 233
106 198
73 131
3 79
66 187
115 154
147 229
212 233
50 215
65 198
75 153
7 37
196 205
56 94
148 212
9 233
87 127
87 156
84 120
19 68
69 136
99 167
203 234
58 103
81 130
99 186
44 170
193 223
136 212
89 187
23 112
166 213
146 189
95 163
187 197
22 154
20 101
14 43
62 153
18 90
1 37
42 165
199 209
203 212
20 65
21 157
144 216
38 71
44 215
38 194
72 162
96 119
40 204
107 188
13 120
92 93
151 179
70 142
242 247
27 189
85 225
68 171
113 126
129 244
64 171
120 199
137 145
50 90
20 115
104 176
41 163
62 237
53 54
92 217
19 128
86 167
15 101
18 204
25 48
22 149
102 130
27 183
157 247
1 189
65 165
42 239
102 212
133 239
5 177
111 232
18 158
178 180
45 154
52 112
46 114
72 129
24 44
21 55
39 194
6 207
5 174
19 131
67 197
101 137
49 238
140 218
59 184
184 210
46 168
7 43
12 143
96 153
177 243
39 223
86 205
173 243
82 159
133 141
146 149
11 191
41 218
62 197
76 93
83 237
2 6
80 245
21 201
82 140
195 215
98 232
179 227
46 193
52 84
78 185
128 243
79 132
13 185
55 123
107 196
6 196
212 219
30 193
66 166
152 215
31 186
179 188
17 246
43 87
23 104
170 232
112 159
29 105
38 197
13 108
62 215
1 96
141 185
167 239
0 189
89 220
96 175
244 245
134 237
12 57
83 157
49 140
34 147
67 202
66 87
191 230
24 81
39 90
155 209
208 218
58 162
32 109
143 172
11 22
75 236
107 147
11 41
39 190
73 167
108 124
66 166
46 233
20 73
105 139
33 155
125 137
11 81
102 131
10 69
125 156
190 213
159 193
46 178
122 193
18 48
28 122
222 236
92 203
7 195
204 222
112 141
121 202
86 115
98 187
80 100
130 138
87 91
110 198
212 237
218 236
39 239
140 242
46 155
12 90
31 72
7 64
31 182
12 125
112 214
23 91
37 153
79 107
139 173
223 226
80 197
14 70
205 220
61 206
51 198
149 187
31 63
24 214
36 205
197 225
90 124
161 180
12 45
162 220
54 220
7 165
37 66
33 124
18 67
71 128
15 246
190 198
3 37
160 233
137 154
0 198
66 238
122 240
91 244
50 187
183 205
80 182
17 76
167 207
121 230
144 236
140 211
39 210
62 202
2 175
68 245
180 199
27 233
13 77
56 146
142 163
42 153
80 169
76 87
31 52
178 205
6 54
59 163
65 235
0 129
112 113
40 158
87 89
77 138
132 153
83 237
19 63
34 63
93 126
29 189
146 247
31 38
64 110
200 227
32 236
86 210
32 126
47 140
5 110
208 240
85 126
122 237
172 197
41 179
31 98
76 227
152 181
8 168
29 175
6 226
43 222
58 222
86 197
21 151
202 232
128 171
64 201
121 145
99 228
129 211
95 147
31 171
14 105
37 38
140 242
51 240
127 164
34 224
3 99
71 215
18 208
4 65
178 231
88 219
31 213
23 48
40 230
75 168
66 171
99 172
79 121
111 152
17 180
34 190
75 218
67 115
133 163
4 147
58 239
84 214
73 157
213 249
119 227
105 209
79 170
119 151
27 89
104 123
142 189
149 232
83 144
1 232
3 144
7 168
97 201
190 242
100 113
50 194
117 179
212 218
54 198
21 221
180 205
40 67
7 112
115 142
167 177
95 165
194 233
135 146
91 184
71 246
93 133
97 242
181 199
28 111
150 156
159 217
104 182
45 52
10 238
81 227
215 216
185 192
27 87
47 148
106 139
96 140
234 239
140 189
84 129
142 221
2 17
234 248
70 97
39 234
80 220
102 217
60 97
172 243
51 160
77 186
14 194
94 176
10 207
113 215
93 114
52 98
75 248
152 233
26 181
56 209
120 207
7 150
11 190
65 167
109 228
27 204
64 140
124 145
178 241
43 102
133 170
129 137
43 114
159 190
26 53
51 108
11 150
149 187
129 194
179 190
74 81
117 155
83 145
24 160
142 220
45 64
176 226
58 215
36 57
132 192
214 226
118 227
49 95
1 160
186 238
12 176
90 116
45 234
1 208
131 187
108 194
42 156
87 149
32 126
35 123
112 185
216 237
88 189
46 150
8 209
35 98
59 73
39 247
37 54
90 192
48 245
2 74
140 148
131 229
31 222
88 123
90 93
99 105
37 217
9 245
17 128
82 212
5 72
70 120
132 171
76 163
68 116
42 236
16 146
30 234
94 173
27 171
69 248
121 206
88 95
68 170
113 120
9 61
66 81
129 171
36 109
29 239
168 237
48 242
94 203
41 81
34 229
88 175
11 198
131 200
82 139
107 109
24 77
21 121
88 223
37 74
83 234
37 175
85 124
215 225
162 224
31 200
146 182
122 174
24 40
163 175
81 200
227 247
102 239
5 26
111 217
206 213
18 156
32 179
0 60
23 230
73 136
75 102
172 235
23 73
175 223
126 160
86 202
15 221
17 247
214 230
68 88
162 189
11 188
113 114
143 219
29 42
18 29
76 212
45 46
5 30
38 189
79 156
155 184
42 192
161 217
119 213
0 179
118 236
128 232
52 79
172 233
92 141
122 139
63 78
3 93
158 203
225 243
49 185
123 146
3 25
18 180
28 162
34 85
137 150
212 219
55 83
22 26
72 216
22 176
9 98
85 196
210 216
6 75
129 150
136 158
42 183
126 133
236 240
162 188
8 126
42 129
48 162
112 160
134 178
18 231
19 101
70 246
71 133
108 207
103 229
45 96
32 190
76 237
18 210
5 143
66 85
78 105
140 141
6 41
8 94
80 106
13 107
17 53
171 208
80 108
50 124
37 159
44 146
70 183
21 97
14 217
98 107
3 79
33 100
95 132
6 94
170 216
50 123
87 148
41 222
74 140
150 192
77 249
45 245
58 154
55 174
10 161
17 147
119 174
26 241
54 155
34 122
70 84
125 134
101 185
3 171
130 135
140 158
39 152
102 104
51 159
79 179
20 37
139 239
10 89
97 155
125 149
35 225
71 157
108 231
108 156
106 222
55 118
64 116
18 215
53 132
98 99
18 52
123 127
33 132
34 229
69 74
95 196
197 220
77 171
24 73
10 197
147 213
139 228
4 164
175 190
136 148
56 109
25 182
31 174
187 204
62 228
8 48
42 96
23 148
67 91
79 231
98 124
67 155
45 169
95 107
29 52
200 224
228 248
13 201
56 106
74 164
219 238
111 207
12 216
92 112
49 82
91 188
195 229
62 161
35 214
119 169
41 69
79 119
102 223
103 143
208 215
71 219
3 42
95 141
142 222
79 83
216 220
43 59
186 195
12 139
173 240
20 135
88 91
126 222
207 240
78 205
56 190
57 79
162 179
30 37
139 158
100 227
35 192
6 143
72 208
4 100
83 196
103 185
57 70
134 172
139 172
230 244
124 213
49 142
96 205
61 104
23 151
11 235
81 143
73 173
85 154
141 145
51 244
35 106
92 243
2 104
152 225
26 195
160 186
67 203
67 145
99 134
56 136
7 117
85 203
92 236
1 88
211 228
72 94
112 206
162 211
169 183
111 178
97 210
52 53
22 223
197 246
176 249
30 114
17 65
55 60
12 155
193 201
27 94
42 59
133 145
11 106
39 160
25 181
14 146
38 197
8 17
10 125
60 170
82 107
115 248
99 171
2 102
28 244
139 199
132 232
24 216
74 158
15 166
39 175
21 25
131 165
39 218
20 43
75 95
15 77
29 147
115 205
5 176
90 239
145 229
67 197
97 112
27 95
4 245
83 185
90 185
45 150
48 232
173 226
104 224
193 204
116 168
59 145
52 99
57 142
18 115
3 8
24 201
160 222
105 151
59 171
68 150
145 234
127 226
25 66
182 183
44 101
29 114
141 202
32 173
74 91
83 244
5 77
43 169
138 186
64 97
153 192
40 212
5 162
201 219
52 77
153 227
54 214
136 166
118 214
35 188
45 123
45 100
88 247
89 241
209 234
104 218
195 218
137 234
134 230
137 207
141 179
64 173
229 243
222 248
12 223
3 36
102 242
73 207
165 232
3 124
72 183
163 198
20 145
38 205
108 177
124 139
78 143
34 132
80 122
68 244
13 164
41 239
176 203
45 197
93 172
190 200
77 212
44 105
113 233
21 36
159 172
114 165
186 195
59 146
75 248
58 71
77 110
179 230
92 101
58 184
18 83
144 148
17 239
6 13
84 227
87 244
72 214
187 237
243 247
42 200
20 91
191 238
12 50
137 223
39 121
179 189
159 164
201 244
98 113
19 48
91 194
137 232
91 190
109 161
187 189
11 175
196 207
125 197
65 168
34 39
112 201
230 233
91 164
50 76
230 233
136 207
30 44
31 249
198 229
7 205
19 45
28 219
21 150
75 162
16 24
109 204
126 222
63 109
137 225
126 221
31 84
118 153
103 235
52 206
46 124
34 218
134 135
146 235
110 138
58 113
65 116
139 165
101 138
116 239
98 200
32 217
123 190
25 240
7 30
119 229
138 220
29 227
95 160
62 159
172 174
160 197
153 213
121 127
36 219
152 199
50 93
61 108
222 249
154 202
90 225
82 161
119 120
53 159
80 146
9 122
52 152
21 91
46 146
48 138
58 62
156 178
17 221
46 49
95 102
33 49
44 68
26 210
2 241
225 230
193 218
16 175
112 133
30 209
15 61
68 194
96 207
34 88
35 127
71 151
48 76
163 198
212 239
26 31
88 198
91 119
9 94
185 205
61 88
83 86
128 240
60 225
30 180
188 243
16 149
18 176
64 195
11 101
115 188
157 201
121 152
89 211
4 59
73 190
6 197
120 163
97 187
29 61
38 224
75 131
23 58
86 226
35 221
185 249
37 47
80 167
53 230
20 127
12 203
68 158
95 235
136 150
35 113
106 210
126 140
95 124
49 67
12 165
186 241
125 142
60 205
99 104
112 218
124 173
236 243
143 175
98 139
48 234
55 166
53 78
143 156
96 170
41 72
174 184
134 182
35 183
155 249
46 80
95 223
65 105
37 186
9 24
8 125
111 221
40 68
120 220
120 245
101 111
73 97
191 234
18 185
184 229
27 218
130 214
7 244
136 238
37 203
2 140
218 245
23 178
233 245
90 234
5 147
17 137
91 180
16 27
117 197
58 211
20 244
37 174
85 220
35 159
195 228
84 100
20 179
86 223
29 79
132 180
100 135
63 183
16 121
87 186
135 231
52 97
30 39
232 241
103 204
26 202
73 216
151 234
157 240
192 208
76 131
112 223
189 236
17 222
153 179
168 237
136 172
131 150
223 248
102 111
68 78
63 208
4 42
99 131
146 210
46 77
59 133
103 163
34 130
57 85
0 36
68 199
178 239
103 177
30 236
16 187
73 152
30 157
73 95
16 136
40 167
73 197
6 156
8 173
72 145
92 217
19 98
4 223
88 213
78 109
0 93
110 170
73 169
26 34
27 223
29 106
114 191
15 65
148 203
109 154
69 231
198 247
62 243
86 124
3 210
3 11
92 171
17 199
18 35
151 189
39 110
17 164
15 82
35 175
148 176
15 20
56 235
34 101
15 119
19 122
45 194
182 246
143 214
61 192
180 198
100 220
1 117
43 141
36 99
155 199
202 210
55 70
72 157
117 170
98 122
78 206
5 21
28 174
62 229
38 143
60 192
62 185
14 21
193 237
76 215
158 204
4 240
59 118
19 80
10 147
94 103
78 192
91 101
200 231
206 238
100 153
14 45
27 211
54 185
49 144
9 111
41 74
34 112
31 225
93 200
0 130
50 225
199 230
71 145
36 156
76 171
134 142
37 150
72 160
56 245
80 91
3 75
26 72
25 232
162 225
75 168
89 215
80 141
142 212
198 204
123 177
48 219
16 208
112 158
40 56
19 120
125 151
235 239
136 212
165 198
13 46
104 249
101 110
66 118
87 106
25 85
100 205
126 134
59 176
150 237
156 230
53 124
37 183
52 107
55 167
32 223
239 247
126 165
77 139
8 142
82 207
42 139
11 25
1 81
63 167
60 79
21 83
118 158
30 146
37 78
149 204
83 240
82 147
15 248
28 169
57 234
13 151
12 81
47 76
32 122
76 181
60 62
150 211
86 243
61 90
15 200
175 218
6 208
146 216
189 208
17 132
94 128
155 187
114 238
69 118
166 175
46 93
113 216
67 117
55 153
107 197
39 245
175 225
25 160
27 187
90 170
94 121
72 182
72 234
136 219
61 76
32 58
13 220
209 232
67 207
79 96
36 181
142 236
6 149
66 70
48 121
105 228
49 87
67 138
42 106
129 145
115 134
139 177
221 231
17 126
73 117
105 229
131 206
28 64
71 135
18 43
169 211
8 53
91 103
150 183
201 244
53 187
132 153
24 91
120 162
120 168
40 234
143 179
3 141
16 158
29 213
55 181
85 100
92 130
0 166
13 131
91 137
151 228
21 247
16 52
29 216
77 93
61 216
113 165
57 143
65 79
50 107
58 159
105 193
181 226
97 151
95 139
5 27
149 245
107 227
20 101
57 193
154 233
148 201
163 200
53 119
181 241
116 176
0 156
19 109
54 227
22 99
158 175
198 217
33 102
79 145
210 223
0 224
159 200
155 215
139 200
23 153
114 185
133 207
76 138
7 172
22 175
99 242
16 116
95 107
59 79
10 148
78 155
53 237
134 214
128 163
22 159
100 157
55 122
129 220
147 180
69 86
140 224
75 205
77 116
59 233
125 201
30 184
218 221
179 232
60 109
114 249
1 150
145 172
73 180
156 172
66 112
144 172
121 231
10 228
25 74
126 137
139 202
95 188
19 199
58 186
93 160
0 188
54 167
22 193
142 190
49 149
103 168
12 228
120 237
12 36
92 189
103 109
113 208
106 207
68 201
97 133
10 74
29 39
82 165
95 117
62 123
27 175
72 80
87 90
95 247
19 114
224 243
11 118
102 232
161 208
139 187
46 95
116 147
162 229
165 237
22 190
114 123
106 140
62 151
65 204
225 242
227 237
69 186
39 169
89 120
12 151
3 10
148 216
38 50
22 69
140 164
125 212
1 100
180 242
167 196
100 210
59 221
17 81
117 200
6 68
220 242
40 163
181 214
3 93
13 231
153 195
65 84
30 59
221 222
17 195
8 83
20 46
151 157
63 238
111 229
102 142
183 193
188 209
54 56
129 140
172 191
59 67
29 152
163 247
44 171
82 212
16 57
3 238
48 225
105 232
68 180
67 156
155 243
137 199
123 194
13 94
109 230
68 104
6 92
2 152
71 140
206 240
30 85
169 240
188 195
117 232
151 197
159 221
39 153
20 119
239 249
8 50
128 192
9 177
167 198
28 199
110 170
118 206
12 127
142 172
156 211
10 66
81 138
9 207
14 195
114 195
3 201
139 195
73 218
23 53
107 185
75 129
69 107
117 220
54 130
131 171
242 246
52 94
137 223
4 212
7 162
45 162
41 58
105 110
126 193
20 207
77 146
14 234
37 211
95 164
47 239
86 124
42 172
143 153
107 139
127 133
122 126
57 104
76 138
94 177
77 181
153 200
44 136
146 228
73 155
31 68
66 113
23 57
100 116
79 246
88 164
124 235
18 208
61 151
13 50
136 216
140 185
55 169
200 244
131 248
9 83
117 172
129 221
73 165
56 190
30 239
144 217
23 54
64 154
13 240
109 156
146 152
122 199
43 156
61 93
151 165
13 246
46 71
19 225
152 158
211 227
6 217
201 246
6 91
177 181
31 50
65 155
146 225
90 97
76 149
103 150
169 202
144 163
191 235
40 234
104 106
185 186
22 122
41 73
1 79
36 204
55 77
42 93
175 203
161 244
192 199
110 159
116 164
182 226
172 180
39 77
85 196
181 201
64 79
122 143
109 205
19 42
178 200
4 172
29 157
11 245
194 226
44 165
192 221
56 119
165 242
76 202
17 223
65 210
11 99
24 98
133 230
145 240
5 202
41 102
12 141
174 180
43 208
172 189
83 192
36 141
77 213
61 74
87 191
209 244
9 230
142 156
131 168
45 130
188 213
23 40
70 153
28 157
22 36
30 194
33 41
102 143
41 159
99 135
106 160
81 144
68 165
79 116
57 214
73 82
163 175
23 98
111 193
100 128
44 202
43 74
147 237
176 237
126 180
87 91
67 156
15 189
63 107
45 114
15 132
33 153
159 211
118 167
40 113
91 227
227 229
37 70
44 131
145 218
187 194
36 75
84 229
87 142
105 222
4 170
63 83
153 181
46 142
108 160
2 33
64 167
63 158
113 194
89 95
62 249
101 227
5 78
58 124
174 220
174 234
39 128
78 91
88 245
21 162
138 185
173 214
30 191
234 240
89 115
59 164
138 158
12 196
189 209
187 214
80 159
97 203
128 155
140 143
29 92
67 155
4 121
223 226
39 47
76 185
20 234
205 240
65 225
31 142
202 233
69 146
51 175
22 196
63 91
112 126
16 147
51 142
24 77
67 198
34 144
78 117
86 137
75 149
7 14
19 181
31 208
1 177
26 128
134 162
200 244
9 242
157 197
27 234
156 224
42 54
29 93
40 165
142 169
113 241
5 201
46 246
5 19
74 150
140 175
110 245
136 196
229 245
30 80
58 224
1 142
53 188
167 245
77 145
75 104
22 246
49 221
93 190
72 89
14 114
1 38
45 75
67 210
122 143
28 55
151 245
49 150
176 229
77 200
81 207
47 186
50 120
26 154
178 217
107 145
71 98
139 226
26 228
100 104
171 240
97 237
94 117
38 44
97 205
69 159
43 217
69 175
78 115
105 178
28 142
118 229
189 203
41 189
88 114
152 221
146 233
72 207
0 222
82 133
135 165
29 44
7 249
24 64
198 249
45 111
65 111
11 165
62 240
33 81
62 86
161 163
57 166
85 239
142 203
16 156
1 24
65 82
61 66
166 209
25 29
58 242
71 81
25 26
54 219
58 175
61 92
12 211
64 198
34 219
119 217
110 112
113 237
27 246
2 232
79 219
127 197
183 214
137 234
24 124
209 239
33 45
114 244
176 223
33 125
85 208
178 238
155 163
152 160
200 207
55 206
87 88
158 168
105 162
35 88
104 124
76 106
32 160
120 244
102 219
88 97
31 96
17 219
6 84
43 111
55 109
141 184
52 195
108 152
104 228
47 204
117 145
160 164
90 245
48 233
43 71
41 129
18 201
98 161
83 143
63 207
131 232
60 73
10 247
3 57
35 103
107 177
159 193
64 133
115 189
12 47
126 194
34 100
156 200
25 214
117 118
83 141
70 139
105 110
44 218
151 198
185 209
57 176
181 241
97 105
244 246
96 125
35 110
40 71
178 200
52 113
113 162
234 247
5 157
6 74
73 105
104 203
79 82
215 232
83 127
153 215
44 76
114 213
21 34
19 207
129 215
138 177
180 215
114 115
122 146
41 67
96 134
56 241
53 62
151 240
104 141
37 72
81 240
15 219
32 193
198 208
49 53
42 122
139 219
167 182
239 240
92 123
46 162
197 211
55 161
226 246
74 166
55 193
57 207
152 173
223 230
158 230
183 191
73 227
187 190
89 160
81 109
122 145
191 198
29 232
22 166
126 143
27 107
86 204
224 234
77 249
11 154
62 171
6 70
20 113
204 249
83 222
52 247
65 125
109 159
192 194
20 157
214 228
1 140
119 187
140 183
52 174
77 159
15 214
125 216
25 222
67 96
235 242
11 107
18 141
33 85
51 143
52 105
164 236
15 53
138 227
173 178
23 154
110 186
84 193
140 193
72 90
74 205
14 208
181 210
129 154
18 100
43 205
37 89
148 207
141 212
2 199
190 194
2 29
74 175
57 155
32 81
19 156
69 121
153 208
101 145
154 207
83 135
27 232
22 106
56 172
123 162
55 95
7 35
53 169
172 219
81 150
165 211
28 193
16 80
50 157
91 205
13 55
14 235
172 213
5 209
14 91
52 55
47 75
14 107
53 145
153 179
39 115
22 217
105 111
133 204
18 144
40 92
93 166
87 175
98 173
75 122
100 179
34 193
127 206
52 106
101 185
79 158
102 231
1 171
40 211
118 227
43 90
75 142
66 105
70 211
113 195
25 172
186 190
81 214
11 24
42 83
67 230
67 163
78 95
42 75
122 222
18 219
35 47
108 186
22 70
175 206
131 202
57 88
23 45
84 231
48 136
51 248
68 156
19 240
33 163
78 214
38 237
123 176
16 152
152 180
16 220
172 249
158 181
115 160
7 104
101 189
14 197
51 94
94 248
92 162
148 152
67 75
73 112
159 177
211 234
133 158
157 244
24 99
206 224
117 166
172 246
73 91
32 67
143 230
53 142
30 143
30 57
12 153
73 162
141 220
82 100
100 144
121 216
40 197
72 82
71 78
37 46
105 236
102 158
159 225
4 34
20 142
125 219
69 209
17 144
81 213
132 229
58 192
15 33
198 219
134 141
28 106
75 96
31 78
8 78
96 224
163 236
36 235
77 158
184 235
40 161
122 180
110 215
211 239
29 122
73 191
36 104
16 214
158 211
0 248
10 91
123 130
58 228
186 207
168 241
43 169
36 94
145 201
25 79
48 205
89 221
79 103
7 242
108 191
80 234
192 204
33 62
37 157
40 222
100 193
125 249
25 200
160 186
25 134
128 159
154 240
57 82
122 142
133 171
155 156
92 158
61 119
178 246
152 228
5 203
48 183
47 71
91 146
73 243
46 203
3 95
12 149
145 238
5 227
30 220
123 124
94 224
81 228
18 134
13 116
49 70
92 162
48 62
96 171
67 177
109 117
55 239
28 72
38 228
39 79
25 192
83 155
62 173
191 195
26 244
111 226
1 167
21 138
123 157
59 189
2 27
135 208
45 79
70 193
16 90
22 226
42 66
21 164
171 224
68 140
35 190
34 160
132 205
91 222
8 169
60 164
78 151
59 119
171 214
0 216
21 160
43 51
64 180
9 12
37 93
75 239
103 122
173 211
4 84
22 123
17 37
140 178
44 204
24 177
30 110
130 200
18 186
130 181
127 233
59 172
41 178
16 91
19 213
45 146
38 114
4 87
99 197
39 63
33 160
84 136
105 196
191 226
141 158
110 204
132 143
109 122
153 226
5 11
93 123
19 21
11 205
102 103
113 177
119 200
72 212
81 188
73 87
5 214
65 220
61 182
0 77
1 232
142 246
101 220
40 156
125 132
190 242
40 185
145 222
8 170
48 246
20 45
20 228
17 75
45 126
75 216
23 44
167 177
28 63
140 179
53 69
48 244
139 172
9 190
123 209
123 235
135 178
47 160
22 38
17 208
80 216
48 215
13 234
112 119
24 239
62 69
111 246
12 100
50 176
0 212
29 40
97 194
29 54
139 154
61 204
32 220
30 249
106 142
83 112
50 242
49 246
88 155
100 126
13 61
136 195
96 191
68 200
16 198
103 145
13 225
33 188
143 232
27 57
10 212
80 193
19 140
79 171
25 152
201 236
74 123
43 201
45 115
65 180
3 157
204 219
124 152
67 237
179 198
80 245
142 150
119 195
130 174
2 231
56 170
36 114
173 248
109 189
25 206
71 90
49 220
10 203
178 193
42 124
4 65
77 89
107 151
140 231
98 236
121 242
13 206
43 238
82 141
168 231
53 115
51 90
1 194
32 100
120 219
85 246
42 98
135 199
41 65
62 240
129 198
73 90
3 211
83 110
175 233
154 223
27 243
2 41
101 116
69 228
208 241
35 249
133 169
71 133
139 148
88 214
40 84
65 123
105 179
120 230
29 167
83 148
182 248
108 154
191 225
111 145
113 117
1 187
1 61
34 152
30 203
5 73
20 149
35 38
88 158
21 64
101 118
199 213
41 169
129 155
66 72
101 191
1 135
25 66
27 179
3 202
0 177
206 233
179 246
136 237
207 233
25 57
97 244
42 63
53 108
202 226
161 218
34 86
72 235
27 182
116 159
182 185
157 170
81 201
179 181
87 181
198 232
62 112
206 246
185 202
50 59
151 168
111 142
66 176
53 97
239 249
10 87
109 185
84 109
138 157
162 236
105 214
62 204
89 139
15 60
116 204
41 166
158 248
188 214
52 143
61 87
75 139
90 119
30 225
18 150
229 241
154 172
32 113
6 141
4 121
141 245
144 162
85 94
63 248
212 244
99 146
1 124
66 73
119 242
114 118
201 235
44 88
181 223
78 92
38 115
142 228
78 186
110 148
0 10
37 73
2 233
124 241
41 51
46 55
200 226
53 68
166 185
76 219
36 197
134 228
95 240
158 173
25 230
129 144
9 161
21 70
19 34
118 154
75 117
65 159
86 97
119 211
53 201
51 229
109 247
128 136
5 47
159 173
175 181
66 161
129 152
40 103
142 146
141 187
37 107
85 131
92 237
71 148
33 130
130 186
0 139
122 136
157 162
112 215
5 24
9 240
96 109
64 194
183 221
143 239
100 249
66 184
236 245
232 244
3 93
20 75
84 164
160 180
101 242
69 114
50 188
193 219
103 127
43 64
183 198
136 247
115 229
81 158
17 204
135 186
112 195
127 172
76 89
124 208
85 95
14 219
107 219
54 205
57 184
101 196
162 219
129 164
121 169
134 186
179 214
81 142
114 146
26 73
95 135
214 229
99 169
38 102
43 191
7 101
25 171
146 248
74 144
51 119
133 206
100 136
19 111
168 214
114 216
94 243
8 90
76 163
81 184
196 217
124 193
85 103
134 225
16 95
132 142
76 164
47 125
25 40
2 126
154 199
4 83
51 167
35 176
37 98
33 210
6 105
206 227
123 214
130 182
203 221
117 190
45 243
86 189
124 164
20 61
189 206
61 82
22 155
81 199
83 206
43 188
19 121
149 209
58 201
68 76
46 166
85 108
198 235
116 227
14 247
3 158
69 173
34 40
54 185
123 150
140 220
116 123
28 225
105 161
71 120
46 97
30 52
103 187
28 171
103 157
24 135
91 152
162 227
17 90
62 114
29 216
52 157
136 234
21 41
94 143
2 148
10 220
70 189
21 185
17 38
150 176
105 173
120 152
91 135
55 246
106 176
71 197
170 196
9 167
123 235
111 161
67 94
29 155
52 96
195 207
69 220
166 235
169 235
40 192
94 101
4 70
57 108
81 116
139 186
30 240
81 226
13 148
27 124
95 98
120 227
78 216
47 173
132 220
228 244
37 189
15 73
112 138
153 164
70 146
103 178
83 242
76 235
151 189
92 184
174 203
76 223
35 202
36 226
61 226
79 115
72 118
52 214
102 210
5 164
188 215
35 215
159 223
180 202
101 132
3 42
97 221
102 180
165 205
38 217
147 182
158 195
10 137
15 243
13 48
57 169
155 186
38 164
38 95
118 183
34 200
74 103
142 237
15 205
4 34
75 246
97 219
60 161
8 35
14 171
85 162
10 96
228 241
115 194
96 238
131 236
132 191
37 238
39 45
26 45
90 195
132 247
156 219
27 119
128 176
36 155
6 59
120 203
135 238
54 105
141 152
36 161
91 157
20 108
129 236
130 201
74 133
86 182
49 226
99 112
13 142
11 249
136 224
0 5
2 91
69 76
166 205
183 224
60 181
77 193
103 150
17 131
139 142
70 130
25 188
11 92
69 176
199 246
240 243
26 117
124 192
190 192
39 208
132 236
101 179
176 206
27 148
24 224
21 197
123 219
125 127
149 158
114 125
99 133
124 226
43 62
10 209
169 243
3 242
32 42
37 67
90 134
117 124
3 213
2 8
23 34
11 222
3 33
133 189
14 49
198 199
177 224
101 102
133 199
44 100
66 170
81 170
109 220
3 63
16 85
176 239
69 120
44 147
30 73
3 186
104 144
119 123
126 245
46 131
61 62
79 211
10 54
0 167
115 181
9 89
73 128
12 149
106 127
153 168
118 246
158 226
26 241
124 207
19 200
98 242
78 197
95 207
134 143
118 178
12 146
128 203
1 162
31 222
77 211
23 30
6 52
171 239
39 198
184 215
28 234
2 40
183 229
103 193
169 219
33 68
211 217
66 103
15 186
71 109
207 242
47 208
135 223
91 173
26 59
60 188
15 87
4 57
11 36
32 115
27 75
161 175
49 224
48 191
164 219
47 116
112 167
87 213
121 200
70 216
137 144
142 238
67 214
175 219
2 63
101 166
112 206
5 28
179 201
57 102
3 197
6 171
105 228
72 132
11 195
0 134
21 230
123 187
121 157
101 235
139 208
23 62
91 151
39 161
205 234
78 202
227 233
158 218
160 215
134 215
42 103
109 216
56 135
30 90
54 109
182 202
18 191
2 22
65 222
102 157
164 180
148 190
33 203
58 67
169 204
2 247
95 114
76 98
10 184
111 135
62 168
155 235
16 231
220 225
8 176
55 243
106 243
10 86
83 221
51 167
61 73
106 213
56 230
113 182
47 150
76 124
106 149
7 180
52 139
121 195
56 249
183 247
47 52
5 231
15 21
18 177
87 244
1 74
173 186
42 96
131 228
60 132
140 229
21 61
18 225
24 66
19 39
5 200
122 201
112 115
128 249
21 224
67 127
49 142
7 32
86 146
162 230
55 247
182 207
87 162
137 154
16 244
94 126
120 125
22 97
145 154
183 219
23 189
136 177
66 69
154 181
45 199
115 238
206 214
162 229
113 216
15 166
114 206
23 146
6 204
125 198
171 191
139 159
178 208
146 230
209 226
105 198
123 230
42 61
99 187
109 150
1 212
130 199
126 229
56 84
62 138
89 174
9 14
75 187
194 195
84 86
46 100
82 112
17 43
105 221
149 230
96 133
7 188
74 186
226 229
51 130
215 225
70 234
34 186
10 44
99 196
21 199
98 169
75 177
72 78
85 155
31 103
52 73
124 168
138 197
59 218
15 116
125 196
17 210
52 233
53 148
97 200
17 105
68 138
40 185
118 214
106 206
39 109
140 152
14 45
45 226
36 69
34 216
74 227
19 162
232 243
178 210
175 194
107 142
113 221
92 119
25 179
98 240
35 217
53 202
27 78
99 238
29 43
131 160
128 142
87 189
80 126
48 73
92 205
16 126
93 231
69 133
161 238
100 195
13 183
141 221
16 146
188 236
174 226
153 173
138 153
42 67
42 92
68 79
10 58
65 134
31 183
45 111
45 102
150 204
40 138
35 193
160 192
91 179
42 103
115 204
5 154
121 236
149 163
79 165
12 40
135 247
46 64
36 149
90 116
51 137
38 233
46 210
28 222
88 216
43 237
115 182
68 188
104 120
51 139
29 247
16 106
82 89
9 215
221 241
218 219
181 235
41 70
101 224
20 246
75 92
25 152
2 145
153 158
183 189
4 50
79 220
57 120
41 42
41 108
138 224
58 177
44 90
2 195
1 241
8 203
58 87
232 245
104 224
10 116
75 127
6 163
117 212
51 181
66 95
129 210
54 226
54 98
20 141
72 200
132 239
49 82
195 208
14 207
59 68
42 117
17 211
98 245
63 188
85 154
49 64
91 209
118 192
58 132
72 76
7 113
51 116
105 114
19 164
47 69
133 238
200 228
79 214
139 212
36 118
218 231
51 232
1 248
52 159
3 60
121 187
93 174
105 178
114 167
68 89
116 187
82 139
24 227
58 109
37 55
118 122
154 171
121 238
106 228
65 173
7 24
140 171
10 248
0 124
37 196
3 32
34 49
22 158
121 123
238 241
2 182
211 238
56 196
70 221
70 128
86 125
9 247
2 173
96 215
111 212
216 230
19 190
207 239
15 67
153 229
61 104
33 110
113 160
43 68
24 79
97 249
54 232
102 246
36 126
116 242
149 167
35 223
110 189
58 242
23 196
87 104
37 46
62 98
123 240
12 116
20 242
86 133
23 76
110 230
155 244
1 91
34 140
165 241
6 193
130 163
14 46
85 189
188 228
84 168
125 192
15 37
2 54
216 232
149 195
50 52
76 206
129 160
116 227
25 174
91 187
65 206
8 13
0 148
126 138
45 249
11 49
219 220
91 129
144 174
33 204
72 93
207 220
64 129
66 218
27 231
180 211
171 229
73 160
175 214
84 93
115 155
217 235
18 126
197 223
54 148
48 159
13 187
24 180
81 178
159 162
57 242
33 134
150 218
88 203
1 192
114 233
132 216
105 206
140 204
170 244
39 107
168 240
106 117
21 32
77 174
82 214
32 246
18 61
38 43
117 202
7 217
96 224
26 185
92 199
47 55
52 215
11 70
214 236
133 173
122 211
10 185
13 236
124 245
28 97
59 111
148 245
66 186
217 241
185 248
17 79
68 74
49 207
191 218
130 217
85 163
67 93
156 175
118 136
87 121
122 183
91 158
120 239
25 169
67 213
80 227
56 130
179 241
104 212
36 236
210 226
36 87
68 95
160 232
7 236
100 223
117 181
47 131
188 247
3 41
67 90
203 219
15 222
189 214
147 195
64 214
31 241
28 245
73 244
41 174
55 173
33 205
11 106
84 153
58 199
0 42
29 230
24 233
91 233
176 246
91 186
159 166
8 190
12 78
83 249
13 230
53 220
35 243
66 155
66 189
15 169
181 233
25 31
13 180
102 158
41 139
63 203
100 112
23 65
40 92
75 244
126 131
35 116
9 145
142 164
175 227
35 187
168 181
65 159
90 129
65 171
117 150
29 187
77 234
22 68
56 105
8 104
42 220
54 156
110 160
95 190
39 127
47 218
146 222
127 234
24 242
125 229
39 145
49 121
70 143
34 167
43 160
26 100
32 163
49 175
111 117
99 191
145 244
157 203
49 113
50 86
119 188
13 98
146 181
174 189
99 143
241 242
205 238
140 238
5 138
183 195
209 227
116 219
111 125
33 172
5 156
123 141
45 96
142 215
45 100
14 34
124 125
195 196
41 95
133 186
48 206
87 113
2 101
168 249
88 108
36 97
49 106
114 182
172 242
103 153
29 91
50 151
51 195
58 98
155 226
3 103
242 243
15 206
9 132
12 96
0 175
40 130
192 201
101 106
72 163
147 195
222 243
15 178
90 91
2 198
130 233
66 155
49 241
57 124
26 158
156 210
64 219
89 140
114 178
21 72
77 192
82 137
29 37
237 239
181 244
33 76
93 244
24 54
29 171
24 206
4 20
6 203
100 131
150 200
132 149
105 140
2 171
55 137
54 223
103 227
47 231
58 219
55 179
11 242
120 132
149 197
122 154
12 184
205 247
114 201
64 245
42 110
178 225
10 192
81 216
130 239
1 104
39 214
35 182
11 170
181 211
73 109
153 248
59 204
188 192
116 224
145 191
241 249
209 243
111 236
148 169
136 233
0 136
25 191
61 108
182 189
51 196
32 154
49 133
35 179
69 87
169 199
30 209
76 120
150 193
69 190
94 239
27 123
97 137
54 158
2 98
5 234
187 223
100 221
2 137
195 242
30 134
110 160
104 123
155 196
73 133
26 137
0 242
71 134
174 230
26 162
50 205
151 163
56 138
33 58
34 69
39 246
210 212
40 183
111 204
140 239
165 246
169 207
76 141
96 200
87 108
25 81
106 231
45 52
59 211
132 154
96 168
114 185
71 138
129 200
14 173
54 228
149 223
180 188
6 7
41 130
5 34
74 104
77 155
166 169
229 244
27 109
29 67
113 116
126 182
68 159
4 107
111 244
206 209
51 139
58 91
17 89
90 164
80 96
131 157
39 105
6 247
7 12
87 138
54 127
117 204
43 80
21 57
181 246
187 203
173 237
175 229
5 82
119 127
67 212
207 222
159 236
90 249
166 171
137 240
76 123
99 101
49 188
56 70
107 176
73 222
20 123
209 231
16 198
55 114
33 206
126 177
60 177
1 227
125 148
238 246
47 213
200 241
16 188
129 188
209 241
215 229
160 199
58 212
59 178
24 213
61 221
74 101
0 209
90 150
73 153
51 120
52 194
13 23
20 103
42 112
185 247
12 238
33 213
79 100
122 246
93 138
74 225
124 224
168 227
31 206
83 109
71 112
19 41
170 191
61 149
39 158
81 223
16 79
0 37
68 233
104 120
40 107
159 170
104 230
107 176
9 57
40 227
90 231
68 126
75 223
78 198
160 183
149 190
24 85
13 237
34 135
153 186
36 202
60 126
141 154
125 176
2 79
126 205
90 154
3 192
17 73
39 227
125 128
178 198
68 172
120 137
87 145
168 217
179 196
16 138
0 236
110 118
197 219
64 227
10 205
79 131
80 202
198 243
180 186
37 117
188 232
16 161
0 126
22 112
76 96
89 190
55 58
27 199
65 103
88 98
68 220
35 114
22 66
108 200
110 238
59 162
184 247
64 240
35 85
197 230
168 210
178 184
156 183
49 140
26 249
130 144
58 131
220 236
96 229
42 134
157 159
140 233
71 154
30 147
90 102
168 219
106 232
97 145
78 174
5 185
151 244
103 196
84 233
88 147
11 248
35 181
173 206
38 133
53 96
131 219
35 50
124 165
11 156
182 224
11 177
208 247
6 241
145 176
26 157
163 218
18 235
18 129
235 236
18 198
238 248
108 219
203 249
85 143
113 186
79 235
29 221
60 212
141 214
104 165
112 172
47 190
9 187
56 143
120 161
155 206
29 231
28 185
70 158
176 215
36 229
29 110
14 231
47 56
95 246
105 165
106 144
45 81
65 174
74 227
70 82
37 192
49 169
220 229
80 128
118 172
156 192
7 102
70 105
36 207
55 103
26 43
11 175
124 186
18 47
51 92
231 246
15 31
134 151
170 205
115 178
3 147
200 241
4 124
8 245
95 97
65 240
32 116
68 156
94 153
133 178
131 244
24 142
109 181
107 170
29 164
88 132
96 214
105 214
66 183
166 191
34 118
91 218
24 199
178 236
40 69
146 200
56 215
86 96
32 78
207 245
148 154
80 183
94 122
134 249
65 115
194 197
26 241
185 193
3 194
93 244
115 187
27 87
162 216
125 237
143 220
13 242
82 165
31 86
12 88
150 222
50 132
211 229
172 243
99 103
104 140
97 244
17 103
120 202
143 157
174 185
110 182
51 170
97 193
2 160
111 191
93 105
10 118
32 55
116 211
24 203
115 209
76 85
68 71
83 217
103 131
14 140
185 195
19 34
55 159
130 173
20 154
21 132
1 236
37 248
170 236
124 210
103 154
54 176
102 147
24 193
50 142
18 55
66 96
113 209
133 201
34 218
83 188
30 75
83 146
29 136
87 93
110 160
38 75
6 83
73 88
39 46
179 189
132 176
34 247
45 211
61 168
76 249
78 105
43 211
168 174
7 95
177 237
50 108
44 53
163 179
37 245
108 188
131 170
68 93
62 172
147 186
121 183
36 129
80 102
70 74
114 214
129 201
33 87
89 104
179 222
137 208
124 144
167 227
200 206
98 107
65 194
63 139
83 109
113 226
131 225
59 114
153 218
33 91
247 249
148 149
46 51
76 170
62 64
18 69
169 201
67 190
174 182
21 182
34 232
24 42
18 162
13 170
177 234
1 6
115 133
102 207
85 107
7 85
75 243
88 149
106 225
54 240
11 208
76 241
1 235
39 114
23 244
110 132
83 139
185 210
71 247
70 127
112 216
101 190
9 218
54 133
7 126
182 233
6 188
17 235
2 97
43 121
46 61
226 229
44 129
27 185
52 168
68 174
12 33
170 190
60 94
161 230
96 133
191 241
11 182
15 246
230 232
56 100
8 225
17 190
178 243
12 137
104 162
135 157
42 152
131 227
59 100
7 231
64 193
4 21
77 90
72 164
20 214
242 245
30 106
1 30
67 97
71 167
1 102
133 187
13 112
98 121
139 162
201 216
82 246
87 221
57 69
68 168
202 247
63 134
171 221
70 226
128 152
44 180
21 190
30 170
13 153
22 57
80 132
66 182
194 212
31 161
201 228
200 229
60 67
115 132
155 232
33 77
45 139
81 169
148 188
55 111
26 110
18 165
113 231
84 235
113 176
155 171
67 242
23 114
5 233
128 173
56 220
170 215
194 220
36 240
93 214
6 27
161 211
124 225
173 190
67 116
32 114
44 186
94 156
10 110
205 221
14 186
131 171
69 150
137 214
60 191
24 234
122 191
25 165
124 200
119 156
11 31
86 200
151 172
67 75
61 110
58 89
34 169
45 159
200 202
66 174
76 180
64 159
20 118
209 213
185 234
23 111
114 216
79 92
32 203
119 157
179 215
87 132
120 149
11 173
59 194
65 132
14 126
54 201
5 161
106 158
12 233
86 245
18 247
18 219
72 125
96 166
103 234
35 117
224 240
147 170
83 137
222 226
97 241
33 234
28 202
69 246
157 159
38 168
9 135
109 152
75 187
143 236
118 243
1 218
94 97
49 215
166 188
113 164
59 96
83 190
22 38
105 212
132 180
136 175
49 141
213 218
17 184
87 161
8 191
43 243
33 199
212 234
101 207
95 243
19 46
27 31
72 195
45 228
165 222
17 174
168 204
9 97
76 152
140 157
126 148
2 36
211 239
106 230
144 199
79 126
60 191
90 133
234 242
54 229
188 235
118 233
37 233
104 232
134 204
140 208
51 209
127 155
53 218
38 217
61 124
105 184
162 185
64 183
29 104
115 228
22 108
33 238
84 173
113 233
239 243
20 36
71 183
10 100
2 208
56 143
0 48
129 245
170 194
69 165
64 164
174 192
23 83
5 52
23 233
134 215
99 172
9 220
186 227
135 236
14 146
4 146
190 204
15 232
74 142
43 164
80 167
80 92
0 155
172 193
131 208
216 238
16 127
33 181
155 186
30 248
12 115
10 32
15 168
23 229
57 148
3 29
11 232
39 178
182 237
225 226
28 148
122 197
171 219
36 171
44 142
73 83
41 186
126 212
117 140
186 203
52 67
27 134
67 84
128 210
36 220
53 117
13 172
93 117
55 130
87 225
91 166
20 32
78 178
146 171
79 95
30 83
125 235
61 236
62 177
1 39
28 85
30 129
74 151
98 110
46 107
70 100
7 94
68 177
139 182
127 249
11 14
179 194
55 144
67 171
113 193
24 152
111 120
44 98
98 177
80 138
60 182
0 187
17 160
84 182
49 220
35 247
40 117
80 139
38 239
42 185
48 141
234 236
46 52
47 88
75 215
136 184
37 156
20 151
105 156
179 226
158 207
59 135
1 55
209 210
115 203
240 244
176 214
68 202
25 65
8 181
67 221
150 247
8 116
21 100
70 170
93 212
136 164
100 232
48 116
20 148
84 230
187 242
65 165
6 101
98 211
27 239
85 249
150 160
83 230
121 240
139 144
69 117
4 67
20 170
94 114
8 45
55 215
120 131
107 143
39 98
25 69
35 61
39 106
192 222
23 158
22 224
4 21
127 183
4 52
5 145
196 231
1 189
95 209
93 110
74 157
57 134
36 124
86 172
63 210
132 204
128 199
42 82
52 164
145 208
8 133
147 149
163 166
123 151
39 94
104 186
32 169
39 205
70 135
44 174
25 191
9 39
63 212
7 61
34 174
72 245
6 222
25 36
130 206
20 166
72 87
12 246
21 140
158 159
35 46
30 148
49 114
119 240
69 123
142 234
30 80
190 206
57 164
69 224
102 151
174 211
175 179
41 121
126 219
44 215
132 223
14 87
69 232
34 67
10 96
69 194
99 160
0 79
7 228
200 212
105 149
33 149
82 132
66 98
138 149
62 70
32 145
44 223
83 164
56 198
118 211
40 117
9 101
61 129
187 199
53 154
55 128
38 136
11 100
74 132
33 107
149 224
45 248
73 124
102 188
67 93
63 244
37 46
197 247
177 188
76 230
125 131
203 240
121 147
19 143
81 173
58 189
33 57
40 56
89 222
22 183
83 226
52 211
67 106
16 58
56 162
157 241
103 244
201 204
121 141
186 248
73 189
50 181
172 208
51 216
159 199
95 134
150 156
152 188
17 224
85 140
7 222
99 209
168 201
98 128
53 192
47 53
122 234
24 164
182 211
164 249
121 136
18 152
92 94
47 124
142 213
12 32
52 132
23 200
18 209
80 131
42 155
79 191
6 139
48 83
43 116
27 115
78 218
45 69
0 25
236 248
17 175
210 218
108 133
115 162
5 175
187 214
167 187
6 72
25 93
35 133
2 123
3 226
84 86
33 100
67 98
113 139
162 188
94 205
101 185
105 112
56 121
171 246
48 160
68 209
94 198
62 179
57 64
208 223
73 220
200 203
118 249
59 175
112 128
9 31
7 226
23 86
45 97
83 104
72 114
11 66
153 222
95 189
58 145
74 223
55 237
46 81
182 198
59 78
58 170
5 151
48 98
194 236
101 168
177 201
154 193
99 194
75 229
31 164
196 247
89 132
12 30
112 132
181 243
58 114
10 177
105 121
38 238
239 242
216 246
132 244
66 140
31 239
53 158
33 247
18 102
26 187
153 156
35 63
16 112
74 97
50 61
46 208
59 177
52 201
13 31
41 73
20 60
14 162
106 135
40 119
92 194
131 191
21 207
57 143
136 249
95 96
56 207
37 78
162 219
88 207
179 242
58 105
13 62
103 185
154 224
55 122
11 149
165 243
122 185
18 225
105 167
142 196
101 187
21 84
16 131
16 147
93 189
24 144
98 159
12 167
147 150
3 152
77 108
165 215
29 112
82 201
165 227
50 55
89 181
152 167
71 97
35 81
32 110
135 232
16 249
26 27
1 168
130 213
86 136
225 238
54 172
45 74
26 93
19 172
118 216
49 221
90 205
179 214
39 86
81 116
154 207
160 188
8 21
91 241
15 36
152 207
85 106
118 131
22 136
178 185
29 212
49 111
150 176
129 183
89 134
111 126
44 147
23 150
122 245
141 226
144 189
190 221
42 96
47 201
7 218
58 223
97 231
97 218
109 245
95 236
58 172
43 61
156 215
173 249
181 204
181 219
60 158
94 144
21 171
165 210
242 249
75 201
112 243
32 102
46 68
16 91
8 39
138 230
6 57
157 165
36 160
53 103
25 140
66 121
68 178
75 117
87 190
47 114
104 121
82 193
68 78
17 154
84 102
110 167
111 199
128 220
162 165
126 132
103 202
122 207
225 237
168 229
61 92
42 240
33 223
37 86
115 205
16 148
89 195
183 196
105 184
62 188
116 152
112 190
20 39
28 165
117 143
21 154
164 247
73 182
104 207
189 227
84 194
110 160
74 100
180 184
3 5
45 166
47 84
7 130
70 78
57 101
120 235
2 139
149 206
65 208
128 133
13 199
128 191
197 247
6 71
121 172
139 198
11 103
75 79
11 141
89 179
157 158
112 180
133 246
76 122
48 145
151 178
22 189
54 131
4 67
178 246
74 211
157 182
71 114
43 236
143 187
2 74
33 48
104 167
103 167
38 249
48 54
128 143
14 136
55 73
133 153
114 172
152 167
44 224
203 249
170 187
72 191
132 190
18 65
134 221
38 48
129 235
107 231
74 95
53 208
8 20
225 249
68 104
33 46
167 247
66 73
13 123
151 191
142 150
5 167
11 64
49 228
32 52
139 160
46 164
65 144
69 102
192 200
138 234
8 112
66 131
87 210
61 135
12 103
72 241
20 89
149 184
19 100
184 233
33 120
113 163
122 220
134 204
93 145
112 237
60 201
126 154
107 241
105 115
155 232
54 119
11 208
114 189
29 176
55 100
39 104
157 196
116 204
167 228
176 184
24 229
48 210
63 119
109 194
202 221
201 205
29 96
13 130
160 206
62 78
156 221
36 215
144 202
125 138
98 127
178 214
134 142
25 99
154 196
113 175
52 181
72 195
8 167
28 159
41 237
19 155
111 114
79 232
102 175
36 172
65 80
107 243
59 106
22 100
10 232
130 146
70 217
11 188
184 231
162 238
14 206
196 229
36 137
40 139
177 230
72 123
98 134
113 199
79 155
178 195
130 198
218 227
66 245
213 240
14 243
124 233
146 240
85 128
60 74
132 137
6 63
82 219
47 65
172 184
104 159
56 229
4 138
113 139
3 71
17 128
79 127
73 142
130 220
133 168
146 216
34 115
25 164
142 176
96 195
28 185
153 206
106 172
109 153
67 122
54 208
88 230
144 161
25 121
61 231
22 65
160 191
110 207
40 54
9 199
94 233
35 220
108 137
54 226
42 141
67 88
6 165
92 174
70 248
17 207
75 133
49 152
60 217
60 167
45 102
234 239
69 226
82 103
86 191
214 230
14 118
123 217
37 66
51 75
89 127
75 104
13 104
126 233
86 246
36 186
55 67
21 65
29 119
13 37
106 120
31 159
24 191
5 44
130 168
176 213
9 198
8 120
7 77
38 189
91 177
75 194
20 62
33 231
84 214
39 138
75 138
24 214
101 140
49 209
42 87
6 175
67 243
188 230
8 97
83 117
7 20
16 157
92 232
68 197
74 91
94 192
203 218
99 239
81 187
46 93
12 166
69 201
105 174
174 178
101 145
87 205
25 53
22 197
216 217
124 211
140 232
100 176
6 79
28 164
199 215
7 172
91 172
162 232
37 105
41 77
9 149
12 234
47 180
159 174
187 235
141 178
161 172
43 111
121 243
99 234
193 248
69 182
56 141
9 116
70 231
66 247
91 197
6 91
73 74
2 65
32 92
78 85
109 238
85 179
6 100
209 238
89 206
97 175
144 147
3 80
43 136
74 245
52 168
153 212
162 204
24 58
34 43
110 193
197 248
212 247
137 173
46 145
60 176
96 248
33 235
53 226
91 153
102 218
16 142
145 153
183 213
3 159
13 178
6 148
135 153
185 246
164 233
89 138
7 214
98 228
109 248
185 198
73 92
60 76
81 246
1 14
147 158
10 113
47 129
89 126
80 226
1 200
128 130
216 247
3 6
63 180
101 136
11 178
11 201
3 177
16 53
8 205
76 100
33 93
145 241
134 146
52 146
75 208
55 155
195 203
136 182
12 81
91 228
87 170
167 174
214 236
31 94
152 238
4 135
160 161
89 114
58 89
56 116
86 154
64 127
136 139
173 189
35 62
173 215
22 23
62 183
21 172
100 140
95 210
102 106
90 166
62 193
32 137
15 174
7 9
114 183
106 236
4 111
29 226
125 216
194 198
25 43
41 207
57 134
206 218
22 127
18 194
44 103
53 114
54 78
82 208
92 230
201 221
113 184
58 183
110 137
47 157
120 247
107 192
143 182
59 149
111 239
163 220
29 130
79 133
63 116
86 108
96 201
117 126
87 103
53 139
46 71
74 134
145 155
95 199
24 162
24 143
52 120
94 223
143 225
103 190
150 219
52 143
140 217
35 131
15 115
207 249
104 235
15 103
35 228
25 125
16 82
4 133
37 87
48 238
67 237
14 246
140 144
170 230
73 183
18 166
38 161
13 33
111 218
129 246
74 124
80 217
29 161
29 181
149 153
181 230
154 207
112 240
18 94
16 146
24 226
20 233
110 121
21 123
0 145
110 221
76 79
2 210
3 56
8 75
11 113
40 151
7 138
120 174
45 184
70 186
40 189
180 215
25 147
9 100
45 216
145 220
61 81
96 123
39 154
49 61
0 69
8 164
117 119
107 198
64 203
125 222
151 182
140 173
84 185
140 226
107 144
7 179
60 167
81 184
80 157
145 200
85 203
81 137
120 164
17 68
31 132
5 189
128 165
98 247
46 215
162 233
127 200
0 166
89 149
113 218
76 87
83 163
37 56
132 212
46 83
146 197
191 233
14 162
170 184
74 248
40 105
69 183
80 84
8 68
75 111
55 105
44 196
212 226
23 176
85 108
92 179
37 122
97 175
46 144
52 225
155 174
4 169
40 78
147 184
6 134
116 166
196 210
122 223
16 56
54 138
13 144
0 145
100 152
73 194
151 202
43 113
201 210
164 199
237 241
110 233
93 177
36 200
57 198
76 162
4 232
132 168
30 60
50 229
39 87
183 226
1 190
30 224
27 224
134 142
52 204
50 129
17 49
120 154
95 131
46 203
45 193
87 243
34 171
130 180
88 142
5 239
31 54
22 177
32 78
7 28
21 246
90 131
169 194
94 120
41 108
41 197
164 184
63 140
108 125
19 201
198 236
85 102
212 220
12 227
9 71
99 160
19 78
5 62
141 171
106 133
73 220
122 202
168 207
35 133
32 184
117 225
159 218
67 144
98 226
33 91
127 242
142 145
172 216
8 160
144 232
71 111
107 230
137 200
43 213
31 57
36 167
40 88
142 195
66 240
32 33
142 148
13 152
49 116
103 148
44 114
77 144
89 209
201 232
183 184
27 87
35 91
80 170
177 201
6 158
97 152
43 119
42 217
60 137
42 219
67 116
81 172
139 245
76 121
1 242
43 46
83 156
140 214
37 81
53 140
101 113
133 213
114 229
137 160
119 186
9 18
88 181
38 187
154 177
11 129
36 107
68 188
179 196
20 140
24 90
36 37
11 46
159 243
82 115
232 242
78 219
192 212
71 165
86 148
47 56
90 148
110 153
137 156
169 237
94 112
62 117
114 218
22 63
51 160
71 199
1 195
12 150
80 229
27 41
141 180
126 193
23 128
97 243
47 67
10 135
40 163
64 73
148 220
28 37
121 133
14 208
158 248
172 201
30 226
92 104
41 218
129 199
191 196
23 212
215 244
106 112
216 227
96 115
64 120
175 179
58 63
107 164
186 222
49 66
44 127
71 234
3 41
89 189
148 193
13 20
49 174
196 235
138 194
109 177
65 68
128 184
95 151
25 87
54 197
3 61
194 199
47 221
100 190
32 135
51 228
5 93
119 124
57 233
145 193
138 215
43 196
118 144
25 215
19 225
157 176
20 65
238 247
43 52
0 232
17 151
35 154
103 182
236 239
73 95
213 248
162 245
235 245
167 175
4 192
72 157
29 126
127 181
53 56
16 246
71 236
128 219
23 243
88 232
136 249
5 152
89 159
98 135
146 204
156 221
151 157
65 96
138 249
18 24
102 111
7 198
1 115
140 167
52 73
26 136
41 104
43 223
61 130
16 111
5 194
36 196
39 149
77 111
74 121
117 139
137 187
116 183
12 60
18 95
13 29
194 206
39 127
77 229
22 96
191 243
83 111
6 199
109 183
25 106
3 186
44 175
11 23
158 215
69 224
45 118
2 48
90 171
59 87
29 99
88 114
93 144
152 249
1 50
141 175
189 213
60 136
220 243
47 80
30 167
78 190
46 184
67 202
10 36
17 29
59 173
7 114
10 167
177 220
59 213
31 198
49 170
75 220
15 160
33 94
20 173
191 202
230 231
120 146
19 222
19 88
20 88
20 35
65 101
107 202
177 220
128 147
103 193
123 145
79 148
130 185
92 112
75 201
150 185
89 152
142 191
76 118
112 209
78 193
35 91
22 195
99 145
74 191
56 93
102 174
2 204
81 237
46 63
153 166
28 137
32 182
72 125
64 125
109 113
104 139
103 119
173 214
54 177
73 87
171 205
131 152
127 210
172 248
22 35
66 89
171 186
51 135
132 197
55 208
54 168
60 190
163 164
92 151
99 147
228 232
97 214
32 248
127 232
66 180
77 105
39 126
21 42
182 198
71 213
14 79
184 198
35 165
35 146
11 48
168 243
10 112
80 180
112 204
69 199
8 152
20 155
161 219
34 109
117 245
68 222
62 144
152 243
8 134
1 143
181 196
4 150
24 123
166 219
148 247
9 193
88 181
149 189
30 70
87 152
16 193
108 187
146 205
81 89
64 219
134 144
86 109
52 89
107 212
96 120
33 67
115 244
42 138
60 240
47 225
86 187
195 201
217 247
104 142
135 157
174 175
33 164
1 112
190 193
77 202
0 95
78 183
45 91
68 146
67 209
2 128
121 141
128 146
157 228
127 214
153 223
111 150
118 166
180 198
53 178
3 132
12 51
33 131
5 132
211 221
124 192
18 104
213 248
2 117
15 208
233 245
77 177
224 241
90 180
126 218
209 227
186 196
122 153
158 224
128 159
46 58
16 35
216 225
75 148
2 58
54 198
82 174
72 90
187 238
75 121
55 192
163 204
101 122
100 222
60 130
93 98
0 154
122 199
149 215
176 185
82 184
24 180
61 82
78 190
76 165
20 224
157 184
167 181
147 243
33 140
38 201
