0 1
1 2
0 3
2 4
4 5
1 6
2 7
0 8
7 9
0 10
6 11
8 12
0 13
3 14
14 15
2 16
10 17
16 18
7 19
17 20
13 21
10 22
17 23
2 24
7 25
1 26
16 27
14 28
24 29
28 30
20 31
12 32
10 33
10 34
4 35
28 36
21 37
36 38
26 39
25 40
25 41
26 42
21 43
38 44
24 45
41 46
26 47
28 48
25 49
11 50
2 51
20 52
17 53
31 54
52 55
39 56
1 57
48 58
6 59
22 60
35 61
43 62
23 63
29 64
41 65
41 66
25 67
54 68
20 69
47 70
15 71
35 72
39 73
31 74
63 75
17 76
62 77
21 78
48 79
13 80
30 81
73 82
66 83
30 84
76 85
0 86
51 87
37 88
74 89
9 90
84 91
75 92
31 93
10 94
33 95
58 96
11 97
63 98
73 99
19 100
50 101
15 102
54 103
2 104
74 105
48 106
20 107
81 108
49 109
91 110
3 111
29 112
19 113
46 114
40 115
67 116
69 117
89 118
6 119
107 120
107 121
68 122
20 123
89 124
58 125
30 126
32 127
125 128
125 129
84 130
110 131
121 132
25 133
41 134
112 135
58 136
92 137
123 138
67 139
41 140
69 141
67 142
8 143
91 144
96 145
85 146
45 147
113 148
11 149
123 150
82 151
119 152
0 153
125 154
108 155
81 156
78 157
101 158
141 159
77 160
5 161
82 162
115 163
141 164
24 165
78 166
105 167
106 168
76 169
2 170
120 171
6 172
20 173
75 174
28 175
65 176
73 177
171 178
101 179
29 180
10 181
110 182
45 183
125 184
75 185
0 186
76 187
180 188
87 189
74 190
18 191
59 192
113 193
26 194
85 195
36 196
133 197
104 198
151 199
120 200
66 201
185 202
82 203
156 204
104 205
205 206
56 207
186 208
40 209
58 210
180 211
110 212
30 213
126 214
197 215
182 216
171 217
190 218
15 219
45 220
145 221
47 222
62 223
109 224
161 225
46 226
112 227
183 228
161 229
136 230
131 231
85 232
154 233
171 234
172 235
17 236
196 237
27 238
235 239
72 240
221 241
62 242
116 243
195 244
223 245
28 246
131 247
3 248
142 249
95 250
141 251
182 252
67 253
184 254
153 255
11 256
88 257
93 258
4 259
33 260
225 261
188 262
107 263
50 264
94 265
202 266
69 267
43 268
229 269
194 270
128 271
148 272
232 273
99 274
93 275
118 276
50 277
26 278
240 279
121 280
153 281
122 282
53 283
208 284
44 285
125 286
24 287
281 288
92 289
80 290
154 291
156 292
148 293
178 294
53 295
157 296
122 297
284 298
208 299
96 297
143 243
66 186
69 245
131 250
134 263
229 281
169 242
38 282
40 130
10 288
195 241
54 70
29 80
121 281
160 261
107 229
161 229
22 222
136 239
100 158
64 124
207 272
16 45
182 282
29 85
180 241
153 209
171 183
28 191
203 218
147 148
12 102
240 293
61 223
129 246
154 163
105 139
141 276
32 135
155 292
15 284
68 298
141 284
82 198
120 233
252 269
91 193
10 163
27 263
44 122
256 281
214 227
85 89
23 191
189 294
158 182
226 251
105 253
150 169
134 145
26 119
153 293
130 157
2 287
38 132
138 167
53 118
239 252
42 222
99 156
131 165
205 287
133 275
49 120
57 90
24 188
43 126
143 186
56 206
152 190
157 196
83 118
163 234
27 187
51 134
138 213
139 163
15 46
110 142
237 290
55 59
12 15
83 209
17 292
52 116
21 68
136 178
217 228
120 156
80 265
175 187
140 224
45 221
16 41
286 297
35 217
38 192
56 93
65 114
96 118
2 244
173 212
5 45
99 169
14 251
63 250
66 254
117 126
11 31
28 99
71 199
265 271
117 130
155 257
23 95
53 203
172 176
236 261
264 288
20 213
49 215
164 253
96 228
1 30
33 149
87 281
111 202
114 240
35 62
27 279
1 222
15 215
149 236
211 262
43 208
77 145
51 140
132 155
74 238
146 279
170 276
243 257
71 278
167 236
117 224
9 246
19 37
144 180
5 275
2 276
147 297
22 150
77 239
190 220
200 205
119 244
21 287
57 121
56 74
115 284
88 193
149 158
55 73
16 128
109 246
90 255
120 183
190 265
5 110
69 199
69 221
168 242
28 79
51 290
152 219
249 264
87 140
61 192
38 65
150 152
173 259
103 194
53 194
32 228
26 206
207 286
63 196
93 248
52 168
43 128
92 230
28 144
11 247
216 223
113 155
25 123
9 158
101 108
58 133
233 268
205 249
42 295
54 200
138 283
30 198
265 290
52 286
108 257
144 283
236 245
78 265
59 97
251 290
191 282
46 121
77 199
68 249
136 290
10 140
169 180
68 252
268 274
46 60
112 267
212 286
0 10
99 235
49 193
105 169
86 194
182 282
149 261
6 239
117 122
268 281
153 156
177 180
233 293
2 13
107 232
92 103
53 137
111 279
60 190
39 282
101 230
135 142
58 67
20 135
33 41
132 268
11 116
38 133
220 298
56 218
23 297
239 258
117 212
16 147
269 284
126 127
2 51
183 240
106 199
21 166
50 292
78 237
34 264
61 187
24 38
128 246
232 266
221 287
39 291
42 50
81 105
150 250
36 71
160 210
217 289
265 272
81 162
42 243
84 129
185 258
186 230
77 81
2 266
85 248
66 122
50 243
97 218
181 221
81 108
29 92
39 83
77 196
166 201
65 198
95 282
226 258
54 113
93 281
37 233
49 73
54 262
31 165
130 214
103 185
151 248
106 138
35 64
116 232
127 296
29 83
10 238
170 267
181 273
228 233
49 287
131 141
100 129
149 241
72 236
74 141
59 85
7 294
143 241
31 245
58 296
155 189
223 231
6 35
29 51
26 58
30 125
126 261
20 247
23 294
70 230
204 281
7 198
75 149
82 194
84 92
0 130
52 96
107 238
38 247
189 287
246 256
86 104
93 94
1 269
0 211
129 290
5 204
261 288
79 226
102 184
97 193
48 222
4 126
37 119
96 186
103 234
203 249
96 262
147 248
114 130
89 249
39 47
1 281
60 178
54 92
59 225
169 218
87 188
39 299
5 242
47 137
134 279
20 23
11 58
225 260
181 184
104 157
55 225
23 165
29 57
236 249
20 98
147 187
247 269
76 228
38 224
115 117
117 248
20 36
1 88
218 284
23 153
245 287
68 238
58 180
86 138
58 257
42 66
65 218
2 112
77 87
194 289
18 88
236 297
132 174
42 282
89 197
25 237
152 238
58 147
61 169
67 179
8 228
160 163
4 79
280 286
44 263
54 236
47 109
208 279
214 275
70 82
76 121
73 168
151 265
174 272
24 81
2 295
16 139
114 124
149 199
34 166
252 262
193 271
157 280
72 86
67 157
10 111
83 250
20 197
72 75
225 251
36 141
212 251
65 113
74 127
88 233
28 65
18 74
172 253
39 76
167 192
154 205
195 230
53 69
56 67
32 165
38 273
24 140
108 169
2 23
183 196
7 56
106 166
256 257
110 165
116 215
189 208
146 150
29 81
28 107
11 242
9 271
44 272
86 166
85 244
3 158
94 173
66 86
49 223
244 254
139 200
137 202
11 216
160 231
46 170
67 81
223 275
210 283
12 22
76 190
122 213
217 286
262 280
29 168
182 222
5 142
114 258
142 184
131 148
74 293
244 245
93 252
263 264
53 98
85 290
156 197
81 106
114 199
245 275
44 76
141 220
59 166
33 54
182 264
8 138
146 259
49 165
216 297
78 270
48 99
18 67
2 183
15 251
125 134
186 235
82 102
170 293
46 229
174 185
209 296
68 119
209 285
123 125
72 180
73 255
179 264
243 285
6 85
111 186
63 127
114 142
45 248
143 248
120 282
41 215
139 273
134 136
132 155
185 186
163 284
252 269
187 219
271 274
119 274
64 199
179 195
198 213
202 223
112 230
27 208
0 140
218 278
246 253
27 272
229 291
179 284
1 289
20 214
92 177
97 216
80 90
23 232
3 284
212 238
29 141
128 176
39 85
180 247
215 286
132 178
106 163
40 208
98 128
178 264
171 258
62 228
204 229
53 299
105 149
7 224
53 245
233 275
90 126
153 284
156 225
124 285
166 265
199 272
10 50
129 263
105 157
32 279
170 247
56 207
114 265
229 295
48 160
165 211
75 295
15 207
85 200
50 260
194 289
54 182
170 220
103 128
87 267
110 145
80 146
19 191
5 253
44 129
49 114
183 289
72 276
132 236
118 151
84 138
65 161
41 98
178 278
82 111
8 250
34 272
113 201
72 167
100 199
130 273
85 264
27 241
57 206
138 153
10 176
210 295
201 253
96 214
88 162
76 283
205 259
40 174
100 104
6 196
108 233
4 102
50 245
58 151
45 75
120 129
144 274
66 177
12 175
51 97
45 161
190 197
64 181
87 109
122 158
18 173
25 264
148 270
31 290
53 130
13 125
67 207
33 228
11 272
48 240
13 41
229 251
245 284
102 246
12 249
197 216
58 200
52 94
131 244
42 293
47 146
38 144
58 153
51 202
251 257
73 87
259 272
52 257
171 186
153 160
54 294
119 288
3 177
0 276
17 57
69 202
145 197
9 105
133 186
258 295
159 197
50 202
92 172
206 207
179 259
19 120
97 289
74 187
27 270
40 170
17 160
120 172
61 249
257 265
36 206
79 145
183 237
25 96
229 245
138 179
66 214
79 149
92 267
90 263
119 127
40 121
95 285
146 166
92 209
124 126
14 215
94 249
58 218
19 192
177 268
35 106
45 203
176 192
103 166
107 257
2 45
14 153
34 80
64 108
103 259
44 83
110 118
199 271
119 142
55 186
193 295
65 152
149 254
23 206
191 291
106 297
86 287
5 180
70 185
210 292
224 269
39 296
71 204
94 143
167 202
93 284
77 89
22 196
127 128
26 214
32 182
233 285
38 47
182 266
9 298
144 182
65 291
53 77
193 217
235 262
102 187
16 272
16 89
150 160
188 264
196 282
74 292
102 187
44 245
20 145
57 261
40 104
1 99
88 289
43 240
33 61
123 242
35 41
232 286
17 237
170 295
107 250
110 216
119 185
177 213
20 68
264 287
181 269
36 249
28 203
91 95
175 273
101 290
6 162
112 186
260 273
61 91
50 206
48 176
134 185
53 142
293 298
41 275
182 199
31 170
118 219
129 147
115 117
56 273
280 297
51 115
136 299
48 238
175 181
64 80
77 279
4 67
86 148
141 189
87 228
11 77
13 238
104 119
9 243
135 281
7 277
5 109
141 257
122 194
40 95
98 118
37 87
234 279
68 108
111 223
33 145
116 258
37 129
32 253
80 127
66 74
83 213
227 266
211 218
204 209
2 235
21 47
12 14
74 186
182 278
109 159
103 299
131 234
13 291
233 242
164 290
83 246
49 106
8 124
50 213
42 98
111 126
104 182
6 21
230 242
9 17
97 271
139 268
18 250
243 284
72 104
91 214
161 290
215 298
150 185
120 165
143 296
131 207
26 63
83 173
41 126
40 146
174 200
45 68
140 229
15 42
55 217
36 221
145 182
29 187
29 63
22 189
65 246
190 230
260 276
32 132
117 146
128 266
55 170
22 167
104 213
14 162
7 207
188 267
228 237
179 285
137 196
27 141
131 183
76 182
157 240
138 296
114 163
134 158
199 234
20 163
48 165
245 264
262 293
113 168
175 206
50 140
105 200
38 148
26 225
221 292
60 167
71 203
165 260
207 267
76 129
150 264
42 92
183 217
67 250
62 274
39 199
98 233
31 148
125 269
56 75
73 208
133 152
80 194
73 91
1 262
57 139
68 199
154 264
37 155
151 162
161 287
209 215
5 30
3 259
28 148
159 273
133 171
56 198
167 194
77 261
154 219
25 34
30 32
124 297
265 296
25 174
205 243
41 75
101 231
112 149
181 216
25 252
3 189
211 261
206 265
2 119
107 143
116 133
192 294
153 168
206 224
28 281
27 265
24 153
45 242
68 289
147 183
91 232
47 91
108 250
163 243
72 171
59 94
3 189
38 203
52 169
13 210
4 25
162 291
7 86
28 58
119 251
49 152
47 219
42 159
215 223
82 270
228 291
267 289
230 248
17 154
110 255
184 246
8 165
42 287
22 112
228 255
73 284
72 155
203 288
39 111
162 175
129 210
75 273
124 296
179 192
228 287
109 272
25 68
30 297
78 231
188 249
117 288
52 262
7 217
41 180
67 190
57 267
8 210
83 256
15 217
140 274
87 216
237 252
185 208
39 75
52 60
84 177
173 267
58 173
160 280
28 274
28 207
99 143
236 285
207 249
98 167
168 242
92 252
7 131
13 256
98 133
38 106
257 279
10 243
132 135
69 86
100 109
20 162
8 68
14 168
52 166
160 264
70 295
107 149
167 291
186 254
21 69
52 61
80 238
269 284
101 243
52 249
106 263
178 191
36 225
239 269
2 283
162 183
15 288
92 276
33 292
177 262
41 131
13 157
220 244
2 230
241 255
60 192
244 283
49 190
89 292
2 62
160 265
270 276
182 218
59 199
138 255
2 287
85 90
1 263
25 73
92 175
85 112
185 197
36 63
108 271
104 270
46 150
57 174
236 249
275 282
75 161
17 121
76 141
96 276
16 53
6 16
103 210
12 136
168 240
154 174
240 295
182 261
27 206
46 191
22 74
13 212
8 285
146 256
33 214
164 273
79 279
154 194
87 149
95 161
210 239
201 276
222 274
131 299
104 123
10 153
81 176
11 45
8 270
14 36
263 270
57 188
46 174
162 187
223 293
72 84
34 257
112 119
82 126
183 242
30 198
32 147
57 106
155 176
62 247
5 8
46 179
131 178
17 226
126 172
49 260
71 228
131 215
112 275
49 228
138 207
157 269
134 196
54 115
117 265
101 239
54 99
161 179
137 201
176 205
80 111
2 79
125 289
37 112
34 130
84 177
17 271
124 252
184 256
32 221
106 193
71 259
130 239
8 208
204 231
1 104
79 185
129 229
128 260
29 181
44 52
275 280
108 146
47 119
144 171
152 282
3 190
10 19
232 250
80 95
134 216
230 278
90 265
168 280
24 222
107 201
90 294
100 171
56 237
69 295
125 127
261 299
8 221
134 286
58 99
83 224
34 254
137 232
87 213
23 182
159 213
119 243
53 87
119 160
182 276
56 215
176 206
176 179
250 268
20 234
89 156
216 235
26 236
78 141
54 94
61 276
12 158
110 211
70 221
21 277
43 46
15 138
104 241
83 192
77 100
74 204
78 122
61 178
48 257
34 163
173 201
92 142
12 41
9 49
29 126
34 214
9 193
49 202
171 276
53 154
208 226
48 175
78 84
3 259
148 267
129 263
7 33
54 129
64 291
265 296
132 237
132 258
83 118
83 257
33 158
217 297
128 180
38 114
97 249
128 250
39 205
192 283
31 37
74 102
27 191
68 209
142 165
137 166
70 127
36 143
1 224
128 200
71 185
175 278
76 184
71 183
1 157
183 268
37 96
225 272
101 241
67 80
3 271
118 256
187 200
215 218
13 99
68 98
73 270
2 136
244 248
2 155
107 275
15 146
1 102
124 192
182 297
33 126
178 199
52 55
63 163
32 56
48 252
63 277
276 287
24 231
242 292
84 251
31 163
215 266
248 285
40 217
109 142
46 290
108 181
58 226
5 245
12 121
18 180
74 139
110 135
18 164
108 228
230 276
36 281
166 188
28 267
212 215
172 221
181 205
33 197
42 84
174 263
5 153
26 191
156 202
16 176
210 241
48 61
150 280
204 299
44 126
124 241
113 294
83 248
103 214
26 38
15 24
104 152
3 7
112 149
60 134
16 228
227 247
206 262
30 244
43 170
15 201
238 295
121 289
146 162
72 227
192 230
112 233
14 159
220 249
167 292
13 198
212 231
33 160
12 34
103 238
54 62
149 159
156 256
8 281
233 285
37 143
41 263
51 267
38 195
118 130
77 233
174 179
93 150
37 100
5 102
214 271
196 275
28 115
67 258
179 187
97 220
66 265
92 216
7 90
131 247
199 215
10 297
116 172
4 84
186 249
96 124
208 285
18 143
160 189
24 170
201 260
142 196
27 249
10 123
12 82
28 191
171 288
100 220
221 234
150 297
86 120
161 172
45 219
15 143
60 285
83 94
74 256
5 170
106 110
16 219
128 275
20 159
132 187
196 200
33 251
0 248
219 236
193 259
81 131
59 159
262 296
167 240
127 196
251 289
28 136
11 38
190 244
35 153
255 292
19 195
182 242
64 170
26 140
21 212
20 170
64 103
161 195
60 272
50 79
66 235
10 293
10 97
234 253
72 192
108 160
24 84
72 254
165 256
191 272
71 179
186 238
189 277
202 210
126 243
121 206
28 160
118 157
83 244
97 231
22 187
55 132
122 224
44 110
106 206
69 249
126 151
276 297
101 223
33 170
169 242
165 299
91 276
106 118
266 290
60 62
7 223
255 291
54 96
19 136
148 194
130 157
183 275
44 133
201 218
29 113
118 122
38 76
35 245
10 69
19 249
245 292
32 227
53 120
149 200
83 294
66 123
22 120
21 242
179 273
70 124
45 178
59 195
41 74
79 215
86 223
122 287
57 278
51 68
100 184
12 235
135 244
180 296
19 267
77 253
144 205
196 245
99 149
4 33
65 118
51 268
22 97
7 89
87 287
57 134
24 286
54 233
194 293
197 265
114 226
149 214
7 298
189 266
119 217
240 286
45 151
23 258
2 190
57 117
97 117
71 85
17 245
6 227
265 293
152 290
23 79
18 190
197 214
25 170
2 172
218 268
79 153
81 158
174 246
214 246
30 257
133 271
179 208
130 251
105 173
17 108
128 279
39 270
233 282
70 105
58 186
18 276
66 188
19 244
108 187
19 163
92 228
84 102
66 287
115 278
94 239
21 252
73 256
13 126
141 298
117 240
199 243
164 205
154 172
75 269
85 299
110 161
135 232
104 149
1 176
43 192
156 264
4 148
14 182
119 211
85 110
84 133
165 237
140 241
0 204
207 287
36 57
110 147
14 269
100 101
88 204
10 106
114 117
72 100
56 154
61 278
22 177
76 119
169 271
45 190
195 286
86 172
57 213
115 280
145 283
76 261
261 283
133 175
71 174
32 126
54 73
128 201
127 209
138 218
134 204
183 283
48 277
84 164
8 169
114 120
280 284
45 111
67 209
228 296
272 284
37 223
155 232
151 294
8 137
148 196
15 227
221 256
151 240
117 281
255 270
158 252
38 90
133 135
76 279
32 61
2 201
221 255
1 260
36 167
56 72
245 277
14 273
208 269
125 212
177 198
162 223
73 170
32 263
57 58
212 295
172 289
49 111
71 225
83 273
209 226
19 279
28 32
12 139
192 218
4 155
130 186
61 89
0 166
13 91
143 227
92 259
95 183
95 199
164 269
190 281
3 285
83 177
114 120
5 34
0 234
256 273
189 267
68 95
124 286
155 203
139 151
117 282
108 208
54 119
50 224
73 216
6 32
145 215
21 294
188 249
51 53
174 191
218 245
130 160
11 116
28 290
96 236
8 73
7 132
9 194
219 266
65 68
77 82
30 125
46 101
33 53
79 198
232 296
19 203
35 150
74 284
197 250
198 293
26 127
82 127
141 207
64 177
91 295
97 222
52 62
176 230
25 296
213 227
25 108
14 91
123 209
28 117
220 283
69 150
225 290
181 220
110 178
75 175
47 268
157 272
163 201
10 65
25 291
120 256
12 113
9 47
84 96
149 245
15 256
124 299
169 239
216 284
35 137
244 287
101 177
41 116
20 58
91 173
159 202
36 122
104 126
8 43
77 221
144 225
2 189
114 218
122 209
64 269
71 262
10 71
158 237
50 85
47 100
137 268
104 116
261 274
164 231
175 207
95 263
40 73
241 287
28 215
128 234
145 159
197 290
24 46
0 92
44 158
163 244
157 170
45 130
249 298
81 258
29 35
36 90
248 283
146 238
33 105
141 266
99 243
62 264
26 223
169 299
7 251
216 223
103 291
51 111
3 196
124 192
89 232
121 227
82 208
209 227
131 153
140 144
79 287
54 144
25 160
141 200
33 286
242 294
124 271
122 158
46 175
180 232
57 96
210 277
137 186
205 245
17 220
68 138
43 69
221 264
208 261
203 278
107 195
253 267
18 275
106 188
73 160
285 299
40 119
109 183
93 164
51 56
129 288
132 265
55 179
5 162
96 210
84 171
95 265
138 198
0 133
105 110
116 231
68 91
63 129
206 286
138 160
157 160
197 238
42 148
49 173
233 265
165 230
90 175
74 97
51 223
162 298
110 164
150 175
124 198
74 82
191 224
250 289
70 218
131 221
15 48
198 275
159 283
191 270
0 17
158 292
108 201
35 295
11 205
98 113
78 229
199 266
139 221
75 257
137 201
6 143
123 135
231 280
44 103
18 152
48 66
144 162
137 298
77 238
22 75
43 254
161 170
263 267
206 218
84 288
27 218
269 273
43 83
107 235
130 166
175 219
17 118
34 72
97 173
35 235
77 283
18 169
103 144
90 117
103 289
89 137
170 270
67 264
120 263
224 244
138 241
95 117
9 218
20 207
1 87
98 273
10 72
55 204
8 275
241 249
2 148
4 246
37 210
56 168
27 193
6 280
133 160
38 185
150 206
28 80
120 247
49 127
52 203
151 213
136 196
117 170
14 256
219 239
133 204
117 287
9 259
26 185
277 278
192 251
36 88
30 108
6 147
49 296
62 187
3 236
138 143
106 178
78 293
90 133
64 266
147 268
37 249
176 291
3 249
13 185
41 78
155 194
129 174
76 168
216 257
45 120
124 186
189 251
24 158
158 280
154 189
213 246
182 239
24 268
12 79
30 272
51 217
141 245
102 261
109 160
36 277
75 102
127 281
77 158
78 222
221 261
59 152
8 173
17 70
128 280
55 219
206 247
36 204
87 145
63 245
67 249
55 231
71 291
162 215
55 202
151 234
14 176
36 226
66 125
42 85
169 225
12 206
86 284
46 142
40 267
79 154
149 221
31 190
227 229
216 280
209 213
49 128
47 217
67 112
137 291
221 259
92 186
38 102
99 203
41 197
192 268
148 243
77 260
40 44
110 190
188 205
130 199
218 277
82 153
89 165
142 158
73 218
26 106
3 288
103 152
134 192
103 142
115 187
250 252
61 290
31 202
41 210
19 108
12 180
66 130
16 257
143 294
47 254
53 294
8 84
82 244
164 288
162 242
20 280
60 179
216 237
27 275
95 179
5 237
104 251
35 57
126 146
126 147
143 146
1 232
120 167
160 273
29 290
246 289
36 152
14 19
133 245
131 251
127 278
193 292
10 146
216 277
2 274
80 94
7 128
33 78
70 215
265 284
46 81
119 210
82 289
108 121
144 229
162 189
98 122
3 193
197 286
141 258
152 231
53 184
121 161
14 59
118 289
203 236
31 149
92 198
24 228
32 207
132 259
138 251
272 282
199 284
30 165
91 103
185 190
188 247
139 248
187 270
210 245
76 289
215 290
77 284
84 293
236 262
211 266
200 254
68 220
48 259
131 282
155 245
34 279
4 146
43 138
36 119
141 231
2 204
38 269
176 204
189 216
169 172
39 104
43 249
14 177
153 283
215 220
233 267
5 70
211 240
18 142
161 288
150 213
18 164
39 95
57 84
90 165
151 294
241 298
232 247
193 236
9 115
1 72
63 249
26 125
50 246
51 107
43 262
200 260
92 155
192 223
4 270
74 107
112 280
21 188
32 256
56 219
32 70
171 239
34 255
32 281
79 92
177 249
108 201
59 258
188 295
188 263
6 238
246 252
272 298
116 292
50 168
97 108
59 221
195 238
61 63
78 151
14 223
179 180
136 221
100 146
65 107
84 214
230 292
176 200
55 151
0 47
197 227
83 291
168 199
63 184
249 256
196 207
36 191
157 274
235 299
85 95
82 180
42 93
63 286
240 297
83 155
49 109
186 189
8 260
22 203
72 127
17 299
43 241
23 93
192 239
61 241
111 248
136 288
106 116
16 149
75 163
94 292
13 108
174 299
53 257
59 256
123 180
178 228
110 112
130 235
38 289
90 128
104 177
23 242
242 276
12 158
90 125
76 96
30 219
104 240
238 258
11 266
225 294
203 225
20 59
197 243
48 228
11 173
229 265
125 159
139 198
179 230
154 231
214 266
170 265
135 193
130 241
7 290
105 263
163 209
144 174
32 97
275 296
75 260
194 266
5 280
29 93
29 288
270 288
137 292
29 64
109 205
267 280
71 79
18 75
173 287
19 76
76 126
203 244
46 282
79 194
83 140
4 209
195 298
22 234
226 236
172 250
216 266
88 180
90 296
47 186
97 108
14 233
256 271
57 93
54 257
46 257
279 298
145 280
51 266
95 101
25 103
60 193
54 260
98 260
213 286
129 137
122 169
244 263
143 255
13 60
149 168
119 233
82 152
38 199
143 223
71 227
10 243
57 103
187 295
173 242
15 74
48 205
4 228
86 164
51 273
27 83
118 265
148 260
42 187
110 172
185 276
23 151
222 227
14 137
249 251
110 206
8 202
154 179
157 233
10 227
117 245
163 226
73 139
133 270
101 293
242 287
0 207
128 188
175 296
5 25
26 155
69 290
14 111
257 261
212 228
93 180
71 72
255 285
3 58
225 283
169 181
282 294
234 267
179 253
17 182
5 292
12 39
95 103
62 285
6 173
49 125
33 69
194 219
17 250
107 208
141 165
80 134
58 118
186 282
10 281
131 144
100 232
169 197
0 279
200 236
196 269
117 230
89 281
153 274
11 54
36 232
240 291
36 151
29 132
54 287
245 290
190 214
133 244
41 212
32 202
96 140
210 229
195 240
45 166
37 98
206 278
107 209
222 273
162 206
207 291
186 288
73 93
52 210
211 271
209 234
10 202
23 174
128 158
107 280
232 285
107 248
79 142
13 95
97 188
7 117
70 282
73 97
68 210
122 217
242 272
36 101
7 60
85 287
97 283
48 268
31 91
223 233
12 74
147 286
198 253
84 229
78 213
95 118
6 99
97 296
141 148
39 79
93 113
3 147
45 275
49 174
178 229
34 286
9 269
5 143
122 144
76 200
9 113
74 287
37 52
43 229
196 245
145 286
25 248
133 183
24 43
149 169
122 128
105 211
80 186
36 104
174 298
74 158
26 117
75 83
95 127
12 280
45 91
33 172
196 197
149 152
69 166
96 269
60 204
31 207
98 110
165 252
172 246
11 56
147 214
149 288
195 269
122 232
47 272
185 249
250 265
78 193
113 133
105 127
238 288
165 240
26 163
97 203
33 191
155 201
32 110
78 118
13 39
121 265
253 286
234 283
147 230
144 171
44 213
194 256
10 173
45 141
60 272
60 134
110 120
106 136
14 40
34 207
180 267
178 292
139 194
73 284
254 259
75 162
33 45
12 193
64 255
29 296
19 178
27 123
96 233
152 235
100 247
75 189
26 226
39 70
168 287
64 204
96 195
234 277
171 173
168 216
5 249
124 163
204 230
42 71
20 103
116 177
101 174
119 232
99 252
120 140
105 218
19 198
113 191
136 188
7 238
218 219
49 75
138 184
153 213
48 275
0 231
22 201
132 205
70 253
181 230
114 217
17 53
183 264
110 243
171 281
39 277
192 194
70 270
152 156
157 239
210 291
222 242
155 271
51 199
50 244
29 46
195 215
50 118
84 87
170 209
82 212
93 105
168 241
151 153
38 123
75 101
25 109
255 290
45 227
3 59
25 114
81 233
152 299
0 127
34 200
123 195
18 286
105 180
152 220
278 283
60 121
186 190
130 212
92 188
206 264
117 127
166 204
218 271
28 56
142 272
28 88
45 204
60 121
187 266
88 180
20 115
67 121
167 226
233 278
74 283
107 215
133 177
42 244
46 266
30 104
155 238
86 116
24 251
130 139
56 238
7 133
47 255
32 216
77 200
127 297
24 62
150 292
45 59
216 258
133 295
52 114
125 145
21 163
20 107
23 42
34 38
112 121
270 285
93 267
1 288
61 209
19 31
53 239
220 287
100 262
78 260
118 210
154 272
123 262
30 293
33 265
9 94
13 47
75 250
35 296
76 266
2 235
42 291
142 162
96 285
0 114
244 262
8 119
221 274
65 174
193 287
131 146
98 185
248 262
108 185
18 290
79 263
9 262
35 140
30 240
79 233
25 40
155 202
140 204
110 163
196 295
41 159
251 265
80 118
118 165
153 169
3 129
89 122
202 230
113 114
30 77
75 193
44 135
178 231
79 199
224 297
20 219
99 131
43 109
89 252
232 263
163 181
109 250
153 170
214 219
34 249
173 177
58 201
160 218
164 230
112 113
161 185
44 89
4 59
131 291
178 190
95 201
64 169
32 68
190 277
47 79
22 292
273 289
162 236
26 121
96 167
51 263
60 209
163 229
150 248
94 97
163 253
82 88
55 255
172 194
17 280
23 109
185 289
11 229
18 284
28 163
84 175
56 60
125 215
29 52
132 150
5 81
54 272
29 54
43 176
210 261
53 290
127 226
113 235
16 221
22 272
94 293
110 148
29 214
14 50
116 282
7 85
80 114
93 138
216 249
128 212
15 168
6 100
17 204
21 126
163 286
113 298
26 215
186 275
65 195
71 164
151 177
129 250
50 109
199 221
230 231
138 198
99 124
5 284
15 223
29 58
65 83
92 139
33 51
173 208
29 251
248 299
61 82
1 157
112 212
21 233
86 276
81 150
39 147
205 250
109 242
225 262
179 270
208 240
33 109
57 75
129 234
95 132
64 272
173 204
1 87
181 224
140 166
166 283
224 239
244 264
56 68
6 139
89 243
110 174
227 267
127 166
93 221
26 281
77 236
51 81
35 175
251 259
26 74
21 133
9 12
118 144
72 112
159 234
106 289
239 280
3 184
166 206
51 97
86 248
172 296
23 53
63 299
35 141
202 235
214 271
34 101
175 177
150 201
47 75
102 285
173 238
128 193
116 262
5 105
100 239
107 216
7 281
23 72
20 278
35 136
150 236
32 148
223 241
2 82
11 169
15 131
124 138
56 97
159 208
75 134
47 250
145 239
26 294
158 281
126 254
49 79
246 250
86 285
218 253
42 217
27 184
60 165
34 281
149 191
10 123
17 235
205 248
74 241
61 137
136 284
42 191
36 272
72 266
24 173
249 285
188 294
189 288
30 171
207 224
32 291
138 286
172 182
40 123
12 97
115 219
111 298
51 285
69 76
221 282
171 265
118 193
79 129
103 129
16 231
55 252
72 205
21 60
160 274
11 112
32 137
25 132
76 144
243 282
60 191
18 236
206 260
93 291
66 258
90 179
2 130
83 234
38 94
11 284
62 275
161 263
148 232
99 274
102 277
8 57
148 241
112 292
85 124
34 226
276 285
127 138
233 273
126 260
232 288
38 228
99 277
2 197
238 264
36 42
12 199
100 206
168 187
43 71
15 268
173 231
25 270
12 287
147 274
129 277
90 217
62 291
221 269
28 98
121 230
9 204
173 177
143 183
93 201
30 152
12 176
131 181
226 238
33 114
25 169
60 73
39 159
126 175
161 165
171 232
263 292
37 98
5 233
237 238
54 188
42 137
168 209
160 234
124 136
97 125
105 229
90 125
224 277
5 29
19 258
254 276
72 89
23 219
43 115
31 81
30 176
35 103
44 193
170 259
161 187
42 223
5 197
106 109
66 131
47 228
92 191
9 19
176 227
29 71
183 194
153 235
113 213
20 82
12 70
163 232
101 181
86 245
148 224
26 68
7 81
80 264
52 285
18 69
186 193
91 209
58 91
29 122
112 251
12 162
113 201
132 233
264 273
73 290
104 277
7 234
186 298
144 239
230 278
248 253
21 102
138 175
149 206
139 171
70 196
91 160
260 265
55 73
133 145
88 263
112 155
187 294
194 231
64 88
50 273
187 241
188 222
57 296
5 63
169 193
6 39
252 264
81 156
118 260
152 177
69 291
16 265
242 244
118 244
133 157
69 176
93 213
207 260
104 231
218 270
71 244
218 220
79 93
8 278
68 288
18 42
71 196
42 183
38 161
46 208
1 44
123 156
159 231
127 285
14 268
21 212
5 154
13 298
271 288
175 236
102 242
52 213
147 252
203 260
121 228
36 157
94 213
45 193
116 162
69 294
67 232
90 145
90 93
155 177
30 298
229 241
86 150
115 167
147 195
176 274
59 62
22 239
69 290
128 137
89 253
117 284
163 231
284 290
147 254
138 165
137 138
12 248
77 183
5 35
76 280
22 199
48 129
226 254
19 54
159 272
51 242
110 250
137 218
109 228
10 262
273 291
152 193
256 298
65 192
169 244
149 165
57 198
184 248
111 121
147 287
61 279
21 217
116 267
76 138
64 276
54 230
13 73
57 237
175 227
128 146
157 159
90 134
5 156
2 187
168 218
6 195
186 239
11 226
20 34
21 228
20 50
136 144
121 270
43 98
39 179
101 184
53 146
104 109
155 234
264 290
27 268
0 11
62 80
178 202
102 231
145 262
9 145
185 245
104 107
221 260
59 95
173 197
35 119
138 218
152 242
87 104
59 96
33 161
38 115
159 200
82 290
136 144
242 295
108 242
70 270
5 249
188 226
17 84
116 245
31 42
105 281
53 169
35 194
207 231
129 196
161 259
40 219
88 119
147 293
142 185
163 260
17 68
185 268
98 193
39 156
116 250
153 245
86 215
144 289
119 230
237 290
12 31
9 29
104 208
200 287
236 257
48 208
175 262
216 286
23 197
131 212
55 144
54 142
59 227
43 194
117 239
153 282
124 132
55 238
130 133
204 233
183 224
101 253
88 279
30 81
22 188
12 109
12 44
237 295
164 271
60 224
43 260
125 250
209 295
92 123
12 286
128 253
4 133
4 27
99 154
200 223
189 269
32 251
44 118
83 222
4 21
75 254
194 269
106 267
62 128
2 133
70 242
253 281
50 165
48 184
26 59
1 160
26 109
266 288
251 276
125 234
80 119
113 252
31 181
44 294
201 266
54 91
230 263
245 247
67 82
83 240
159 203
25 248
212 240
85 254
3 4
100 217
221 266
54 255
259 278
212 286
122 266
77 210
173 235
176 202
124 170
252 283
16 163
115 146
138 262
219 242
183 293
147 175
97 116
160 209
282 294
36 60
62 224
133 151
258 298
20 295
108 214
188 244
82 162
45 195
82 128
99 283
180 206
42 239
238 281
181 242
80 132
71 243
223 298
31 92
64 186
210 237
117 151
88 107
149 208
97 149
44 156
21 37
33 91
113 121
3 118
32 78
106 298
159 276
147 184
27 137
61 133
103 280
18 273
27 151
82 213
24 90
207 216
63 162
75 165
41 55
80 223
125 230
6 204
74 136
76 162
21 197
194 235
144 159
28 253
185 188
135 239
159 223
71 121
183 226
115 244
227 245
177 190
3 8
75 89
55 101
122 206
5 105
59 153
91 182
86 271
166 218
93 104
159 278
32 284
37 275
249 263
64 96
95 189
40 297
75 255
156 165
126 143
49 92
65 224
45 175
33 276
22 131
115 181
63 141
67 130
20 266
8 240
29 236
122 277
138 253
241 261
5 37
21 67
17 263
38 259
125 218
7 134
101 120
58 170
39 193
95 261
181 299
18 199
79 143
45 229
70 289
1 156
42 233
61 296
69 293
33 138
81 115
88 176
251 295
66 84
53 235
3 127
10 93
33 38
89 240
145 269
74 284
126 148
187 290
52 97
105 210
23 204
74 132
75 126
43 263
174 274
169 295
123 209
106 264
141 293
137 227
110 203
52 136
184 202
101 171
139 192
221 262
106 270
57 216
52 267
146 288
103 250
42 63
171 228
158 203
213 238
80 273
100 272
57 280
117 188
209 248
18 283
24 207
222 282
172 222
38 178
39 74
101 148
74 224
4 165
50 68
39 211
97 150
108 173
101 261
218 299
182 244
11 152
39 215
2 266
128 287
131 163
45 153
69 199
83 100
74 194
32 260
170 219
33 178
163 219
131 213
87 191
111 266
102 113
7 292
91 100
80 174
115 263
99 263
112 181
236 297
103 231
183 272
134 261
133 290
1 192
0 196
156 235
108 267
251 255
125 272
12 179
72 270
220 257
212 234
25 53
2 265
120 255
6 95
51 141
86 87
214 218
53 187
169 277
41 201
82 162
0 162
1 95
164 200
15 56
138 277
144 255
99 191
76 259
191 240
85 135
114 290
3 205
70 125
157 246
79 270
3 142
236 294
1 190
206 241
40 293
43 293
22 162
32 87
76 239
251 295
150 274
164 239
40 59
3 231
84 132
227 265
204 295
69 146
57 263
38 69
174 231
131 151
149 222
38 166
31 137
69 88
72 79
156 203
260 263
239 274
28 279
156 267
25 203
109 236
205 208
176 220
133 140
21 110
69 173
53 71
52 242
208 262
227 252
53 115
66 250
136 267
78 239
0 171
183 269
254 261
9 285
4 238
115 124
67 267
84 221
150 194
7 17
69 152
57 75
6 163
74 155
25 279
86 274
60 197
34 130
76 241
62 148
36 185
26 54
59 158
163 182
202 209
109 143
168 194
263 276
268 279
6 176
140 281
6 252
16 74
185 196
45 251
131 227
93 204
66 285
114 299
122 224
122 278
96 107
125 219
15 85
80 289
104 132
169 288
6 142
185 194
89 121
56 249
19 229
23 52
40 55
24 88
37 227
128 152
153 196
56 279
0 236
170 298
188 282
39 198
244 255
15 93
0 61
122 230
89 215
12 166
122 189
44 265
36 111
85 286
173 275
58 122
53 138
209 254
100 156
16 24
0 164
148 197
200 251
126 200
107 154
154 190
43 243
20 235
103 225
102 211
128 299
266 275
18 171
29 240
7 283
177 218
94 167
62 141
226 269
124 202
179 203
114 263
200 210
147 291
86 113
84 189
203 213
298 299
47 281
42 210
143 279
0 261
0 285
66 186
216 262
8 262
29 204
81 179
62 283
62 214
136 176
134 225
54 204
147 206
8 37
211 277
97 225
12 232
57 198
153 215
202 241
178 197
176 234
1 192
212 259
63 160
34 93
57 266
141 238
181 270
177 242
44 175
65 139
65 155
141 144
40 252
163 267
26 98
82 250
109 214
12 256
36 260
157 225
26 260
8 101
36 108
17 186
58 112
228 266
54 219
153 213
82 135
177 182
44 56
114 275
155 213
35 127
53 66
5 83
103 205
94 156
61 215
53 296
25 257
20 165
51 163
5 60
66 232
25 71
101 136
116 299
83 290
196 226
99 214
112 202
142 171
124 215
267 282
23 156
72 225
28 255
124 182
78 214
127 252
126 290
202 285
55 268
103 265
169 242
9 38
104 186
51 162
36 132
61 297
21 35
188 244
87 208
52 199
119 120
77 244
18 97
15 96
125 258
32 274
13 254
259 266
209 291
10 299
227 276
30 103
19 98
74 254
121 213
206 295
14 151
69 177
155 277
79 283
99 228
64 222
244 296
23 198
230 247
36 168
67 247
104 275
37 192
108 225
68 94
6 153
89 265
16 35
81 136
76 182
41 119
36 202
153 291
211 254
3 187
97 116
65 240
56 188
254 277
190 296
67 144
14 264
182 290
4 142
16 245
152 203
41 174
29 115
72 230
204 225
147 222
72 190
186 270
128 261
99 183
18 132
215 295
23 179
25 212
78 152
190 247
88 245
134 220
21 266
0 13
160 213
37 238
154 256
55 284
148 173
128 143
158 241
189 272
145 209
200 290
41 146
213 281
27 205
217 233
62 192
76 171
251 267
224 253
78 183
102 280
170 274
11 179
77 214
144 145
214 222
115 271
214 254
7 10
31 219
22 209
26 242
49 102
104 224
16 145
66 145
233 299
94 170
197 242
136 291
120 258
22 51
56 183
202 205
92 256
103 160
149 269
227 283
127 250
125 132
42 232
98 113
114 210
279 284
69 291
55 189
211 223
24 28
64 213
47 287
96 231
72 271
85 137
109 219
146 179
143 241
58 298
90 191
80 112
24 258
204 231
37 255
31 116
210 243
9 267
72 212
108 111
6 183
145 154
61 69
101 155
142 265
17 39
154 297
13 25
265 274
204 232
51 269
190 240
0 235
40 201
70 216
22 264
36 252
63 288
77 79
197 269
146 191
127 252
52 105
259 263
102 104
152 247
75 289
219 293
147 267
5 27
57 107
209 225
42 291
15 252
19 160
6 289
10 142
64 85
108 153
158 273
15 192
103 254
35 225
25 64
83 265
84 244
67 251
184 280
131 262
30 222
183 209
28 39
200 275
4 186
107 288
194 224
52 216
135 158
181 228
103 159
72 123
147 171
181 217
172 239
273 298
57 247
204 256
253 258
90 124
52 203
39 210
223 291
242 260
134 159
27 220
39 118
88 129
7 65
23 59
110 274
41 161
170 176
7 272
89 255
180 274
90 130
21 78
21 134
205 272
67 105
165 221
250 280
4 179
115 287
98 144
88 247
158 241
141 215
17 251
33 286
131 242
102 112
64 140
124 128
5 149
70 261
129 192
38 84
195 262
25 136
150 212
128 293
127 286
255 273
76 108
12 201
112 231
5 209
183 296
140 170
11 253
97 121
169 276
104 140
103 113
152 256
13 278
163 259
281 283
13 204
127 163
4 83
102 216
34 218
19 160
46 109
241 297
87 190
208 248
153 298
180 281
213 233
149 255
9 264
33 78
152 212
173 283
25 269
40 128
129 283
122 296
172 293
98 249
195 222
193 229
76 79
92 165
192 297
26 263
100 135
202 248
118 135
81 223
189 229
81 288
109 116
56 186
73 296
24 87
47 247
180 250
72 124
48 240
32 52
138 239
2 214
45 277
101 299
111 290
34 78
11 124
39 54
1 155
91 152
251 259
178 193
139 150
192 236
101 277
1 85
167 297
62 243
109 228
202 299
0 162
215 262
124 243
64 286
64 216
66 183
102 194
53 243
28 233
142 190
59 104
141 219
12 47
177 210
228 264
105 217
81 93
55 205
103 261
121 276
40 141
36 237
256 261
52 106
25 253
70 169
51 79
156 296
187 247
14 103
43 95
47 56
53 223
122 131
17 195
108 297
80 244
97 160
52 254
23 245
129 260
174 266
16 114
43 60
32 227
24 218
55 110
33 244
4 17
7 29
0 27
53 189
83 214
151 290
20 296
59 170
209 282
26 154
117 234
21 207
120 137
199 296
145 176
227 238
33 284
129 224
165 285
57 83
14 139
162 265
48 68
270 289
67 110
128 295
198 208
60 161
62 217
146 166
2 113
177 202
65 154
55 199
28 241
58 272
254 258
21 176
114 195
32 92
190 285
112 140
135 159
96 207
35 162
172 209
204 258
17 243
139 189
0 32
2 78
150 237
196 220
57 133
124 225
151 277
6 266
1 119
51 265
119 215
271 281
91 172
1 180
53 256
53 150
204 247
114 176
197 260
7 271
72 268
180 264
53 161
126 177
70 84
93 234
148 272
11 99
87 285
22 88
36 166
109 223
105 153
42 260
145 255
105 220
1 79
189 264
23 211
162 191
14 294
194 264
95 268
137 231
116 254
61 232
158 262
95 159
153 160
83 289
55 299
69 75
98 118
151 166
118 194
25 117
80 256
25 260
128 249
214 267
154 298
144 243
88 180
27 68
285 296
183 193
160 185
67 194
4 240
81 114
59 265
44 279
19 116
4 62
8 279
13 118
50 239
11 247
160 207
229 244
175 189
64 85
5 229
166 215
165 181
9 192
159 282
2 111
53 145
111 151
289 298
3 120
76 166
69 281
241 260
233 280
116 124
196 210
8 287
132 286
160 170
92 127
134 172
30 225
143 229
30 49
188 294
50 221
33 216
151 297
84 299
5 180
70 133
177 286
71 286
204 232
10 128
23 284
223 264
103 109
13 102
81 170
168 240
33 109
68 205
26 296
194 202
168 298
88 246
14 282
118 176
8 151
143 219
229 252
43 102
112 268
103 180
93 257
42 286
39 290
7 66
243 244
138 172
76 167
15 53
124 194
75 177
109 132
203 278
142 242
74 288
161 241
0 176
171 284
99 271
35 64
83 152
46 252
94 273
97 270
25 56
37 170
30 295
173 191
91 194
79 111
25 111
31 176
115 224
44 93
100 124
137 141
91 216
202 288
207 281
219 247
115 122
44 196
16 129
14 146
189 232
89 169
185 264
165 178
213 294
231 296
116 253
3 152
67 142
142 299
104 190
1 106
5 180
32 290
68 255
187 205
186 267
195 270
10 99
87 234
33 279
109 137
251 255
135 276
14 80
214 255
219 297
63 238
157 236
36 243
7 36
241 289
249 277
39 84
109 210
53 268
220 268
183 202
88 179
49 141
92 119
125 202
182 195
175 245
17 128
109 120
78 82
128 265
57 191
41 86
89 262
144 152
72 224
133 249
46 295
121 222
188 297
102 254
34 295
83 193
170 175
187 223
59 197
166 236
29 241
56 253
105 263
35 219
191 238
53 249
36 70
98 248
128 247
67 227
129 157
163 223
208 217
83 173
93 198
162 179
27 268
145 156
228 238
107 281
39 98
249 286
43 226
197 276
75 255
16 250
197 270
12 214
150 251
177 196
76 207
6 68
104 209
104 279
64 172
66 72
80 177
123 291
80 162
68 172
42 102
96 272
223 277
10 170
125 251
35 118
95 297
10 286
244 276
10 95
108 201
158 182
117 165
107 181
134 283
136 141
19 230
36 231
17 214
75 224
90 162
31 252
113 126
43 114
139 164
4 88
71 154
165 172
143 245
107 109
121 171
73 273
130 255
41 270
263 270
60 147
8 247
159 275
182 206
42 103
0 85
25 267
87 144
9 201
64 288
12 287
111 156
13 255
125 209
167 201
98 157
18 42
230 287
203 271
73 264
40 250
99 292
74 163
128 201
11 187
72 240
252 267
279 292
89 247
30 222
27 198
85 245
120 205
48 148
246 279
159 175
70 90
197 261
130 256
25 48
95 271
134 268
222 246
77 194
41 44
176 273
84 145
216 227
16 117
36 115
16 72
181 268
17 149
219 259
70 145
19 296
12 204
16 23
41 79
25 225
20 165
42 280
230 258
43 139
55 252
84 199
198 287
52 208
40 159
84 140
43 79
149 299
7 73
54 108
25 167
246 293
30 259
80 143
168 256
220 284
35 42
17 197
97 234
77 283
54 70
56 143
227 239
102 111
16 259
87 129
145 276
35 272
32 238
64 206
144 271
247 271
61 193
18 276
149 175
83 150
54 218
164 211
206 235
60 194
218 285
71 151
24 72
0 14
10 51
182 205
72 225
100 141
143 166
59 139
118 229
113 249
70 287
31 277
67 186
49 278
161 262
72 134
83 230
70 139
93 126
145 177
37 120
110 187
164 174
253 273
9 26
116 139
42 197
3 9
149 227
48 169
135 233
28 145
5 154
89 147
87 151
216 259
65 89
226 279
95 179
108 126
0 17
156 297
30 210
239 299
7 72
142 179
151 231
92 203
155 285
134 244
51 133
109 230
94 276
112 239
193 277
132 212
77 223
1 82
250 271
127 260
245 278
213 248
193 195
238 293
227 285
98 112
54 115
44 297
76 251
32 67
31 146
121 290
43 212
71 222
266 283
183 204
14 133
111 133
31 146
109 111
192 217
140 149
35 298
100 160
90 169
95 174
236 256
112 137
129 183
7 159
134 252
190 288
1 253
103 157
29 182
58 222
234 250
37 281
23 259
128 155
74 291
107 246
140 198
78 197
46 141
126 140
8 203
61 217
199 249
39 294
173 249
133 221
81 189
40 72
228 277
124 214
2 224
37 190
126 241
277 289
63 102
123 225
52 124
19 277
195 205
227 252
64 216
75 259
179 198
95 241
13 29
246 294
199 233
169 222
3 12
28 52
42 207
69 192
112 287
71 152
122 175
137 141
24 94
202 277
83 279
57 183
220 279
93 202
28 240
143 246
120 250
184 263
10 133
85 296
16 216
10 162
23 152
180 213
283 292
9 245
240 263
30 195
121 216
131 269
134 148
55 287
186 207
44 230
137 178
267 291
110 157
10 162
113 170
101 109
169 209
103 190
58 117
157 280
108 258
174 278
127 264
159 290
208 236
80 99
10 90
219 279
32 193
217 267
197 266
92 156
165 288
6 106
1 295
166 176
271 291
188 219
149 182
177 219
190 269
191 296
2 22
62 147
168 185
169 267
81 124
127 224
19 260
57 262
57 195
105 151
60 286
17 259
119 215
104 203
151 188
184 230
122 187
78 268
57 201
49 142
140 202
170 224
42 53
56 297
66 274
150 267
80 159
33 241
190 266
113 204
118 129
199 231
33 153
169 195
68 143
24 83
221 273
147 205
37 161
23 166
154 196
94 138
147 161
197 247
125 291
25 28
30 170
254 298
18 168
107 160
38 292
213 285
89 158
50 188
124 159
1 75
86 219
259 274
124 179
145 212
254 289
57 152
93 192
239 292
35 186
154 176
176 288
24 55
205 210
17 126
276 298
47 116
73 140
88 196
16 289
47 77
54 197
223 267
54 293
100 194
155 291
47 107
215 253
59 267
21 56
61 217
47 238
106 284
73 108
83 242
237 266
66 176
2 257
51 165
45 290
139 169
4 187
278 279
2 253
235 266
26 116
139 255
229 286
170 174
157 204
137 279
151 216
37 208
80 276
153 168
72 236
257 289
64 110
175 251
50 287
3 63
31 51
160 284
117 190
13 150
217 299
136 229
114 254
50 141
163 234
73 283
100 144
95 236
177 243
71 84
119 267
5 149
106 157
107 202
53 137
89 170
141 241
80 281
12 108
24 238
23 147
251 291
122 145
16 173
220 236
64 130
142 236
101 187
242 298
135 275
110 279
259 267
163 212
198 261
209 250
39 271
88 252
151 173
147 157
6 241
208 297
75 144
49 265
35 113
50 154
79 127
182 196
17 168
114 135
15 298
11 113
92 236
19 96
84 296
168 176
70 212
122 168
130 287
227 235
137 154
62 238
57 265
98 266
70 93
75 230
86 263
188 216
58 225
11 240
73 184
86 270
99 130
59 138
74 79
154 202
96 208
52 252
47 145
162 163
62 182
216 252
37 240
85 156
88 265
292 298
74 180
71 171
9 83
100 219
59 213
24 274
230 281
33 183
73 121
170 299
144 294
126 237
103 167
71 102
20 23
83 252
247 264
130 138
214 244
36 64
229 243
135 221
221 233
211 287
103 247
122 294
78 287
89 179
80 261
134 189
230 265
139 273
96 222
13 82
86 91
108 148
18 213
23 196
170 195
126 263
250 277
157 171
203 285
52 99
47 207
50 269
4 215
20 259
167 233
167 198
275 276
22 37
8 22
251 267
83 113
69 153
191 274
48 201
62 108
157 238
97 176
243 298
27 237
57 277
169 174
114 118
67 102
149 297
38 249
119 286
110 135
24 92
92 160
4 109
56 66
183 208
128 153
1 228
202 253
22 256
56 194
165 289
27 251
43 172
74 262
151 291
53 125
123 131
17 138
38 151
203 233
42 136
75 125
14 247
106 142
215 237
0 85
81 285
211 245
246 275
73 79
112 217
20 25
9 126
183 287
145 166
122 141
10 259
180 212
31 164
240 268
51 100
227 280
151 281
69 174
113 258
20 55
84 127
54 99
128 252
199 234
62 140
43 182
96 269
196 263
61 92
268 285
73 288
130 218
86 103
10 21
5 153
110 233
142 284
272 277
183 252
71 262
67 284
114 231
232 269
56 99
208 249
57 163
143 188
221 243
78 79
23 290
143 289
230 233
137 189
126 225
85 166
68 79
65 185
6 37
258 294
174 264
102 153
194 267
186 193
16 26
12 134
87 96
0 210
58 77
163 196
69 213
56 191
2 137
68 131
115 258
92 285
105 238
146 243
35 294
29 73
113 160
16 94
131 187
87 291
86 254
78 208
167 246
112 171
82 233
83 290
130 140
92 120
111 129
14 266
17 136
186 187
45 252
154 254
174 193
175 186
21 234
11 207
139 242
23 263
78 254
15 48
193 263
32 243
39 76
89 187
47 275
70 148
58 123
130 271
15 233
7 138
42 209
52 150
138 278
189 273
160 298
142 172
77 226
154 180
105 168
2 112
254 297
205 245
137 275
184 214
174 226
216 236
12 63
161 210
18 151
133 286
109 155
88 126
2 216
210 275
50 82
91 236
5 257
74 270
141 164
265 266
133 281
178 254
42 157
61 284
53 78
63 90
242 248
0 156
12 242
32 33
96 133
83 236
32 108
14 224
19 264
7 99
262 269
32 157
47 226
45 286
145 253
116 140
115 231
121 269
92 180
229 290
191 281
112 134
92 135
16 239
113 216
13 101
62 297
129 184
7 57
21 121
41 138
7 178
21 140
133 270
267 298
199 263
63 157
90 208
202 229
58 202
83 199
179 267
75 93
123 299
43 134
0 31
132 248
84 130
11 51
36 67
99 181
135 261
212 235
192 259
63 188
274 298
10 12
87 204
165 283
104 217
74 153
74 215
36 109
26 86
6 134
167 218
116 123
188 192
55 166
147 292
5 194
82 246
20 270
31 223
1 51
249 286
231 277
55 118
176 294
151 271
52 245
94 171
93 252
149 277
46 280
206 240
70 195
193 260
220 255
242 256
58 78
9 102
17 261
34 88
25 118
249 269
41 238
95 124
149 225
24 79
29 214
175 246
120 146
4 149
176 231
55 67
4 82
19 153
98 290
76 282
149 269
1 79
49 242
161 242
46 292
268 299
74 80
214 250
183 220
44 197
17 216
167 230
74 126
8 135
94 181
44 105
43 112
10 294
220 266
177 271
180 263
27 214
232 246
247 295
74 224
31 203
22 141
109 191
138 247
28 110
124 252
169 232
60 194
10 68
103 264
38 112
160 288
144 288
9 291
4 200
163 264
44 62
216 230
82 199
211 234
19 82
108 204
10 221
95 156
267 269
158 204
195 261
113 250
152 279
27 131
170 281
11 32
2 86
18 56
51 181
159 194
227 258
13 147
17 58
14 287
22 170
10 148
145 202
96 229
7 190
60 117
156 279
17 75
5 242
145 260
27 239
199 260
79 86
65 184
9 24
242 252
184 227
261 269
40 202
56 83
63 79
231 257
96 254
75 164
151 293
87 199
250 292
55 58
23 215
163 171
80 147
94 144
142 249
205 283
98 218
186 296
64 169
55 133
19 150
68 243
104 224
57 187
187 199
117 193
98 256
25 291
199 252
277 292
63 167
13 161
101 280
5 217
37 56
88 238
216 247
209 260
98 265
7 110
123 214
24 116
1 267
47 112
59 271
260 266
96 284
73 95
53 285
160 203
16 124
92 241
139 289
144 169
15 33
8 136
147 165
137 190
110 198
49 62
172 207
197 253
88 122
36 282
283 295
206 285
35 122
172 266
85 274
49 140
111 206
77 184
6 246
42 279
59 157
164 178
161 193
28 50
137 242
86 186
40 215
81 167
29 266
146 219
4 69
72 140
4 183
212 261
74 179
74 286
22 254
14 91
126 267
34 166
104 219
133 192
163 237
120 233
77 263
144 154
152 243
48 194
10 269
59 134
30 241
193 213
79 92
68 171
241 288
111 144
245 248
69 147
36 170
221 286
84 298
33 299
97 128
97 288
54 77
71 163
274 292
30 138
91 294
179 275
35 172
35 279
204 215
84 258
167 245
46 112
2 248
187 238
241 288
6 263
190 299
43 287
193 253
149 231
53 86
86 241
15 94
89 155
42 78
74 251
137 142
123 236
83 155
3 272
30 65
82 230
209 223
3 26
75 256
53 55
14 61
69 248
141 203
220 277
0 144
94 246
4 74
59 240
69 143
36 220
107 247
40 175
192 224
134 223
57 216
205 207
47 236
44 162
22 68
120 298
245 258
3 88
46 98
64 168
147 269
6 195
40 290
160 215
70 94
43 150
8 209
71 116
97 194
31 49
236 287
62 73
152 263
198 263
58 230
152 227
143 262
77 215
26 102
272 299
226 242
87 264
52 276
216 271
61 146
88 243
106 215
26 120
142 297
214 282
6 255
55 116
83 255
110 260
122 291
250 274
120 173
10 124
3 24
45 290
224 244
137 280
24 70
18 238
168 205
124 139
40 238
47 156
25 75
219 289
56 61
52 199
171 204
145 169
128 297
34 269
119 167
104 234
170 171
91 245
82 105
257 280
71 251
118 218
183 191
45 198
35 60
261 298
91 266
217 225
98 285
185 198
236 296
93 189
194 255
51 285
39 180
119 169
1 62
13 194
143 145
121 126
107 203
8 76
34 218
104 260
29 118
110 239
71 238
36 126
135 295
163 247
221 299
154 207
92 237
43 299
7 194
170 219
83 153
109 201
173 221
36 108
185 211
89 181
161 188
22 91
12 158
134 252
5 82
123 207
196 240
216 289
78 105
163 240
255 257
70 181
232 242
224 237
112 193
59 214
151 264
112 147
81 215
155 230
21 54
127 199
12 41
239 289
65 122
29 264
166 206
32 129
14 213
106 153
11 67
92 138
146 289
254 257
13 42
29 86
78 245
75 112
125 167
138 205
91 105
19 288
22 243
48 83
22 111
275 295
36 269
150 205
126 227
156 276
62 130
2 148
91 286
69 290
56 164
122 202
132 196
128 159
171 194
184 189
106 214
196 235
38 299
100 157
30 42
273 284
207 273
85 277
1 49
61 287
120 145
48 282
55 105
146 234
151 276
67 203
156 212
0 33
87 248
11 168
199 262
156 236
122 241
127 128
26 266
109 227
111 234
147 236
126 214
3 11
13 273
4 180
19 87
193 274
72 186
111 263
34 80
10 161
162 210
75 287
129 144
198 228
39 158
203 249
15 271
21 271
196 215
56 166
113 250
60 213
39 99
53 100
225 281
138 151
226 268
101 183
151 274
177 240
105 286
16 190
273 295
82 265
79 256
136 169
113 140
85 281
105 173
6 226
134 213
130 268
145 291
51 159
13 108
27 299
20 299
2 198
38 124
73 267
174 234
153 204
55 67
62 281
1 205
175 280
119 278
181 188
107 157
49 280
95 249
25 287
131 251
162 175
149 183
26 82
43 200
151 254
179 292
83 266
117 296
74 269
101 178
49 122
222 287
1 98
85 256
124 279
36 261
18 150
77 207
130 235
78 149
41 72
190 291
64 289
216 246
80 240
93 124
135 242
22 125
15 189
85 273
128 217
39 168
207 244
67 269
64 290
218 246
124 288
3 41
131 222
52 119
65 209
217 286
61 273
30 55
144 173
8 175
75 119
76 228
92 296
25 203
150 188
191 237
139 209
30 264
13 71
163 222
235 255
13 181
127 204
145 150
5 126
64 228
155 249
63 114
11 254
10 107
80 149
120 150
204 235
21 103
128 273
19 208
44 228
48 160
5 84
195 242
88 235
79 175
182 204
67 196
198 296
140 225
43 229
58 190
4 258
177 189
45 55
168 277
211 259
99 230
77 189
65 205
55 158
55 184
163 172
36 137
136 172
96 146
178 253
61 162
46 167
43 288
108 244
45 298
15 153
63 287
73 207
59 114
199 218
100 110
77 147
28 59
43 63
30 154
28 185
90 190
115 223
83 148
146 238
17 276
3 251
65 83
131 294
240 259
172 287
18 158
225 247
54 191
102 173
11 171
221 294
133 143
7 29
74 146
22 270
107 253
75 296
1 67
28 242
25 279
52 174
71 111
155 251
44 116
41 240
250 254
83 135
0 117
65 220
101 204
175 206
19 158
79 232
10 172
88 113
100 106
25 111
99 120
125 135
18 119
81 257
10 154
69 288
117 181
97 100
250 297
184 263
42 130
51 64
194 262
152 187
98 261
54 179
91 229
224 233
30 114
38 184
26 117
118 265
27 174
56 287
63 208
55 172
277 279
85 173
59 185
41 247
68 267
69 282
88 107
92 202
107 159
104 225
222 240
256 267
67 78
144 160
63 68
159 212
14 22
53 116
114 184
0 273
114 267
204 210
93 160
150 157
182 237
140 180
15 175
116 127
200 218
185 287
86 256
9 144
54 133
34 282
128 166
213 266
150 279
61 230
91 260
167 256
104 276
63 144
77 143
72 133
107 112
28 260
166 252
132 136
143 269
125 138
120 276
249 266
21 232
56 70
15 154
103 106
160 247
23 145
113 141
112 217
174 215
18 118
119 202
61 100
11 299
105 109
52 84
150 200
270 295
38 89
26 288
78 273
237 272
91 183
176 211
245 260
22 92
165 191
34 59
25 149
3 82
195 282
144 147
192 222
90 157
50 133
134 189
63 136
113 191
63 198
5 155
24 265
16 136
44 223
192 291
16 203
29 249
73 125
15 150
203 267
0 211
10 87
203 263
186 199
239 292
173 241
12 16
45 107
13 264
31 81
5 190
146 292
59 275
0 269
124 215
226 284
10 53
56 100
6 34
123 215
17 35
37 80
207 221
50 288
113 132
100 259
133 257
32 278
120 253
45 276
271 285
65 252
182 223
23 217
118 166
181 184
18 285
264 293
207 232
91 157
138 228
41 265
261 298
89 133
45 218
103 241
66 198
79 253
292 293
31 79
63 181
29 210
253 283
129 173
71 149
135 171
34 121
25 125
168 215
91 155
152 277
132 279
132 224
6 52
119 185
263 285
182 213
100 204
46 241
180 292
117 253
84 246
80 277
51 105
44 160
156 168
116 195
197 212
10 175
50 147
99 289
50 130
203 251
177 245
157 282
30 44
87 116
0 216
45 76
36 154
145 277
8 18
154 181
60 162
146 209
59 82
97 240
7 18
110 150
64 188
247 280
265 299
20 169
102 281
87 108
25 97
87 161
45 85
10 274
18 225
68 234
223 270
98 125
172 279
41 217
72 294
22 94
253 285
184 298
120 241
200 284
158 215
81 87
110 226
155 252
180 195
75 296
238 245
49 91
263 268
247 257
53 289
7 213
146 149
91 128
30 251
20 140
37 262
10 270
60 257
5 283
35 246
21 38
44 104
50 175
195 217
137 169
214 237
80 255
30 238
99 261
86 147
97 152
71 128
204 292
121 277
56 265
63 105
77 246
94 172
72 198
281 291
24 26
42 142
39 52
266 275
89 181
43 243
20 181
73 144
78 215
229 245
36 159
27 258
82 286
175 179
14 49
20 45
178 278
32 286
33 175
166 205
30 131
20 251
231 255
5 159
70 263
165 251
118 208
34 40
139 249
14 71
0 87
215 229
104 202
29 61
135 151
17 201
182 259
10 115
7 80
47 199
40 80
39 63
171 250
117 194
3 195
79 173
75 179
67 174
94 142
135 194
60 200
6 269
61 83
114 238
102 171
12 98
85 291
43 77
4 34
86 220
134 155
110 140
38 187
44 128
26 142
26 238
110 238
189 233
75 109
155 217
15 286
75 123
45 258
40 273
88 174
23 180
219 281
133 136
32 298
59 120
114 226
80 292
98 245
198 236
22 103
88 161
41 204
195 214
202 269
50 205
103 274
30 176
40 107
2 33
158 255
137 269
102 158
145 183
127 200
8 153
5 276
85 255
96 202
18 162
260 289
72 167
97 287
29 156
62 277
25 236
117 263
286 296
24 39
34 76
126 215
62 192
105 278
58 286
254 286
9 231
167 198
84 186
93 148
180 228
34 50
39 186
154 227
79 131
79 159
20 48
44 280
48 85
5 176
7 139
100 169
189 283
203 276
42 164
105 201
191 195
185 294
47 202
50 238
172 243
283 298
209 217
159 270
85 191
105 205
45 123
144 297
102 191
24 63
6 119
277 279
122 158
13 216
130 279
63 148
147 289
120 251
21 211
64 192
65 75
41 44
97 120
227 250
261 279
135 210
2 135
14 288
134 272
169 171
35 137
64 280
11 146
160 248
130 290
139 194
44 240
85 150
120 195
40 232
37 80
157 235
232 259
3 31
135 175
171 229
130 143
11 77
58 280
75 217
58 253
76 197
24 245
119 140
70 109
154 257
207 264
2 298
87 259
34 68
32 69
86 171
32 208
16 117
104 245
274 287
57 89
152 161
216 240
39 210
45 129
83 226
292 296
16 177
218 296
141 291
25 268
17 297
63 219
55 232
42 187
104 180
30 121
167 271
35 256
49 57
71 129
64 187
69 144
161 173
54 185
42 261
86 123
109 234
84 218
58 251
154 248
166 224
139 209
85 283
216 270
50 60
173 204
47 94
9 50
120 164
34 193
44 298
80 212
82 90
92 107
240 276
80 105
57 236
45 166
73 174
13 50
71 92
139 183
8 50
63 284
189 286
153 222
143 244
0 28
100 299
235 245
93 182
47 173
16 255
21 224
109 113
122 149
67 199
180 260
127 265
191 286
32 61
28 190
53 275
12 14
123 163
14 56
61 244
196 237
106 216
79 84
56 280
223 288
165 276
77 209
3 172
13 251
46 207
144 192
138 155
240 275
45 191
99 193
84 205
1 143
67 93
52 263
46 221
151 251
229 284
195 273
71 209
93 127
157 214
144 258
221 234
86 232
113 268
9 256
77 113
28 87
50 114
66 115
10 12
8 76
36 159
71 95
114 167
102 188
152 196
101 137
128 201
73 222
129 199
33 129
84 294
1 7
216 291
85 241
35 291
152 244
10 154
117 290
100 286
122 130
8 113
102 295
60 199
96 225
24 109
74 198
68 167
97 201
16 80
92 191
175 212
88 222
166 244
24 62
255 293
80 141
52 134
205 216
54 288
146 177
77 83
43 169
78 176
152 157
34 137
138 201
83 119
47 71
13 120
166 177
118 273
165 255
256 293
171 271
242 264
48 283
131 200
167 246
62 90
34 96
242 269
80 252
207 294
216 234
233 253
28 172
92 288
118 127
42 202
11 23
120 184
169 294
1 136
126 288
41 136
58 289
20 228
19 173
182 208
16 64
117 242
111 173
53 253
158 277
78 185
62 277
188 241
90 238
118 172
42 126
74 235
6 241
6 175
30 207
142 219
2 245
86 187
166 194
110 227
97 247
99 175
208 276
14 230
284 294
255 274
93 145
27 283
206 262
35 172
65 242
12 255
13 81
94 143
141 163
143 235
221 266
14 156
63 195
86 169
47 174
143 253
55 66
117 121
79 187
137 187
66 266
89 277
21 167
19 28
1 176
89 103
154 289
16 253
104 174
91 201
48 143
52 270
150 157
144 175
61 180
91 233
14 148
8 246
156 243
68 178
28 161
80 110
97 249
106 159
115 210
182 184
4 244
106 207
226 294
70 231
55 126
116 298
77 183
28 175
101 133
119 191
45 70
9 44
170 238
131 178
85 218
112 148
31 294
25 212
88 224
176 266
99 213
38 101
50 285
242 249
246 262
122 154
181 237
106 284
230 282
229 250
123 195
117 189
84 155
166 243
61 218
84 255
139 285
270 294
38 66
139 197
128 219
31 283
1 193
89 297
253 272
152 159
151 250
73 147
16 185
154 156
13 276
65 160
15 267
36 202
1 136
254 292
23 235
0 42
203 278
99 127
187 221
60 209
41 230
69 171
121 135
18 45
21 259
115 247
223 263
31 240
118 205
73 95
15 161
113 296
42 175
184 255
110 242
125 270
16 195
56 57
128 149
44 212
31 225
190 220
16 77
13 193
78 186
276 281
79 95
36 245
58 67
15 129
178 189
49 217
139 225
123 281
40 82
65 140
50 177
33 241
96 191
105 281
244 297
254 272
14 241
28 42
50 260
216 242
59 244
6 292
58 64
240 271
51 231
56 129
0 195
106 285
114 287
258 268
184 250
4 38
40 67
110 148
53 80
207 271
108 209
42 217
179 247
38 159
122 246
63 84
15 242
209 211
125 229
71 270
103 247
53 185
191 246
128 215
155 182
6 175
19 65
126 204
153 186
137 272
175 263
4 272
58 132
222 289
174 288
78 255
115 143
7 246
34 116
181 196
36 97
95 253
67 191
54 239
51 293
247 299
68 236
27 285
171 190
181 283
201 235
209 220
158 266
19 292
11 35
22 108
7 29
81 101
56 58
203 235
38 284
42 166
1 54
61 155
34 276
197 203
181 235
60 240
96 139
29 39
205 270
79 243
2 155
136 253
88 256
235 247
26 279
108 225
49 89
131 184
158 217
25 27
74 240
212 246
224 286
166 217
71 111
60 253
145 252
127 129
285 288
146 156
140 190
135 185
191 199
205 245
42 128
168 180
9 60
9 24
66 139
253 257
78 80
3 135
100 269
41 280
54 234
68 207
94 155
236 293
61 286
44 284
78 127
42 135
2 235
203 259
118 242
28 94
129 183
116 158
20 117
179 299
124 160
112 131
104 279
37 94
103 162
149 167
66 109
63 112
19 22
75 279
49 164
236 241
169 271
11 81
63 289
92 134
45 128
186 265
238 280
155 208
92 196
43 194
56 247
218 281
82 217
11 174
18 57
45 278
206 262
224 295
9 175
10 240
49 267
29 240
125 174
46 105
30 99
23 58
123 234
186 262
145 238
1 75
123 284
102 144
38 92
37 43
39 292
84 122
8 181
12 183
167 173
58 110
81 255
186 223
150 172
76 79
59 110
51 299
134 172
42 164
71 192
70 118
129 298
12 54
161 180
101 262
73 148
79 139
59 255
85 253
30 171
211 297
62 72
141 295
76 174
124 242
158 283
5 77
37 177
9 40
223 227
166 266
1 10
60 249
126 284
149 161
119 290
111 204
107 123
56 270
92 239
62 124
166 178
96 197
144 153
139 239
7 18
45 280
165 192
73 166
10 144
175 176
193 279
143 237
18 132
7 79
51 195
50 225
13 66
21 266
34 135
33 262
135 192
204 224
261 265
45 187
232 292
258 294
206 218
49 200
107 137
16 61
267 273
101 185
45 116
85 207
88 157
159 229
4 161
93 219
6 288
233 244
82 161
85 278
203 295
36 205
24 187
95 178
189 227
127 283
78 228
159 170
97 261
110 209
89 191
95 104
153 190
123 255
61 97
14 180
72 165
134 160
53 249
178 249
101 282
115 233
2 165
247 297
84 289
154 186
162 217
185 247
151 263
137 196
77 116
5 277
139 158
228 277
25 205
17 293
228 268
9 164
24 106
219 244
156 252
153 183
118 242
129 138
75 233
73 110
38 272
188 276
46 298
67 88
129 175
6 8
189 219
182 184
2 141
74 179
80 237
134 233
132 139
27 52
131 237
110 114
113 178
88 291
57 214
142 151
44 60
11 201
127 185
161 198
148 161
138 172
202 211
81 230
19 83
29 161
194 281
233 251
62 85
193 241
6 266
153 228
90 195
64 117
10 245
170 269
10 118
52 234
227 239
1 74
43 248
158 216
86 118
111 298
60 114
87 223
18 287
113 181
4 57
185 269
59 190
232 268
139 295
69 296
71 127
104 267
54 177
124 215
55 129
133 246
48 266
127 277
168 193
168 207
0 222
13 288
76 195
132 272
112 189
77 285
261 285
68 265
112 248
154 169
48 235
14 178
139 275
0 37
95 207
1 124
55 233
18 193
88 240
125 223
50 214
111 263
136 271
41 103
60 73
13 127
110 245
155 269
131 197
145 160
116 197
118 199
174 251
173 200
116 271
34 174
15 63
5 254
192 280
74 173
240 264
111 274
194 268
102 213
6 109
65 69
82 165
61 163
91 285
45 67
77 135
13 242
58 234
127 161
97 294
110 183
36 239
133 162
30 156
31 144
133 139
82 190
35 116
82 103
49 126
96 121
228 285
179 262
79 160
18 32
29 69
247 249
89 240
98 258
72 108
113 157
272 290
118 137
133 237
277 286
27 267
81 116
102 163
81 141
130 168
70 189
138 273
115 187
29 49
140 286
117 193
86 276
31 217
113 144
27 189
37 126
44 76
19 227
106 119
231 262
170 268
137 142
23 126
100 230
80 284
105 275
145 206
160 205
94 200
146 299
95 213
24 247
0 147
155 182
22 195
233 255
51 71
13 20
132 176
19 207
133 149
92 128
37 120
62 144
141 299
240 250
40 83
154 178
159 284
237 291
64 284
12 183
37 135
41 244
183 188
21 214
168 179
50 83
164 236
87 273
71 178
60 275
195 232
120 188
232 234
134 224
96 204
120 274
212 279
4 286
61 227
7 286
142 241
20 164
12 260
111 289
98 235
45 159
209 242
14 126
30 234
166 238
60 263
96 299
131 239
148 162
96 273
249 280
102 148
137 202
219 296
120 167
153 277
79 215
31 112
69 113
23 50
118 282
46 280
71 211
128 224
170 226
179 240
146 191
174 240
5 87
103 271
100 237
117 239
67 100
180 208
57 135
38 180
102 164
73 150
35 240
79 94
139 176
0 51
114 278
237 265
224 252
33 225
213 235
107 115
119 151
100 233
263 271
14 179
119 133
149 273
161 295
228 248
48 77
113 128
106 230
177 216
155 246
65 292
106 278
92 247
0 148
61 215
47 184
3 128
23 89
123 133
48 129
131 264
22 180
219 299
44 62
24 66
131 222
191 293
43 271
221 255
51 240
75 109
125 222
91 290
54 172
87 218
108 228
37 246
36 233
69 83
227 257
261 273
39 209
230 288
248 257
67 152
82 212
41 105
34 279
58 260
28 95
164 285
233 293
83 158
142 246
97 291
154 299
96 286
17 272
27 290
86 132
46 136
6 177
280 294
185 284
94 206
115 222
43 152
266 274
80 231
105 238
24 254
125 158
89 143
203 216
237 299
48 124
241 282
25 259
131 267
138 256
78 185
75 124
68 171
213 217
177 204
27 28
251 256
77 197
30 148
6 102
7 26
47 223
50 69
81 254
128 145
252 289
164 233
98 227
159 274
70 185
118 119
218 292
158 219
62 238
94 151
131 206
71 98
161 238
45 152
24 58
212 274
34 138
176 213
135 289
176 198
102 226
46 220
135 222
88 164
73 224
113 228
18 50
37 86
8 43
239 279
166 288
36 247
132 183
11 270
224 234
3 155
280 290
248 263
156 174
270 293
239 265
133 217
66 86
22 176
176 248
139 198
40 285
77 160
191 235
123 151
175 265
100 201
131 233
176 208
54 173
25 90
205 280
62 255
54 171
175 251
129 152
74 132
64 295
142 166
96 277
32 99
140 254
98 182
99 115
88 266
91 119
27 128
11 136
212 297
129 218
14 147
86 275
18 20
237 271
4 199
91 272
164 281
192 221
104 291
170 181
14 88
141 192
128 194
106 180
113 288
244 268
17 99
112 169
109 159
130 232
22 181
241 263
16 134
80 264
196 288
42 178
181 223
192 195
213 234
116 135
124 129
126 180
38 134
59 96
12 129
92 150
13 252
65 198
167 172
27 162
100 232
24 110
211 240
37 126
65 195
178 241
72 177
176 203
178 196
94 176
168 213
147 186
40 114
31 186
18 93
0 224
198 261
125 280
1 293
63 256
109 212
60 120
97 120
60 227
93 116
23 80
242 245
32 146
123 177
81 134
20 80
161 298
145 281
224 286
184 248
235 242
19 234
122 238
204 234
15 92
17 241
47 181
161 249
20 184
4 64
36 118
119 233
133 268
81 99
259 281
55 253
160 262
28 202
16 252
89 206
20 248
235 268
2 268
120 276
95 257
25 280
63 266
269 294
107 176
119 209
210 271
17 37
123 171
153 201
175 264
112 150
10 102
72 80
86 299
188 299
13 205
210 297
97 245
81 164
154 273
23 117
231 241
73 85
149 204
13 117
101 273
7 107
244 267
44 194
102 115
47 159
184 247
99 149
75 136
37 200
198 219
203 251
100 188
16 225
146 169
61 221
84 286
258 277
63 116
248 273
6 102
140 168
81 265
152 212
20 142
221 264
39 92
82 243
173 174
201 234
250 269
73 237
95 138
136 210
37 117
30 89
155 282
163 208
264 298
127 272
136 204
67 185
40 136
85 103
0 173
133 164
245 266
147 218
25 171
116 269
77 152
106 110
100 186
70 289
219 273
100 235
199 292
127 263
232 276
135 243
92 293
263 267
28 201
265 282
3 83
52 227
145 204
153 221
15 88
11 221
8 132
39 241
15 213
29 176
122 221
268 279
276 291
30 132
250 263
165 176
93 221
1 19
15 130
237 279
7 232
157 259
105 237
156 295
67 293
33 218
3 105
139 196
24 119
17 163
30 120
71 161
115 177
241 296
219 238
40 118
274 299
88 144
16 66
35 248
233 241
71 162
32 156
106 286
44 211
38 45
158 239
53 158
91 170
213 214
196 239
101 244
236 266
55 274
86 137
43 168
17 86
107 172
73 277
102 233
92 207
39 294
140 239
117 276
65 134
80 265
77 298
19 63
30 228
131 296
146 195
42 291
247 294
8 288
237 243
19 217
23 57
33 106
76 111
127 149
12 141
75 250
128 281
191 195
176 293
98 228
175 194
188 260
228 292
30 242
178 187
3 199
137 260
78 264
15 111
87 209
225 246
40 277
212 296
83 166
45 180
43 290
9 271
103 174
61 108
118 184
167 203
19 143
34 59
36 225
236 241
4 222
204 277
90 105
88 149
83 160
91 128
197 198
134 198
54 245
34 182
63 286
69 218
46 258
61 133
48 71
17 30
16 205
165 209
51 69
98 192
97 269
178 221
95 154
20 206
29 221
94 279
19 247
56 69
74 111
77 164
65 218
32 251
91 276
65 95
168 290
49 63
29 182
56 118
94 267
65 206
148 199
79 292
28 48
74 260
222 283
112 235
153 246
125 220
44 144
235 294
253 267
16 126
56 91
55 124
156 230
49 95
187 210
28 72
257 263
185 296
266 278
36 139
51 108
66 247
120 239
50 267
146 156
78 164
156 298
165 207
95 166
59 141
153 250
147 239
156 207
79 136
51 154
23 279
46 142
41 264
166 189
65 244
3 223
175 274
184 252
78 277
178 233
58 173
92 271
4 98
229 298
83 202
157 276
61 212
110 235
115 189
162 194
40 183
188 280
220 231
91 202
5 56
84 194
119 185
80 211
198 273
126 174
178 179
157 171
11 224
67 290
204 213
50 117
50 183
90 289
4 19
44 63
52 179
87 97
60 107
193 228
68 152
37 38
46 66
127 259
62 278
140 271
50 173
109 218
68 280
127 170
158 241
193 225
241 279
6 293
76 178
25 143
53 281
25 268
105 241
45 124
71 190
128 168
32 282
143 205
147 180
136 217
31 177
161 271
256 292
49 192
20 203
183 274
227 253
0 200
56 282
161 266
114 283
25 57
58 132
89 259
203 215
105 297
33 76
57 131
202 224
87 207
86 144
42 189
90 259
112 129
64 274
1 94
103 183
5 8
164 293
46 199
52 246
133 297
68 282
43 167
22 65
12 178
117 192
210 271
14 299
31 272
51 238
34 295
22 78
8 160
79 225
64 182
33 85
127 185
133 299
36 125
16 268
280 291
80 124
110 159
39 152
98 163
122 177
47 215
90 288
170 290
45 260
35 217
192 252
146 221
108 147
120 173
97 248
115 208
202 282
23 92
82 228
135 289
201 269
78 98
166 209
25 210
24 243
55 142
42 116
167 298
113 225
17 187
104 254
78 166
78 232
54 137
247 255
219 220
129 148
128 229
78 240
44 270
238 286
154 234
137 216
109 293
15 245
87 221
238 278
82 241
144 248
52 91
44 266
53 255
52 114
266 297
167 234
165 293
0 170
47 248
58 253
24 178
85 97
5 97
105 206
68 133
266 287
131 260
236 246
115 292
14 170
100 245
24 69
102 134
39 57
58 218
27 262
41 60
137 213
187 212
187 248
60 244
87 111
230 287
134 245
110 263
15 112
133 252
55 256
11 214
169 274
70 106
43 223
3 180
57 267
93 103
124 250
67 243
55 72
30 117
116 151
108 223
72 267
79 199
86 224
285 296
35 230
65 284
54 144
14 232
71 86
153 225
197 243
62 198
96 121
107 251
80 239
170 228
234 276
131 222
20 142
15 158
72 115
13 167
192 239
240 278
37 58
20 117
73 92
83 159
2 171
80 102
178 193
244 274
44 61
170 178
54 116
109 214
7 14
16 159
56 85
10 89
126 226
136 149
34 48
108 174
31 191
138 202
99 238
95 299
52 67
241 285
99 102
31 197
109 299
112 151
197 258
6 88
82 189
213 287
107 220
105 209
3 75
141 228
97 230
94 296
43 70
130 197
154 192
80 228
119 127
117 145
0 234
21 210
146 277
70 219
53 140
21 134
196 268
148 157
131 161
95 175
190 235
102 289
73 153
90 274
4 219
98 289
126 289
68 287
126 280
56 187
82 226
0 245
9 15
28 288
103 185
59 75
48 116
22 233
166 197
19 32
27 272
87 135
145 239
190 202
33 46
216 282
96 106
120 271
71 117
221 251
68 137
122 139
35 177
137 198
105 184
20 127
128 148
10 49
41 84
52 120
30 159
132 277
37 229
169 194
140 281
233 238
159 225
220 275
18 40
70 121
171 176
82 162
98 161
203 204
185 232
120 178
230 253
164 189
78 235
93 211
37 148
161 243
26 177
94 150
96 268
290 298
7 52
155 295
234 287
167 262
83 104
42 176
50 161
112 218
21 194
5 34
53 150
107 227
4 171
28 108
146 157
211 298
146 192
238 282
72 151
31 277
246 274
120 238
179 201
63 225
33 203
225 241
80 230
30 86
230 258
244 266
80 88
23 99
100 123
39 169
9 215
225 277
5 239
59 182
142 223
69 152
33 244
131 164
12 234
180 221
108 275
62 89
157 177
1 160
49 212
154 157
15 294
178 194
8 244
9 66
70 150
111 147
84 88
165 168
91 98
68 139
118 136
176 199
109 170
34 158
101 134
158 262
7 120
186 276
130 233
78 293
128 282
38 287
29 119
37 214
66 81
155 244
18 64
190 227
90 115
48 84
169 172
176 269
182 238
9 295
14 193
151 152
137 205
19 199
50 92
127 210
87 169
45 59
112 252
164 284
148 226
24 59
11 273
143 156
110 208
237 287
187 265
67 236
7 58
80 248
73 292
0 112
61 196
142 271
12 108
115 141
86 218
67 273
86 90
89 182
65 175
221 245
228 249
195 206
175 259
121 144
75 236
27 127
77 164
115 272
85 87
147 197
127 136
86 177
107 279
94 193
114 274
96 188
34 123
156 283
110 211
49 238
38 135
54 206
42 261
106 165
111 193
71 234
84 219
54 195
94 198
222 233
135 213
59 288
44 299
22 105
135 210
34 78
135 156
126 206
267 292
104 141
25 128
30 47
86 207
221 249
112 185
20 285
30 285
149 180
36 125
140 156
67 187
188 189
91 93
222 291
51 236
11 66
125 157
172 253
33 73
2 33
204 279
112 142
21 150
13 220
5 286
121 228
173 299
116 239
54 242
196 237
167 238
90 265
18 161
101 270
88 204
27 133
94 121
190 270
85 154
7 121
133 146
41 63
109 258
122 203
57 147
32 77
212 290
5 144
97 162
28 261
5 279
200 295
149 282
198 283
52 190
99 125
162 166
16 212
98 259
212 287
22 224
221 281
183 216
145 217
164 277
24 225
112 234
201 278
176 219
107 132
23 295
25 221
69 125
38 239
218 290
170 180
4 139
87 153
151 239
72 213
183 192
32 181
59 120
106 248
86 269
50 141
6 86
164 172
104 162
152 158
123 168
93 148
57 76
92 211
25 130
2 191
22 219
165 241
0 118
63 280
185 235
40 197
43 207
30 259
238 250
117 244
15 254
146 178
134 163
269 289
0 233
125 159
219 241
85 128
73 295
212 216
128 208
42 53
39 185
22 46
129 261
75 299
37 153
38 158
6 249
38 264
50 168
90 209
65 71
73 164
4 16
121 134
197 275
14 39
83 247
146 297
8 51
59 208
49 52
179 299
84 221
14 216
27 216
62 244
120 294
97 167
109 135
2 200
259 276
73 220
177 291
61 142
193 231
226 232
32 199
84 224
222 295
3 45
136 181
69 179
108 120
156 214
85 293
80 153
3 164
16 76
148 232
58 98
57 124
201 268
14 172
44 65
119 292
110 235
1 290
7 282
120 183
169 250
182 275
23 152
228 243
114 182
10 82
184 242
228 231
231 233
29 68
73 259
9 240
101 214
70 155
66 222
66 176
97 203
61 217
80 160
34 141
133 218
226 295
126 280
146 264
113 244
84 238
69 100
5 206
16 288
13 49
118 158
9 76
96 130
181 254
266 296
141 249
60 291
260 269
49 64
118 245
187 207
261 270
234 289
96 237
288 299
72 135
145 203
73 286
116 236
14 93
200 248
208 237
140 151
26 202
11 192
49 76
17 166
40 175
150 167
74 102
96 252
110 189
211 240
6 104
124 205
63 109
51 103
136 283
2 18
5 285
252 280
188 228
12 13
97 103
23 273
39 147
62 218
169 231
84 211
20 133
91 289
199 293
210 239
19 206
81 271
188 203
29 50
30 196
71 292
242 257
178 290
207 288
57 73
52 241
140 290
45 118
95 143
138 173
199 299
103 173
41 150
137 140
192 210
15 240
30 262
7 9
48 185
40 254
33 283
152 173
228 248
6 64
29 132
43 189
129 190
31 205
92 193
211 214
10 35
54 113
26 40
176 258
21 254
13 103
202 245
3 72
6 236
178 213
44 57
194 232
24 85
219 294
45 47
80 278
256 290
48 214
180 193
81 146
96 172
12 53
85 179
220 265
43 256
70 196
59 252
89 207
3 149
24 211
63 231
17 245
19 55
86 151
90 249
55 239
27 292
68 167
124 191
82 279
225 267
94 197
168 248
149 155
269 290
40 255
113 165
192 245
138 295
42 247
34 118
2 11
80 116
71 153
33 122
140 213
57 269
99 186
94 106
116 246
72 259
101 172
131 193
19 89
37 227
119 221
189 260
44 254
109 232
49 61
41 57
3 100
78 209
19 281
190 209
34 113
234 273
139 294
14 68
75 277
29 234
64 87
52 153
51 57
189 206
124 280
36 186
44 251
193 204
52 100
99 248
246 264
191 202
50 173
40 184
34 113
167 223
47 119
0 7
66 233
0 106
137 182
162 170
260 279
121 136
4 207
8 46
87 204
93 190
52 53
197 262
143 203
19 185
8 154
99 170
50 232
25 260
1 31
32 217
118 247
56 296
46 111
11 241
143 191
17 27
77 117
9 275
126 245
49 216
95 169
184 202
79 295
39 202
19 80
133 213
73 278
71 202
118 296
2 114
46 265
89 122
130 153
197 237
75 159
173 194
222 265
83 115
212 297
89 119
105 181
17 36
104 105
38 103
83 107
59 274
35 75
232 242
64 117
25 87
256 277
29 45
193 213
49 80
33 216
53 105
81 211
3 192
104 223
111 198
166 208
100 159
65 287
16 273
12 247
67 247
20 198
6 210
152 252
196 292
230 285
142 223
57 177
0 113
245 252
177 286
34 50
115 278
112 179
189 247
165 185
217 273
81 215
131 191
116 148
6 20
209 287
122 171
34 179
54 271
126 271
20 84
28 282
66 253
133 142
67 189
120 254
82 276
25 279
61 295
262 295
1 140
21 236
22 265
244 277
37 252
14 254
117 176
23 130
20 288
0 54
113 231
198 284
169 201
99 298
171 237
105 260
192 202
208 223
123 276
74 220
68 129
73 202
186 268
13 150
237 267
27 80
10 140
39 140
0 180
106 273
28 103
3 188
64 162
152 172
115 228
67 137
35 219
42 228
101 225
79 288
48 115
47 244
136 281
145 252
55 229
81 157
200 224
32 97
6 234
193 201
98 191
155 195
20 179
6 187
77 106
177 249
143 194
141 292
63 115
12 109
99 198
224 248
3 87
133 177
71 276
177 273
179 235
22 34
32 286
79 161
223 278
35 90
136 218
47 66
124 281
224 279
282 293
119 265
119 139
89 161
26 128
2 244
7 36
72 212
4 206
73 97
16 252
127 248
49 231
93 265
53 129
200 228
45 203
95 216
186 286
23 79
79 139
150 236
27 132
53 109
54 237
161 286
17 97
71 299
12 86
71 189
36 178
146 218
171 233
148 246
6 267
63 299
8 134
120 158
80 143
206 262
58 83
30 249
127 171
229 292
17 114
217 220
30 39
15 296
45 136
56 173
84 201
89 263
27 280
189 220
146 203
3 205
14 194
32 108
91 208
37 288
41 140
207 292
103 200
175 271
40 263
8 183
201 293
91 159
7 226
40 250
38 237
110 151
118 264
208 269
97 197
175 249
44 264
36 116
79 258
155 184
120 198
130 235
2 161
6 151
32 286
20 209
174 295
20 30
119 171
196 240
58 126
94 166
88 175
9 211
193 246
48 159
79 114
14 293
58 202
65 269
113 137
80 158
7 202
183 184
88 89
211 279
174 256
144 206
152 288
145 226
7 47
143 198
32 95
167 174
196 262
97 187
244 278
207 241
103 130
237 276
101 111
38 93
167 277
1 192
69 137
280 288
96 216
167 195
55 196
37 201
196 219
82 150
31 182
63 265
11 195
201 227
134 195
77 159
245 263
119 279
162 268
20 269
23 236
139 220
170 275
101 233
90 219
193 201
84 265
104 167
120 257
186 194
147 279
32 234
5 150
19 77
115 174
127 293
39 139
145 178
240 258
7 144
53 132
37 258
164 218
31 61
92 299
161 253
14 76
211 292
39 102
65 297
199 249
11 191
123 158
75 160
134 264
48 81
99 200
73 186
41 69
11 26
68 218
159 252
61 259
175 268
42 180
70 230
26 284
0 121
1 53
289 294
156 175
85 177
49 104
158 222
29 98
85 143
14 110
74 155
166 195
244 272
19 69
73 212
80 101
7 141
230 234
263 277
79 92
104 197
240 281
110 296
126 291
148 266
10 112
73 111
20 21
12 260
136 164
41 114
78 131
203 280
83 151
235 289
162 280
61 220
42 186
134 142
167 187
141 206
116 228
261 288
46 196
175 231
43 83
6 97
183 261
44 260
45 75
118 250
241 275
135 251
83 84
75 243
226 296
26 233
69 237
116 187
192 282
115 165
121 136
79 185
190 231
33 160
241 245
83 121
187 257
88 273
53 83
99 158
39 100
40 69
16 169
24 192
38 195
250 264
21 210
80 299
82 149
184 229
95 288
30 139
148 223
191 295
68 77
13 52
43 266
26 176
29 166
148 215
53 78
62 219
193 273
84 102
79 201
66 131
88 262
69 219
35 231
87 198
251 277
8 213
97 121
186 287
224 289
73 213
85 151
244 294
188 220
42 113
40 97
53 70
200 265
100 176
42 257
138 214
99 184
150 162
74 163
174 280
169 242
122 243
48 256
53 256
10 143
179 224
52 111
9 90
58 223
85 115
44 97
99 162
53 250
30 48
29 112
127 228
102 103
45 299
50 135
50 119
218 297
14 152
20 121
125 255
238 260
62 273
271 294
43 175
147 163
51 142
48 241
27 199
115 150
44 190
204 280
178 225
147 171
103 189
133 215
231 243
5 284
152 203
49 56
155 160
172 267
98 181
103 212
147 226
69 229
104 217
16 277
183 278
81 130
83 285
31 203
10 234
30 55
4 195
88 281
294 295
160 193
138 278
185 253
212 268
80 129
4 86
56 217
212 242
173 258
62 200
72 275
155 237
270 283
118 225
85 205
239 279
87 259
228 265
59 169
77 252
79 99
23 184
113 132
67 296
36 39
110 116
16 175
244 263
247 282
137 263
30 282
89 135
64 219
29 87
94 96
62 235
47 106
167 264
194 195
77 208
20 194
131 252
30 157
71 110
10 233
161 294
29 191
84 106
247 255
56 135
156 270
57 64
18 261
28 163
53 107
145 218
29 143
153 230
11 62
131 223
96 211
46 147
51 98
208 236
31 86
63 240
178 211
82 120
142 197
22 281
90 220
15 162
80 128
51 197
13 226
160 218
105 165
110 278
46 198
96 170
16 254
154 172
62 70
190 249
72 280
139 184
151 249
4 225
36 136
31 240
216 293
57 176
24 118
82 188
28 118
185 282
76 96
267 298
22 177
207 290
102 224
5 44
55 219
233 293
230 231
168 269
17 34
149 233
78 117
89 145
15 211
31 50
203 222
60 152
74 128
29 72
84 182
7 63
100 183
134 266
86 251
106 223
22 159
126 256
178 180
65 262
211 283
55 280
9 81
23 38
38 72
65 287
88 157
253 287
108 143
39 100
41 68
167 187
279 299
234 243
287 292
85 111
61 289
39 68
28 165
157 180
94 215
175 247
5 66
58 161
92 257
29 150
142 227
25 92
184 195
87 159
62 185
94 122
54 117
26 182
59 210
40 298
60 256
147 234
145 179
46 236
76 281
105 225
126 234
93 125
197 243
36 55
212 226
1 154
66 179
81 255
15 188
26 78
91 187
0 7
126 178
114 162
178 209
117 231
47 185
41 83
40 234
188 211
11 76
164 267
64 127
35 90
158 239
188 266
40 287
176 201
130 264
125 285
204 227
37 135
171 267
94 248
32 145
48 168
48 295
111 137
70 205
253 295
58 94
33 274
86 245
234 284
11 236
106 156
29 218
238 258
82 219
19 298
107 225
189 195
52 63
133 216
199 255
52 174
15 293
36 69
40 281
149 231
278 288
148 275
32 59
163 275
78 90
166 184
160 297
158 246
139 174
260 271
57 285
139 260
31 144
126 177
68 156
183 253
25 88
73 227
4 238
42 146
53 154
262 291
61 123
27 276
24 201
159 259
34 227
38 124
52 143
99 196
82 134
37 133
213 294
0 199
98 138
64 68
7 109
70 296
48 298
72 93
66 257
166 225
1 85
182 205
18 221
64 157
30 81
80 140
76 272
59 147
118 189
148 296
19 171
44 212
23 176
108 179
108 195
159 297
8 17
96 253
54 189
36 72
116 256
204 290
2 75
30 299
130 252
163 177
66 194
95 196
23 204
176 221
147 282
56 64
37 179
78 254
101 226
57 86
48 110
160 229
234 264
232 284
59 208
108 132
138 269
50 270
22 76
37 127
150 217
58 114
106 114
11 61
60 160
26 165
101 175
112 201
280 289
65 182
236 280
259 296
12 26
38 220
86 271
73 142
41 53
34 203
5 296
142 225
88 91
79 209
113 228
57 109
83 182
62 133
67 163
2 17
50 210
115 232
67 215
170 285
239 270
64 134
9 105
144 214
123 211
110 254
200 236
97 276
212 244
75 283
162 296
2 217
17 216
59 299
29 100
149 254
45 48
89 271
170 215
92 283
23 134
86 202
1 88
9 75
7 269
55 91
219 254
33 49
221 298
168 189
187 252
48 193
200 248
49 237
13 102
55 154
119 247
168 229
27 192
1 166
1 245
26 237
35 185
93 154
11 295
180 192
239 282
222 263
99 295
106 218
8 157
99 248
40 225
15 220
79 115
196 219
40 251
106 108
136 184
1 282
3 124
61 96
51 192
39 73
23 91
221 261
141 274
217 252
110 274
236 269
38 204
171 271
109 136
141 161
130 298
24 265
274 289
54 181
98 153
89 184
167 181
39 64
59 235
156 263
159 264
48 133
5 30
8 276
111 291
165 170
22 43
33 244
26 199
61 150
84 112
79 278
63 202
101 259
44 249
13 243
38 146
28 225
57 184
129 211
106 271
210 263
56 248
106 261
62 158
155 267
111 203
203 289
71 275
134 163
28 217
167 267
134 229
219 258
60 157
114 138
154 258
69 143
109 209
19 52
28 106
83 294
162 217
178 262
46 288
57 99
90 275
49 184
72 288
121 157
171 237
263 288
7 178
0 181
50 210
144 236
74 179
148 235
109 162
33 232
21 148
219 247
116 199
0 204
47 288
61 129
157 207
182 251
119 243
117 139
135 292
112 174
159 296
83 244
84 86
4 155
249 295
150 243
55 273
166 185
225 231
91 135
135 243
142 225
210 257
16 292
241 259
7 217
53 208
40 180
104 119
43 191
139 291
5 214
123 293
112 124
131 204
25 128
70 255
251 286
65 222
91 244
111 236
22 34
216 254
150 168
14 192
72 161
10 177
54 211
11 111
55 158
33 146
43 245
16 203
50 289
46 85
101 249
62 99
154 243
117 137
99 206
212 258
159 167
44 298
132 275
0 86
247 258
98 242
0 296
162 185
150 189
0 209
191 288
26 136
146 284
78 173
106 145
31 250
28 64
80 226
107 252
110 185
96 184
0 194
175 177
13 249
71 145
107 233
118 248
176 262
130 134
166 259
180 192
45 206
124 207
70 278
73 169
249 258
229 258
252 259
132 239
70 161
23 280
52 258
30 184
95 108
149 278
138 220
111 261
94 237
197 248
173 298
1 120
153 176
19 147
40 159
149 154
1 131
88 97
76 290
130 216
93 228
184 292
25 211
243 296
1 244
165 234
2 183
150 191
58 97
4 172
108 140
106 230
7 262
27 271
101 175
119 181
113 232
104 281
10 205
132 155
28 214
39 164
47 61
55 262
244 297
184 204
18 52
6 103
76 275
93 151
81 250
101 155
168 183
13 69
210 218
190 196
181 227
63 144
96 127
140 255
31 218
104 171
64 160
40 103
91 98
44 234
148 165
66 249
27 255
15 191
55 191
40 224
151 261
110 243
135 183
172 282
57 119
14 240
56 277
10 142
46 146
152 298
290 293
232 253
117 230
98 215
89 227
103 121
164 252
124 145
67 143
161 169
30 203
74 186
74 259
73 239
77 93
9 226
232 291
100 261
55 74
65 103
124 132
32 134
174 293
108 193
147 291
187 209
31 211
7 248
105 296
184 264
69 256
99 192
168 204
126 210
100 287
65 243
21 299
223 259
188 269
1 259
167 247
241 295
123 130
193 267
110 126
181 239
229 268
263 264
104 211
87 216
95 227
81 239
18 21
23 113
68 261
91 143
86 189
206 257
7 27
81 231
107 256
53 199
65 266
150 203
220 240
80 87
9 196
17 103
85 237
42 237
215 265
75 246
33 259
1 157
63 131
159 193
11 151
153 217
169 230
35 78
32 267
119 264
33 62
185 283
133 178
67 231
160 293
67 96
7 22
28 62
76 96
63 99
44 127
3 215
57 200
201 241
1 29
70 192
74 158
14 254
172 201
33 260
69 240
240 256
248 286
228 293
83 89
70 71
47 61
66 260
16 179
117 134
23 160
4 85
267 284
8 67
7 252
23 33
35 193
137 163
21 286
30 43
20 187
209 222
17 96
97 290
126 299
17 88
140 193
77 226
27 297
252 263
177 247
50 188
62 132
55 158
216 294
29 184
106 183
37 236
268 294
137 180
123 238
149 193
45 224
24 194
21 272
59 293
89 202
10 21
72 126
43 187
202 288
107 133
166 276
181 266
122 170
127 197
90 179
198 212
134 257
170 284
34 106
154 218
276 286
33 127
193 254
104 234
219 250
255 267
37 202
1 290
13 89
278 289
234 271
114 132
101 111
214 293
64 131
29 215
16 133
42 74
35 88
95 229
151 227
258 292
49 115
126 282
19 225
166 222
68 155
134 210
91 215
56 260
218 294
87 277
0 206
0 192
80 221
10 173
34 65
154 261
7 124
114 285
151 263
12 289
46 177
80 123
117 258
151 221
96 240
72 208
52 86
123 289
118 257
126 269
37 164
221 290
200 264
99 135
127 281
207 273
119 132
128 144
134 139
233 258
63 283
240 267
126 155
108 202
82 240
30 299
219 247
112 241
101 279
22 213
205 267
71 123
15 287
135 266
63 297
95 210
28 37
13 260
41 89
130 135
164 242
23 129
60 126
81 237
17 231
214 272
139 279
187 265
24 148
115 250
33 81
208 245
74 148
132 144
84 107
40 99
63 158
117 244
60 239
89 216
117 275
119 183
235 281
45 261
78 290
12 35
68 102
66 174
32 123
77 102
65 257
104 194
167 283
98 258
0 234
39 80
240 283
5 111
31 195
188 212
66 264
78 287
36 90
92 279
189 235
64 259
137 276
37 248
77 296
128 183
42 288
36 120
145 294
92 161
82 108
198 214
15 296
22 249
125 267
118 212
50 209
9 280
26 221
23 181
137 227
115 212
246 266
95 285
78 236
153 236
108 168
71 296
192 298
3 290
123 296
142 273
34 58
199 234
50 159
173 269
199 265
97 132
18 220
164 231
2 21
84 139
249 278
130 179
81 268
222 288
73 295
14 148
123 170
101 139
85 126
252 283
3 213
61 189
108 287
98 251
14 257
167 204
14 106
157 175
169 205
127 142
126 271
16 67
44 259
103 260
90 203
73 269
49 85
108 129
34 39
229 270
112 291
89 219
21 139
14 134
88 219
230 260
150 262
179 205
16 47
9 84
136 227
94 171
156 249
232 255
88 271
76 261
3 23
67 265
190 207
28 61
1 100
33 125
111 188
45 128
160 246
48 184
154 155
76 262
21 189
19 130
79 241
162 235
2 134
97 147
3 258
22 183
71 148
184 299
122 160
77 207
196 290
12 239
200 289
12 40
76 177
69 189
48 112
123 181
104 279
57 76
45 146
1 61
87 248
33 104
159 240
109 128
41 58
4 13
244 293
112 196
56 172
70 96
153 211
114 152
222 223
29 238
81 203
14 95
36 55
133 176
151 203
66 136
23 256
86 201
22 268
27 264
139 242
126 267
21 96
26 233
173 216
91 137
132 199
132 152
13 107
64 211
178 282
36 216
140 275
17 140
241 257
111 169
27 282
194 215
249 292
117 227
199 273
81 182
31 45
189 202
109 176
15 110
63 199
16 99
218 290
137 281
87 118
55 90
126 265
114 271
145 148
33 272
81 292
230 252
275 291
59 77
48 272
45 285
61 209
51 157
108 268
219 276
137 208
67 259
276 279
78 111
100 267
140 151
0 221
112 262
43 106
94 214
94 142
177 237
101 116
81 130
78 167
77 130
100 240
2 101
172 182
81 127
158 242
52 71
44 115
179 272
88 278
207 250
140 196
100 174
198 257
145 222
243 247
66 222
173 233
191 261
53 159
128 262
36 182
128 182
224 250
108 213
88 165
67 223
39 207
13 241
208 270
62 154
63 278
253 274
206 254
27 112
65 265
64 71
8 164
268 288
10 185
47 59
37 114
128 149
7 299
220 228
194 295
213 297
20 69
246 273
250 270
261 267
167 187
65 258
25 102
94 178
22 172
77 138
131 162
6 51
111 123
171 220
68 113
103 214
74 90
23 111
18 216
1 272
85 164
100 117
233 277
23 147
108 119
111 281
233 239
208 254
98 202
190 200
163 293
23 121
115 261
149 260
26 72
144 186
64 240
67 164
160 162
108 128
126 273
156 274
8 40
152 155
26 76
20 205
181 217
6 272
141 249
30 111
32 258
65 162
55 248
146 216
80 275
102 227
174 289
92 168
79 117
10 21
169 201
138 230
30 93
168 192
173 227
24 214
11 139
138 193
127 175
206 287
224 234
3 296
46 53
27 125
29 43
70 225
146 233
110 262
18 82
47 115
31 103
34 111
152 154
14 220
58 140
139 212
146 285
31 35
67 114
32 252
138 235
36 131
33 270
134 195
3 145
138 169
4 10
269 286
58 117
180 294
70 113
95 248
116 142
94 195
91 139
142 157
92 209
2 53
209 245
145 209
131 265
222 271
90 295
34 243
14 72
10 152
162 238
77 280
66 87
74 242
135 253
75 93
23 231
13 59
34 210
226 264
235 288
176 238
1 285
45 106
106 174
251 274
5 31
81 148
179 281
32 198
248 252
27 31
64 187
218 291
129 259
39 189
59 106
110 179
44 72
165 217
106 241
184 212
53 288
120 182
145 263
70 107
204 214
15 284
81 98
72 297
54 192
114 213
85 261
40 299
51 261
110 166
211 264
141 158
24 182
144 216
127 174
220 294
84 159
41 75
104 279
96 183
53 267
51 184
87 134
15 266
35 178
14 217
143 192
145 199
50 173
141 164
12 278
71 177
101 119
20 95
132 260
42 49
164 166
78 233
63 205
5 198
135 255
74 227
76 225
98 171
19 144
67 148
42 277
91 172
54 292
173 285
212 239
45 91
50 90
223 238
97 102
10 137
20 238
150 244
123 179
118 170
110 233
76 159
65 156
128 260
30 179
72 211
120 210
11 115
35 241
58 102
126 181
214 279
13 18
33 127
154 237
179 199
47 94
8 103
104 226
164 263
148 155
81 251
224 247
96 164
142 181
41 192
34 100
137 240
79 283
51 139
59 287
181 214
173 266
5 114
243 248
137 239
16 154
3 84
84 231
5 278
201 299
122 285
0 132
82 200
115 201
114 267
59 100
156 211
167 234
201 244
196 202
50 72
16 296
12 254
34 49
40 112
3 293
52 260
67 127
162 228
34 140
120 288
71 246
43 142
85 134
93 222
16 236
154 210
161 270
215 299
81 102
101 256
252 270
23 229
21 221
116 243
35 194
125 156
89 191
44 185
55 263
240 252
210 249
64 229
7 156
153 183
147 181
11 15
110 244
146 273
162 216
175 239
152 232
131 164
94 131
25 173
51 245
222 248
61 262
20 116
177 238
178 232
112 273
85 219
196 277
132 280
82 116
198 270
250 275
88 223
156 188
98 282
115 233
189 238
74 149
85 93
36 240
95 163
2 169
54 286
89 236
172 257
70 268
74 113
84 110
220 276
70 251
77 96
98 293
42 99
77 255
133 240
109 233
0 140
3 195
71 122
158 295
61 239
31 269
44 166
136 295
73 194
20 85
189 221
49 219
48 230
5 243
64 130
104 249
91 117
71 206
61 94
70 108
1 84
70 100
10 247
10 98
2 42
117 150
74 258
22 145
139 273
179 191
6 298
81 163
34 298
257 262
119 161
162 200
21 168
90 124
52 104
153 238
94 260
192 287
4 232
166 210
1 299
277 295
3 116
206 217
76 187
24 263
6 130
153 261
58 292
23 243
54 104
6 181
161 258
69 188
91 160
17 18
149 282
10 268
229 261
85 120
21 209
4 70
161 241
285 294
146 235
84 156
71 272
75 210
4 221
8 284
37 218
205 294
21 243
130 213
27 160
110 150
105 271
143 253
46 194
20 221
65 157
13 152
182 287
237 248
78 139
194 259
16 89
143 267
118 191
28 152
137 153
35 285
13 98
21 117
207 219
169 234
179 221
37 67
54 216
33 256
103 139
6 87
91 251
133 207
194 223
151 269
212 270
171 262
40 142
144 214
28 81
29 70
48 258
141 283
112 139
5 202
76 223
100 137
93 119
7 126
141 279
154 292
175 205
146 282
185 281
125 273
190 242
19 191
126 215
114 222
284 292
259 265
29 148
43 246
70 202
16 51
89 220
137 198
46 142
17 227
42 243
189 214
81 82
136 152
58 216
56 94
36 88
166 261
145 238
125 298
149 151
155 252
22 204
9 183
212 287
135 296
110 151
293 298
233 294
2 121
136 271
177 236
188 252
43 115
60 69
59 200
151 204
202 228
34 133
74 164
185 276
29 183
45 93
116 271
115 139
27 35
126 239
143 194
84 196
51 59
217 226
165 298
33 144
95 214
59 221
24 150
115 206
80 162
95 136
35 264
169 253
4 213
15 19
11 215
18 89
243 274
106 121
22 31
184 193
99 224
4 190
248 265
146 236
116 157
122 240
7 30
184 261
112 231
106 135
27 174
48 100
77 291
148 275
113 117
119 255
168 212
47 118
9 150
163 180
44 128
5 127
33 63
232 284
95 264
144 183
277 283
100 283
131 238
214 283
17 23
291 297
22 251
55 248
244 280
42 103
186 299
20 177
21 50
157 275
77 131
179 277
235 236
177 192
136 251
61 238
29 217
17 192
166 216
178 219
38 276
247 296
8 74
132 299
225 241
130 147
132 134
119 158
29 134
225 253
2 295
41 269
199 258
4 168
46 267
54 234
2 268
122 186
74 214
45 138
2 178
187 284
109 294
245 294
34 127
13 223
138 221
185 295
32 246
48 213
50 85
21 103
127 266
12 275
106 181
56 162
137 264
73 128
147 251
232 289
48 299
132 289
54 120
110 266
142 180
131 203
43 60
72 77
76 138
122 205
24 97
149 166
1 265
157 293
55 127
81 298
30 173
53 282
150 268
114 143
230 253
126 262
122 247
47 280
154 197
59 258
132 260
58 169
66 208
52 159
139 296
98 282
22 168
149 235
147 258
158 285
73 217
19 83
87 111
19 235
179 297
214 285
46 221
21 131
155 292
131 254
47 211
34 130
92 211
97 185
18 160
152 209
203 205
149 183
21 159
224 240
102 285
147 271
6 101
31 73
147 273
62 290
153 268
20 76
59 227
151 243
29 122
56 145
107 228
49 159
33 76
148 178
86 207
1 64
36 287
189 192
55 117
9 100
183 198
77 136
118 269
85 103
10 120
58 187
58 255
162 174
112 271
74 92
65 68
199 288
89 101
138 248
83 124
174 254
64 218
4 213
129 289
204 269
140 163
14 293
39 143
218 288
107 136
161 213
55 208
46 294
113 170
31 165
14 177
134 230
18 154
36 139
84 161
56 259
222 281
280 296
151 283
22 230
196 225
203 224
40 270
175 266
6 175
112 168
55 115
181 231
170 198
115 188
85 117
120 255
166 296
193 268
8 211
76 298
77 150
127 242
80 91
200 217
91 143
61 89
45 193
78 115
53 231
149 160
75 147
132 186
194 200
44 100
7 135
37 162
147 220
159 174
29 277
11 199
41 95
241 244
131 293
54 257
52 66
18 104
239 257
87 153
5 103
55 181
74 177
89 178
117 267
83 223
190 244
16 186
239 249
158 282
40 173
241 242
245 252
63 218
73 297
47 155
147 237
147 253
83 203
64 158
225 231
61 214
61 218
10 169
284 297
16 86
66 152
182 187
187 237
33 66
30 218
57 142
80 198
21 32
120 226
23 273
195 254
86 88
80 154
120 190
52 205
131 150
84 179
34 70
6 187
174 291
155 298
98 287
79 107
19 203
53 279
233 266
68 142
98 144
162 244
91 192
83 117
219 246
49 278
68 151
192 219
183 277
194 252
13 270
238 288
88 239
115 256
45 234
43 94
4 237
46 51
124 292
19 261
7 221
9 238
107 193
126 132
137 212
155 235
2 25
58 127
98 140
14 141
62 233
166 292
69 194
29 90
130 188
157 182
24 277
43 251
246 292
139 239
141 285
40 70
78 119
123 175
196 244
148 182
53 246
1 230
60 246
58 104
284 291
86 197
99 155
89 254
140 143
48 62
89 176
66 92
215 267
134 266
13 61
0 159
25 163
8 94
7 216
242 294
71 212
69 87
105 213
22 178
123 297
79 217
205 218
141 218
69 246
73 85
32 233
167 178
243 288
74 161
66 159
269 297
111 228
149 247
22 260
17 153
202 297
7 236
90 92
18 193
151 215
24 290
29 55
254 264
106 288
136 138
203 258
124 155
224 290
135 214
176 200
210 277
89 261
190 229
74 192
133 193
11 293
112 143
168 172
24 226
81 218
48 147
63 173
135 272
29 95
79 102
29 61
146 260
91 175
50 125
48 200
78 294
193 207
8 257
256 288
87 146
205 210
123 230
72 94
9 190
81 206
38 59
235 241
143 270
49 57
133 140
160 259
19 79
171 252
87 123
75 228
89 173
55 91
61 253
94 257
72 117
3 74
48 86
27 63
9 140
42 286
75 225
156 196
0 242
83 185
18 246
79 180
50 72
128 209
66 178
54 126
66 124
79 222
134 222
53 126
104 233
68 159
18 275
13 63
154 288
108 255
144 185
231 242
106 197
47 126
131 299
20 161
77 80
202 234
238 270
65 288
133 168
87 243
5 262
56 73
104 114
206 230
38 200
264 274
75 151
96 103
21 295
83 156
193 248
114 168
97 174
201 271
38 168
203 210
147 181
6 122
17 294
48 195
41 76
3 76
77 203
153 181
39 41
198 205
40 99
60 99
153 189
62 69
171 177
63 110
66 124
208 209
170 254
100 222
130 271
110 229
19 268
248 259
84 204
170 282
70 140
266 281
19 276
1 99
141 224
53 224
20 165
93 195
48 103
226 265
100 236
33 68
33 230
47 209
236 292
87 267
141 192
123 259
98 241
156 236
24 95
108 235
29 276
164 209
235 276
150 238
125 198
25 230
105 121
216 270
112 262
31 262
26 81
69 70
31 187
45 180
39 113
43 177
68 166
255 280
2 280
171 245
87 253
41 268
41 276
97 124
14 136
38 75
194 205
35 105
95 159
156 262
154 228
14 249
119 163
190 272
60 185
83 190
49 287
38 216
61 288
13 164
25 46
45 222
229 288
87 136
20 292
21 94
99 145
103 118
77 146
253 286
3 278
72 199
132 294
83 125
2 168
12 125
35 51
47 74
10 81
209 273
94 154
13 93
110 211
97 134
7 44
44 271
23 89
202 238
142 203
21 219
81 259
7 263
254 285
68 88
41 249
53 189
28 46
53 205
29 246
102 121
128 199
164 241
77 178
75 155
147 288
69 124
130 261
175 256
154 224
176 255
135 254
30 140
97 214
45 295
201 286
182 237
19 29
27 245
27 177
123 241
188 250
181 192
240 297
160 207
100 182
18 288
32 275
147 238
81 142
119 141
73 197
87 138
51 191
2 70
129 204
149 291
206 291
43 277
18 76
111 189
98 286
30 100
159 291
13 271
17 61
43 182
217 229
194 298
7 219
155 205
181 220
52 290
38 141
213 260
247 254
72 158
99 237
223 254
137 172
25 275
2 147
249 284
131 141
134 174
17 32
90 229
73 249
57 107
150 296
115 256
142 232
18 81
3 131
144 188
254 292
236 248
100 189
12 226
22 129
26 51
106 173
60 259
24 233
94 115
193 248
35 177
71 92
39 192
27 192
109 269
91 188
62 285
173 267
21 71
136 279
68 213
68 294
27 230
158 209
71 240
184 240
220 263
122 264
27 213
168 177
218 249
74 86
138 154
131 152
206 259
246 262
14 92
106 268
115 250
210 230
47 277
183 276
60 210
11 258
17 264
112 274
19 280
1 280
33 84
65 162
4 68
129 162
94 242
16 107
4 274
138 291
67 196
103 121
54 86
140 249
10 177
145 152
93 290
54 124
63 65
126 283
25 200
82 239
120 149
146 268
271 281
94 242
14 207
243 258
133 212
117 129
3 174
58 109
202 274
30 46
140 160
228 256
181 271
287 289
60 92
34 233
154 269
81 246
122 240
7 103
132 142
138 200
57 281
122 229
24 284
163 221
27 221
39 195
191 297
197 271
182 231
138 279
11 86
43 275
197 256
14 185
84 152
98 271
129 151
162 163
173 219
182 280
122 220
70 158
122 243
232 299
45 212
24 57
69 286
18 292
47 289
217 295
134 209
46 113
177 250
240 263
219 263
189 258
146 223
258 266
5 122
2 139
66 128
16 21
19 62
48 82
28 144
119 193
87 286
55 157
43 278
39 105
190 224
16 299
71 250
118 294
138 249
50 291
259 299
106 217
81 97
65 228
15 170
2 206
45 77
155 168
26 33
140 228
84 227
63 150
200 284
36 159
75 244
89 251
85 88
60 183
133 287
6 280
184 187
108 213
102 297
146 164
108 137
93 298
71 141
137 274
74 238
1 112
8 193
216 221
10 230
294 298
73 173
102 131
144 149
158 236
15 168
44 51
77 295
267 283
169 238
39 254
3 238
6 41
31 94
25 239
98 105
85 209
50 271
32 148
53 166
55 299
21 63
103 186
201 232
188 283
85 211
145 171
164 232
26 218
56 184
13 15
88 233
98 154
8 222
30 276
117 145
140 253
87 110
106 192
140 211
81 110
170 199
128 172
103 266
30 238
40 65
128 138
152 253
236 244
80 126
20 152
9 92
147 227
0 168
43 193
41 128
113 183
66 167
247 272
54 199
132 248
98 168
137 252
30 288
13 211
105 252
81 208
61 241
107 175
155 157
157 205
46 183
43 49
97 118
33 290
55 108
99 273
22 230
37 152
239 255
79 284
91 240
128 289
105 219
70 168
120 162
56 222
15 115
51 186
135 291
23 69
78 100
148 264
31 221
27 57
82 91
138 263
67 104
35 67
160 279
22 26
184 297
166 267
105 188
85 95
8 94
65 284
39 149
155 225
144 298
119 153
107 192
105 201
2 290
109 291
17 19
186 220
36 96
55 247
23 238
40 245
2 76
0 78
83 180
75 118
139 180
92 178
27 281
46 275
33 98
154 157
43 125
39 275
216 294
62 295
17 144
43 137
82 118
65 258
65 183
53 120
1 293
112 219
29 124
53 273
44 228
14 292
125 256
24 246
163 205
92 238
82 95
55 103
18 239
123 256
36 229
144 233
161 231
173 290
13 96
83 220
17 72
255 277
146 181
151 217
149 172
139 240
75 169
174 197
27 149
20 195
93 225
84 95
8 143
157 220
84 252
78 181
210 260
57 165
159 174
161 293
12 18
51 127
35 96
200 248
141 264
86 255
131 157
29 86
155 289
22 132
225 282
85 191
186 239
231 264
161 178
6 179
98 236
23 212
97 279
12 135
27 99
15 287
220 292
208 210
170 217
9 297
37 50
44 60
103 162
8 142
175 290
33 56
53 244
105 115
50 58
47 170
177 200
108 261
37 243
72 156
3 114
50 209
165 258
221 256
69 181
142 295
25 202
30 224
258 261
154 173
3 133
51 237
131 177
9 243
215 243
139 288
17 192
196 205
13 108
184 222
33 55
103 248
91 134
82 143
146 196
46 84
216 249
29 94
63 137
76 112
43 206
93 133
14 116
199 280
45 268
122 270
79 216
116 268
283 286
83 296
119 203
116 136
128 143
31 258
185 212
178 243
33 77
196 247
180 265
133 153
159 183
230 287
37 84
171 294
243 261
171 232
81 239
72 112
56 181
89 211
81 175
202 252
127 256
11 20
115 171
31 98
5 270
113 236
274 299
22 29
42 153
139 167
250 281
39 262
82 143
3 155
62 137
77 241
50 284
177 211
126 133
209 238
15 197
16 226
88 140
23 44
85 187
19 111
109 160
29 105
23 290
17 298
122 222
22 244
95 135
132 170
36 224
36 234
85 243
176 205
31 294
234 294
66 291
33 247
74 124
56 77
168 263
13 232
165 297
76 191
217 243
86 295
103 153
82 262
1 175
146 275
57 98
130 298
150 283
95 172
55 294
132 250
211 252
11 221
49 184
6 29
124 137
53 158
164 197
110 193
9 156
201 210
47 295
90 184
16 270
62 149
14 232
110 196
148 297
84 188
181 197
203 248
238 278
26 183
136 186
51 254
231 281
193 297
2 128
93 237
212 227
93 103
64 184
28 96
8 231
146 264
9 88
83 205
222 231
30 209
65 98
136 139
185 192
92 108
111 183
21 120
154 287
51 280
33 239
23 241
43 156
23 188
53 101
159 233
99 147
30 136
7 206
88 246
224 248
9 160
14 238
152 222
119 268
259 289
90 165
55 92
293 295
124 127
190 253
60 231
109 130
131 201
49 281
44 51
118 143
84 285
96 174
49 176
46 67
149 232
147 266
114 279
2 217
15 202
24 82
153 154
110 240
209 277
125 179
120 190
172 290
21 74
38 254
34 162
19 133
22 186
43 295
104 209
95 260
170 221
140 207
114 177
49 99
27 234
219 290
19 22
38 219
123 208
107 247
148 237
74 274
136 229
171 230
142 156
111 213
48 87
194 197
25 187
3 49
15 142
8 229
236 274
227 293
179 220
75 285
59 215
64 81
46 109
16 17
99 231
90 137
94 263
213 229
9 188
153 174
113 219
138 177
3 290
17 164
94 147
128 165
3 131
202 214
73 142
137 203
119 207
107 221
100 258
84 221
35 130
115 161
106 107
44 131
266 274
12 170
126 256
19 20
49 167
31 70
11 47
60 154
22 73
80 206
126 250
66 111
152 225
205 278
71 170
18 28
231 263
33 142
145 200
53 64
73 200
67 135
184 271
48 257
32 124
21 121
20 102
181 299
90 227
102 243
34 153
68 141
89 103
167 285
68 181
61 202
1 14
22 252
52 115
264 294
60 150
145 222
41 298
22 25
66 73
132 210
49 261
149 230
104 193
11 207
35 120
137 166
62 111
113 289
140 254
52 151
109 292
102 282
153 167
114 242
3 202
35 71
67 91
207 285
69 279
140 259
13 156
106 170
116 207
72 241
226 293
79 165
149 262
122 265
30 34
31 127
84 276
44 201
119 267
184 205
45 51
39 196
84 104
33 174
65 76
29 65
82 166
47 103
137 187
92 186
131 163
5 238
251 275
116 154
185 260
95 141
98 168
71 233
51 259
215 289
237 269
264 286
39 119
34 150
27 143
230 239
80 294
70 177
108 277
127 134
55 106
15 73
76 284
151 157
128 206
37 51
116 176
2 238
281 291
55 82
124 133
160 295
18 77
90 288
121 158
172 224
68 111
281 287
192 289
199 202
101 247
224 259
101 164
230 261
65 127
210 279
8 298
171 270
4 36
33 236
140 205
80 116
125 173
77 247
12 296
49 290
63 133
40 228
113 294
143 151
86 237
49 120
137 267
24 109
40 288
216 274
58 155
150 277
49 158
108 167
157 231
29 213
155 219
40 84
149 231
10 231
247 266
48 246
146 155
93 287
100 277
10 111
36 112
175 202
16 272
57 77
19 77
83 126
210 270
289 295
34 108
72 182
26 165
65 85
77 126
226 264
125 146
110 283
148 259
6 138
3 265
124 267
65 78
202 248
5 274
117 235
98 156
92 94
138 159
94 108
214 297
25 218
110 267
150 188
188 220
30 92
80 114
122 293
65 190
94 261
115 231
172 218
88 291
5 62
57 223
212 277
174 196
208 293
52 282
123 152
22 93
16 234
