114 45
166 2
111 5
139 90
117 113
101 47
71 67
115 43
166 68
190 170
181 96
153 92
167 163
140 130
126 125
166 5
130 45
159 146
162 81
170 64
81 26
175 53
174 172
90 53
150 128
176 138
15 9
148 118
84 49
45 42
83 46
186 78
186 152
112 39
196 150
124 53
168 116
106 18
140 89
163 87
165 83
48 1
39 25
104 28
108 22
46 28
107 70
123 76
171 97
89 85
45 31
104 32
53 5
150 35
93 46
167 47
56 53
31 23
157 153
183 6
156 0
131 65
169 118
191 37
48 4
175 66
111 26
159 31
154 12
164 150
104 26
84 43
171 107
67 64
166 6
116 71
153 71
184 94
120 32
126 70
177 50
131 32
111 49
189 92
185 174
178 141
143 74
177 102
164 51
156 87
145 26
134 115
129 120
163 117
28 17
170 22
188 9
58 2
124 88
190 176
99 18
164 63
107 102
147 54
186 180
189 129
101 5
136 119
119 84
130 82
128 113
190 92
171 77
142 34
197 155
39 20
147 95
84 69
103 75
71 13
105 23
173 105
44 12
61 55
112 110
191 16
162 156
80 0
169 45
160 129
174 127
180 168
152 15
121 64
95 69
196 171
170 46
92 26
127 53
167 59
142 68
102 1
68 19
70 15
172 122
186 34
83 43
164 161
148 128
22 12
144 135
88 39
163 100
154 58
176 1
71 43
98 60
104 65
184 104
162 141
127 32
61 6
143 134
168 153
130 41
185 33
101 29
133 89
70 8
172 143
136 35
164 134
174 77
178 47
143 32
138 16
131 129
30 18
191 38
68 15
179 128
93 11
196 24
111 52
157 129
109 73
54 42
122 110
180 117
172 0
162 133
182 161
194 65
146 123
178 148
162 121
61 13
98 6
82 64
118 84
131 38
85 2
192 161
58 30
79 2
146 67
193 157
177 139
164 115
103 87
105 30
45 38
20 11
153 32
190 144
163 30
198 104
99 83
41 5
163 98
145 1
84 29
89 44
147 61
170 165
113 79
121 69
127 34
181 4
129 57
151 122
198 74
35 1
156 102
129 95
60 42
197 177
165 42
162 70
180 36
193 75
166 134
167 12
185 5
187 92
174 140
123 14
199 20
44 17
46 32
194 39
190 101
176 89
190 59
193 192
190 155
171 116
95 28
152 24
170 13
36 22
130 56
186 59
89 80
132 33
113 60
148 136
153 139
132 44
144 132
77 20
90 22
166 122
182 2
78 72
127 56
197 168
158 71
44 21
192 72
157 96
174 50
69 60
137 17
153 70
137 135
89 66
195 103
122 45
113 16
166 103
82 8
196 26
167 56
176 115
172 153
124 16
194 99
79 35
40 13
175 101
184 97
161 123
159 5
153 129
136 37
128 48
59 3
72 27
189 120
166 99
180 162
108 71
68 27
142 138
113 91
191 43
102 10
194 181
14 7
190 139
85 83
172 49
118 59
57 41
154 25
87 6
48 42
145 128
135 131
160 128
190 86
187 56
160 35
54 52
154 80
190 94
183 7
168 135
128 92
124 94
139 42
182 168
87 12
161 46
129 39
186 123
105 73
164 18
178 8
101 83
65 14
126 114
100 10
168 38
172 130
167 7
192 83
122 50
59 10
121 109
175 65
172 133
52 16
154 36
136 110
180 149
69 26
172 41
195 55
43 10
68 18
50 47
140 29
53 19
99 26
148 86
38 10
193 44
154 81
128 35
167 57
196 62
82 16
159 66
48 8
196 91
119 17
137 98
116 44
163 42
112 47
199 76
183 69
65 3
45 41
113 7
109 102
133 55
141 138
180 174
121 18
124 103
89 2
168 127
30 11
119 65
110 69
130 46
108 89
61 53
199 121
163 110
155 105
179 166
163 88
136 1
98 45
187 139
130 119
158 40
157 37
145 134
85 59
138 29
180 7
89 7
140 78
194 122
158 106
167 16
58 29
98 91
191 3
149 145
130 10
18 3
174 105
89 72
159 22
153 50
190 62
163 126
192 66
151 126
72 71
199 141
62 61
69 43
46 42
93 70
147 122
52 9
192 126
117 30
135 44
188 99
73 13
179 70
33 7
120 89
161 73
189 73
175 104
156 70
190 181
118 92
189 143
127 13
178 112
170 24
150 75
158 10
140 98
190 9
82 50
121 33
124 39
145 63
163 94
95 84
18 16
112 45
103 23
170 11
106 73
176 107
197 112
65 44
196 87
193 148
99 16
97 57
165 3
78 55
108 91
126 18
41 23
148 139
126 64
88 51
195 6
49 41
197 36
47 4
110 3
136 7
198 112
98 72
188 81
178 176
168 150
145 15
139 108
186 62
44 20
113 64
81 50
179 100
90 69
180 154
166 116
132 70
60 21
117 26
128 50
185 153
134 101
177 142
195 73
197 89
146 15
78 0
117 29
130 80
196 63
178 56
187 58
140 30
109 36
184 113
107 12
155 13
180 106
197 33
179 55
54 34
85 18
171 44
196 154
73 1
146 80
115 92
125 95
114 51
127 63
117 12
60 28
111 30
113 83
186 65
152 12
199 164
120 40
113 100
38 1
124 18
143 22
92 20
160 59
161 156
196 17
170 154
176 53
62 2
87 45
125 119
150 129
177 120
158 41
115 91
95 64
114 14
80 15
107 80
149 68
142 119
70 11
30 23
157 87
79 37
161 124
115 69
190 122
168 48
86 35
83 12
111 90
133 52
185 118
187 43
182 109
186 9
90 80
29 28
194 70
177 101
70 68
170 106
137 100
141 103
147 137
164 40
22 15
182 0
179 98
122 108
131 31
125 88
166 71
168 130
133 15
134 43
60 27
168 131
106 91
158 113
115 102
177 29
156 147
90 60
38 16
96 65
138 103
199 166
136 132
163 18
195 123
98 47
168 63
138 15
66 56
195 92
184 146
88 38
152 38
165 5
175 125
103 25
159 6
39 28
144 143
181 15
88 84
70 41
29 2
147 20
189 122
145 94
195 42
135 108
137 89
44 23
94 39
151 107
137 1
68 13
173 159
85 64
141 31
195 106
104 3
196 97
28 15
140 19
157 93
107 44
85 37
174 138
197 18
148 23
194 78
62 46
175 134
73 65
124 70
151 38
62 7
182 41
157 29
65 34
111 32
64 63
169 123
130 60
43 4
184 51
173 63
131 125
92 12
109 29
129 42
86 2
134 67
188 53
142 40
39 27
196 191
168 124
5 1
155 72
110 5
198 111
152 5
156 142
174 145
55 50
167 138
166 160
184 157
174 84
153 23
80 42
114 74
151 143
194 97
53 42
93 17
127 61
198 175
153 60
173 75
104 80
164 48
195 83
20 12
156 100
139 78
188 94
142 98
97 17
187 88
173 168
173 111
115 35
138 59
187 174
162 42
132 76
77 69
162 100
188 100
185 63
162 39
75 0
66 8
180 84
128 114
68 16
193 165
106 39
76 36
76 56
161 56
181 147
101 31
190 149
118 41
105 85
182 78
147 32
123 100
187 64
54 8
15 6
153 116
97 16
189 164
172 55
79 58
138 91
189 2
183 0
125 35
189 182
67 37
142 42
102 37
97 13
77 48
118 3
135 125
198 124
177 45
165 2
72 6
175 149
72 40
133 4
184 100
174 92
86 21
173 39
175 169
170 100
179 116
180 41
97 80
96 76
154 141
69 38
92 9
161 108
92 2
142 87
172 125
73 36
155 64
166 89
62 40
187 124
174 64
88 41
186 21
119 40
99 29
131 27
160 147
183 42
187 135
65 26
120 25
183 124
114 110
106 12
132 101
181 149
181 78
65 24
143 68
185 7
185 75
127 51
147 110
102 20
147 82
172 68
192 167
162 2
122 92
27 1
54 49
69 56
156 58
187 48
42 25
184 178
194 180
74 64
151 69
184 18
199 63
97 64
90 36
196 70
138 115
56 5
146 17
164 114
193 101
99 68
134 110
109 107
181 116
67 59
112 69
135 33
129 106
118 38
158 16
137 40
197 109
137 22
134 52
107 46
133 24
152 130
177 76
194 127
153 75
171 144
135 98
134 66
95 52
146 8
177 51
192 27
82 19
196 110
92 0
129 46
169 132
146 41
116 76
193 24
67 24
94 54
195 50
177 131
182 92
198 68
104 76
156 25
138 127
196 114
193 65
199 92
86 79
156 16
63 44
167 22
191 48
121 55
133 125
197 145
169 74
183 37
162 129
134 0
185 80
54 51
113 0
109 97
114 76
181 65
146 44
25 16
198 91
111 104
114 65
149 10
69 32
127 26
171 83
98 65
104 97
190 83
77 63
169 138
168 22
190 55
134 107
156 30
68 26
131 34
26 7
129 80
65 13
177 65
116 47
155 85
161 62
128 52
134 77
37 0
22 21
85 41
125 87
84 11
124 4
158 53
139 103
94 85
196 156
20 17
131 21
102 18
69 27
167 51
154 146
184 56
191 18
119 56
80 46
77 75
118 53
128 66
176 56
153 85
192 177
149 50
187 134
119 45
67 8
70 5
124 114
85 23
9 5
157 118
169 106
194 92
133 122
82 48
118 20
118 18
130 87
164 149
168 133
93 57
187 37
162 105
122 21
163 58
163 10
151 65
183 75
134 116
124 100
149 27
99 25
100 44
137 44
190 54
58 11
192 160
121 23
188 146
102 85
167 166
134 86
190 174
197 172
180 107
191 178
155 148
106 89
165 115
172 80
173 101
170 76
192 157
167 127
120 93
86 1
193 51
92 46
118 57
142 82
174 99
79 55
188 58
112 22
179 72
144 113
81 36
199 102
125 84
187 29
193 84
156 110
173 26
166 10
87 86
120 85
185 81
160 11
195 75
125 7
33 19
84 23
105 13
117 63
193 52
132 126
188 110
151 97
150 15
16 10
189 70
39 14
159 28
146 81
152 125
179 31
174 74
145 125
42 9
179 64
144 42
174 85
160 144
163 32
64 12
164 14
168 110
75 19
157 139
190 165
141 6
147 125
178 73
163 44
196 57
106 30
53 29
86 10
197 143
122 17
190 50
104 25
189 154
58 34
74 60
102 91
181 38
186 119
36 20
107 85
166 142
129 62
141 26
145 116
40 32
193 96
78 17
80 12
136 47
120 87
174 148
167 34
186 98
199 50
53 3
131 51
177 14
107 73
185 148
156 99
110 49
177 170
174 72
189 35
141 83
40 36
191 39
152 126
166 158
169 155
54 53
178 120
108 54
190 166
199 19
97 61
89 43
125 73
185 6
190 188
70 22
79 53
168 32
122 51
72 42
191 70
102 77
101 81
176 50
72 67
147 23
191 58
97 54
180 11
55 2
186 73
153 96
120 74
185 31
44 41
184 106
173 127
186 51
128 49
100 49
179 122
174 146
108 24
194 188
173 134
171 122
158 57
85 0
86 44
74 53
196 179
41 24
188 41
148 16
152 47
187 173
155 68
161 55
182 99
177 67
190 118
162 99
124 121
197 3
113 84
137 77
195 77
92 76
132 14
190 26
194 93
190 125
179 160
126 72
175 9
115 110
151 125
48 46
154 34
126 94
154 139
167 123
48 47
113 9
159 71
195 139
110 77
163 34
148 138
132 88
108 1
191 119
162 9
170 91
186 83
158 43
181 33
196 190
120 58
69 58
61 19
187 128
99 82
94 75
153 16
127 77
145 87
163 25
85 25
127 9
198 29
64 28
129 100
100 93
189 46
168 103
66 34
133 70
108 49
172 52
171 72
113 46
187 54
195 118
154 137
101 64
120 59
97 19
135 80
10 9
98 10
126 0
175 23
164 91
149 120
66 64
111 57
155 29
75 17
179 153
52 30
103 53
113 99
141 8
117 102
164 153
104 87
152 108
139 79
18 1
134 98
135 38
120 26
133 130
185 109
140 66
186 99
128 82
180 67
164 137
121 119
68 55
89 34
193 158
149 3
155 59
189 17
56 31
155 149
63 39
171 140
149 56
172 71
190 169
190 162
158 86
190 70
144 82
80 24
71 39
109 31
119 81
137 31
197 169
188 109
49 21
139 121
99 0
142 8
54 4
171 8
177 28
126 1
66 58
112 38
173 129
137 129
30 0
24 1
144 16
43 1
178 77
109 77
155 16
172 7
187 184
134 125
62 39
152 49
148 46
91 56
189 88
159 44
49 35
119 10
139 25
115 34
85 66
94 83
154 90
100 81
176 108
161 50
168 81
82 27
28 7
105 42
115 68
120 112
156 134
89 79
169 116
88 63
154 14
11 1
173 29
146 18
32 22
115 31
71 60
121 96
142 19
168 92
192 179
105 97
88 87
150 0
30 20
135 25
57 34
121 48
128 51
179 148
154 140
170 33
153 95
80 52
181 76
27 19
145 39
169 31
142 26
162 137
191 89
131 58
155 106
147 33
169 68
177 80
170 92
104 64
63 1
188 92
108 84
176 109
167 151
106 19
198 182
136 112
134 35
105 82
91 60
127 124
91 0
129 12
127 103
91 57
150 135
140 117
178 166
189 16
62 16
175 28
172 78
196 188
122 55
77 2
63 6
189 24
197 88
93 73
109 65
90 25
171 60
167 149
125 54
89 59
21 4
158 1
160 36
176 39
156 51
127 47
80 76
193 121
149 126
192 68
58 57
180 5
70 40
140 95
112 48
159 138
52 32
190 68
161 109
84 83
120 105
140 139
187 160
86 61
99 7
148 2
148 22
72 46
174 173
190 8
38 21
163 112
82 65
27 15
118 14
77 67
105 6
177 115
180 99
120 86
164 4
158 87
27 0
136 124
79 19
98 70
75 44
116 95
42 11
105 45
171 37
142 94
166 112
140 45
189 175
186 24
191 140
189 121
45 30
191 159
115 89
139 119
106 34
85 28
127 15
16 6
62 41
180 169
182 88
120 62
166 49
136 74
52 4
86 22
87 13
190 71
138 2
180 24
166 105
174 82
77 37
163 56
89 58
87 15
154 64
107 106
122 115
133 98
196 177
163 145
61 60
189 11
98 81
96 80
166 147
182 101
143 112
198 27
167 1
143 137
153 109
190 52
143 26
62 25
133 117
149 71
188 163
184 37
153 117
56 42
130 73
168 156
187 77
20 1
124 60
136 102
73 72
82 30
173 119
178 94
17 4
174 108
196 118
48 9
85 58
192 8
45 16
139 91
146 136
155 102
169 7
61 2
182 179
152 17
119 98
197 153
139 41
153 38
85 3
171 129
153 26
102 82
150 9
104 93
73 5
118 110
175 6
162 92
28 26
171 106
141 4
179 103
142 114
159 42
113 32
187 140
196 120
118 67
61 43
92 55
144 24
56 30
102 16
69 62
147 17
110 107
75 6
199 153
108 50
54 33
25 9
99 54
171 157
84 56
79 47
117 60
192 185
122 121
70 28
180 22
131 43
100 5
116 8
91 79
183 108
130 110
150 127
195 127
173 37
96 70
77 9
123 106
159 77
197 44
178 110
145 136
170 166
60 40
50 44
150 44
20 8
134 65
82 7
90 76
153 134
186 56
126 121
196 159
169 102
195 1
70 18
51 43
67 56
135 83
36 17
194 84
54 18
96 48
106 2
135 107
51 31
172 86
187 61
140 18
149 14
110 2
172 75
178 17
89 55
182 120
187 50
185 52
140 39
120 1
137 32
161 27
192 5
157 44
121 28
166 77
126 120
157 45
105 47
63 35
71 46
41 22
195 57
152 75
51 1
40 26
149 44
113 4
136 27
191 162
140 121
134 38
147 138
46 35
141 101
139 30
96 77
117 32
189 144
178 27
135 94
62 45
165 163
136 38
112 23
184 165
135 27
176 86
159 14
154 125
72 1
186 26
157 156
102 28
118 50
11 9
180 66
138 36
41 14
149 72
182 46
91 46
46 30
134 45
160 136
76 8
192 77
160 56
181 75
111 12
74 0
74 21
115 56
127 126
115 59
76 71
121 93
177 62
147 136
115 100
114 113
116 37
144 19
67 21
58 46
140 131
115 106
160 101
185 181
163 78
102 72
197 170
193 181
168 12
107 15
27 13
143 119
40 38
187 157
139 75
23 19
114 13
145 90
166 1
92 91
126 22
148 141
189 54
68 30
180 89
133 45
58 47
118 49
104 7
102 63
179 15
141 18
103 38
162 111
181 142
54 17
117 65
137 93
60 44
65 40
197 6
165 66
148 97
165 19
92 33
166 41
138 46
59 31
190 39
93 41
52 36
177 23
157 47
157 148
83 10
116 23
149 2
56 6
125 6
122 13
136 5
126 99
107 32
156 20
41 31
124 9
185 20
160 158
166 148
159 127
128 69
128 34
42 10
119 30
191 82
182 181
175 14
153 87
153 13
71 36
193 191
71 44
199 131
184 163
146 6
99 34
140 100
61 14
193 36
128 74
82 13
177 141
133 88
63 60
190 154
159 80
66 23
15 11
124 26
195 65
192 134
164 154
51 20
124 22
117 15
86 19
191 187
124 12
162 32
24 18
186 52
174 144
71 10
166 31
193 152
119 90
140 50
195 122
122 64
176 78
176 16
84 41
23 15
134 28
157 126
86 53
164 99
122 2
144 6
100 80
153 65
171 147
136 60
97 37
193 126
90 86
94 79
150 43
75 16
196 123
142 80
153 101
182 39
101 70
176 63
174 25
150 56
12 5
161 74
196 128
198 135
72 58
148 38
137 51
57 56
171 92
156 52
114 41
101 6
189 59
122 97
129 41
132 77
118 106
169 50
13 8
129 55
45 7
187 13
193 18
195 31
156 56
187 126
151 142
42 12
173 145
135 91
114 83
173 12
109 66
124 67
162 31
70 32
148 121
82 28
118 100
76 74
114 20
192 117
167 53
154 5
150 111
150 34
178 41
174 2
165 149
61 41
189 171
193 15
94 92
75 58
143 98
55 10
140 59
191 161
120 19
149 36
158 17
94 78
47 19
112 49
187 20
148 76
171 71
136 70
171 35
120 52
151 52
155 145
119 63
123 72
195 191
150 114
184 70
62 27
129 64
172 111
178 146
145 17
191 85
128 72
37 12
197 183
138 94
166 137
170 157
153 79
150 143
124 45
88 82
155 70
196 92
94 74
195 144
91 26
175 157
153 143
177 112
117 80
158 140
147 111
170 5
80 39
138 6
157 106
146 139
120 60
186 40
80 13
76 37
130 104
101 14
109 59
150 88
144 79
142 55
197 123
135 84
94 22
121 56
172 116
98 13
97 50
107 56
164 142
146 30
85 4
107 105
167 60
149 55
69 59
162 118
180 113
138 116
88 58
170 45
133 128
178 63
174 70
48 6
118 117
173 45
128 56
184 131
19 3
139 45
128 28
190 119
182 45
164 159
56 24
108 32
149 51
105 74
32 7
186 160
86 25
158 84
141 15
160 111
145 81
124 104
198 160
113 17
110 39
68 60
89 40
145 89
44 38
161 12
61 30
87 35
127 118
65 45
26 3
26 16
186 104
56 46
115 37
160 40
92 63
54 21
162 147
124 102
165 24
195 46
171 93
169 91
194 52
134 26
148 77
109 17
138 21
90 18
68 17
58 8
191 62
181 105
159 103
75 72
156 150
121 110
47 14
152 128
173 0
134 106
45 28
107 94
61 7
78 35
99 98
63 41
177 128
199 158
135 115
175 78
102 71
106 6
88 13
167 128
134 10
39 19
120 67
173 89
124 108
198 150
185 38
106 104
178 21
85 7
146 133
137 52
190 85
140 34
179 58
158 19
195 11
198 130
186 4
191 20
171 5
126 10
164 67
174 112
163 22
136 130
145 58
53 50
171 164
162 38
184 25
142 75
163 140
174 166
95 19
199 23
181 61
134 62
70 58
157 145
126 52
180 75
145 35
111 70
131 46
162 26
84 15
21 14
66 24
30 29
100 58
196 175
199 99
47 18
143 47
182 73
164 30
149 137
177 129
137 65
97 39
90 4
145 106
188 120
165 18
60 50
186 174
79 12
163 59
137 85
110 7
190 44
157 55
132 55
9 0
39 9
34 19
170 27
130 78
151 43
46 22
143 8
123 12
173 77
176 131
59 4
140 81
169 38
155 34
164 34
179 4
190 11
142 28
129 78
192 18
144 78
198 67
118 31
188 78
189 167
177 174
183 134
174 24
183 20
192 17
77 28
134 73
161 116
96 14
124 54
146 57
146 58
94 1
88 24
137 101
124 119
77 66
187 155
86 23
56 29
43 28
169 157
52 20
177 9
172 82
131 63
181 1
196 134
198 10
169 9
99 39
172 54
198 49
27 7
129 63
147 14
107 57
158 13
178 20
178 136
139 81
174 10
56 34
180 2
158 88
91 8
183 140
194 115
116 28
133 85
140 8
189 104
89 41
154 51
192 128
167 152
127 85
51 6
85 40
194 192
117 104
90 35
188 185
104 59
153 51
143 33
157 15
89 4
138 113
148 64
144 18
107 93
135 117
102 50
166 139
180 93
90 23
195 84
159 125
166 4
80 54
115 107
58 49
93 76
195 167
135 70
121 49
161 157
174 133
158 9
190 21
66 11
160 99
99 84
172 70
65 57
84 26
103 60
53 9
116 105
43 9
150 89
132 35
176 6
83 32
157 3
178 62
145 59
197 58
135 54
154 127
171 10
20 7
167 46
8 7
24 19
161 23
158 25
189 181
186 8
143 42
61 42
138 104
196 122
141 91
129 21
144 116
140 53
67 17
198 169
171 31
176 127
131 30
152 2
78 51
176 172
100 90
148 100
179 127
135 118
88 18
127 7
125 79
176 135
142 111
156 98
152 138
125 61
189 133
143 63
171 80
113 31
185 1
177 123
164 22
41 18
120 21
188 135
100 70
151 148
177 146
115 64
132 48
173 92
196 67
173 21
63 24
45 40
42 39
103 54
52 0
139 54
116 4
155 80
197 63
134 109
159 17
177 37
120 29
73 17
195 140
130 25
116 81
148 85
155 52
142 58
60 2
164 47
133 25
136 63
50 42
160 146
135 132
171 51
162 75
100 23
184 54
172 77
175 152
185 28
187 2
89 65
152 82
157 32
181 112
30 5
134 61
107 21
179 12
126 112
156 125
179 123
114 26
158 95
131 18
176 121
142 84
143 17
34 25
64 39
176 42
150 23
90 1
152 21
137 131
122 20
145 44
192 97
120 99
97 52
154 0
166 62
149 119
93 40
119 115
142 54
169 53
195 137
138 125
69 1
170 37
77 76
153 42
106 70
140 73
158 77
80 19
160 103
112 51
155 77
197 111
78 48
153 140
182 14
170 167
58 16
132 38
159 98
26 10
173 144
152 73
31 4
171 26
196 160
197 42
115 85
169 3
118 64
151 50
92 7
132 5
116 14
153 48
136 20
81 79
151 92
160 91
46 2
162 17
52 25
133 116
190 127
108 40
120 27
191 163
175 173
35 18
172 76
107 40
170 80
179 131
198 188
131 36
75 29
167 156
42 0
136 107
163 33
175 13
64 9
155 83
119 69
90 47
169 109
152 98
167 162
77 21
166 92
157 141
77 50
97 34
197 152
180 3
39 16
154 62
84 67
59 44
66 37
180 35
72 17
157 123
134 15
79 40
181 106
24 11
143 25
77 11
126 67
128 68
34 0
182 93
128 30
194 114
177 33
143 57
145 141
163 61
147 87
97 51
182 163
80 73
161 72
169 144
151 105
110 55
191 130
38 18
134 8
138 5
80 34
160 156
121 108
169 119
149 66
145 10
132 15
196 112
70 23
190 153
117 0
170 113
152 42
111 16
96 72
8 2
176 69
196 84
191 53
112 101
112 30
154 59
139 87
195 170
151 104
163 127
124 123
193 12
68 42
189 112
190 84
122 109
198 61
179 125
142 101
105 64
175 70
133 107
159 20
179 112
184 112
137 91
112 32
85 60
184 128
135 101
52 18
181 169
178 19
182 82
189 30
157 112
146 28
27 21
98 46
195 61
158 14
161 81
164 89
140 137
182 71
150 107
94 23
114 18
164 20
158 99
56 1
5 4
115 94
136 46
85 84
159 19
184 2
140 97
96 39
14 8
194 72
118 86
46 3
199 109
122 3
165 127
186 129
21 15
184 130
184 122
148 19
138 58
191 167
82 60
103 92
114 46
171 6
35 11
169 5
81 71
93 9
70 27
190 96
69 55
87 17
107 31
97 12
149 62
139 1
129 72
188 16
194 161
147 115
94 48
175 129
134 89
151 19
56 15
95 43
171 34
166 66
175 171
23 3
112 78
151 79
28 5
76 69
132 89
106 14
123 64
69 23
138 111
153 35
182 1
127 86
179 14
135 40
60 57
181 109
189 180
118 87
117 54
155 154
185 83
141 19
168 159
170 146
87 75
74 7
95 81
172 47
57 25
138 48
97 59
162 132
138 28
76 66
20 3
190 121
96 18
135 67
196 109
146 134
182 95
84 44
179 30
161 24
72 13
174 137
140 55
112 92
119 104
25 12
163 106
186 163
191 10
92 61
37 30
180 68
170 72
93 44
50 18
92 8
125 103
188 91
57 4
156 62
87 78
165 72
122 98
136 58
192 188
69 30
154 28
64 5
89 11
116 18
145 102
186 153
84 39
131 121
135 76
160 18
107 55
70 4
195 174
159 134
75 54
164 102
177 27
198 136
105 67
175 10
151 106
7 1
193 27
59 50
138 47
188 162
117 72
179 24
189 32
195 133
186 117
182 140
124 97
132 93
37 8
123 53
124 57
128 61
144 39
148 13
140 91
199 80
67 58
34 9
149 107
28 6
19 8
197 94
197 114
42 6
112 42
120 4
35 26
171 132
180 73
128 87
134 127
170 125
195 18
118 115
154 69
166 0
142 1
198 149
112 54
195 149
166 50
182 115
7 6
40 11
76 65
97 47
147 75
162 93
188 165
178 121
89 69
158 50
126 7
81 55
174 27
138 87
142 113
97 86
83 0
60 6
134 124
36 15
115 28
117 61
162 11
93 85
123 112
47 36
111 43
192 99
155 113
194 146
148 133
125 114
161 75
79 42
2 1
69 19
94 88
106 52
186 39
128 60
91 28
121 90
195 60
124 117
170 8
116 107
25 2
196 132
191 83
126 46
56 36
170 131
191 104
181 57
73 59
121 0
122 94
50 45
191 99
73 28
178 174
88 34
105 90
85 13
77 71
133 91
179 145
150 87
192 130
119 113
185 32
71 32
94 9
28 22
145 97
130 69
91 70
140 42
98 64
198 93
101 95
58 18
198 87
194 60
87 58
135 119
124 69
121 19
136 59
24 9
136 116
105 83
161 47
104 72
118 36
158 102
148 51
95 90
199 62
175 100
140 134
106 44
156 36
191 40
108 75
162 112
80 21
89 74
175 127
86 9
150 90
169 37
179 29
34 24
141 102
147 16
126 45
179 61
117 86
94 28
159 102
123 95
192 131
143 28
94 41
153 78
152 147
156 96
145 40
132 98
97 10
111 92
195 189
172 154
142 5
183 70
138 23
176 141
176 33
121 70
91 48
188 159
124 101
176 2
87 72
140 58
184 32
176 102
167 122
45 2
123 40
79 22
151 61
47 43
53 44
156 41
194 145
112 87
140 23
102 4
176 143
178 32
169 64
80 65
87 56
117 25
96 2
84 5
136 36
186 89
160 39
184 52
173 10
156 34
100 85
186 118
183 169
160 13
130 59
187 105
149 45
159 7
59 20
171 88
97 75
168 120
108 61
126 79
48 33
154 47
104 53
170 135
39 4
135 60
30 24
161 5
157 78
44 7
84 31
148 73
171 117
20 13
199 60
155 126
98 84
193 179
183 135
196 23
107 34
88 65
93 53
95 17
155 5
61 37
95 66
145 66
175 140
154 110
135 41
80 75
155 112
186 114
145 64
105 34
57 24
180 42
194 53
161 133
157 33
178 71
167 132
137 113
120 116
124 75
111 2
161 34
170 96
187 147
72 56
92 4
134 59
145 115
178 5
179 138
187 24
163 47
151 91
192 23
166 120
106 74
161 85
191 171
197 86
190 150
48 40
162 157
87 47
192 107
177 159
99 32
114 86
195 14
196 195
167 3
164 23
116 19
108 46
56 13
73 21
157 6
120 65
108 8
93 29
73 4
94 32
130 129
168 104
63 10
136 73
12 7
187 82
13 2
170 118
140 105
102 87
20 14
87 53
168 167
195 188
184 69
181 90
58 0
148 36
121 74
152 148
87 43
113 35
88 36
165 152
48 0
100 33
147 10
111 51
179 32
167 164
155 57
16 11
148 20
177 163
27 8
148 87
148 99
31 12
163 38
104 55
142 120
142 106
65 1
160 92
165 148
74 35
147 114
193 113
68 43
145 46
43 7
135 15
157 54
155 47
107 39
112 91
121 78
80 66
167 118
198 168
6 1
158 83
107 28
65 6
113 70
179 134
178 142
148 58
137 124
197 80
127 42
149 129
37 33
199 143
195 67
120 106
100 41
74 70
177 31
136 62
153 89
78 58
71 26
141 54
113 54
95 30
48 37
63 13
139 3
156 79
71 12
157 1
109 35
37 32
168 58
198 28
178 1
39 6
179 63
187 79
45 35
184 73
46 23
22 19
103 95
60 9
124 0
84 22
29 22
157 12
25 24
192 136
134 79
175 93
132 12
125 124
179 47
183 66
140 40
18 9
81 57
164 156
141 23
131 115
198 66
171 105
55 24
146 97
199 33
124 90
104 100
184 55
177 13
158 8
188 21
173 40
151 109
102 56
76 48
76 53
108 41
96 63
79 0
165 37
31 25
71 65
50 49
187 142
140 67
149 109
158 134
163 97
90 72
149 112
171 0
166 110
165 158
113 110
132 69
23 17
196 149
123 57
170 29
69 68
162 16
149 102
142 124
143 107
183 145
125 48
114 57
106 33
182 152
91 20
132 67
102 43
42 5
184 58
152 4
183 4
71 16
140 92
128 91
135 93
70 51
73 60
98 93
179 177
152 41
188 73
153 118
177 169
175 44
49 37
151 146
162 51
137 12
116 85
142 121
122 48
126 5
189 86
132 122
119 79
121 51
153 62
151 123
134 96
152 110
91 49
154 35
197 136
194 66
47 6
185 164
192 165
158 76
57 27
76 25
132 19
94 61
14 13
194 79
96 55
66 17
46 19
109 50
105 102
62 15
189 64
59 18
120 57
104 66
129 52
89 20
191 7
46 41
117 67
62 43
132 84
76 64
173 44
159 61
184 121
63 43
169 30
127 72
186 138
108 10
153 29
182 167
113 77
183 143
141 108
125 78
181 50
183 49
65 43
119 97
34 21
130 23
106 40
155 95
94 70
156 39
130 70
78 14
165 113
124 35
82 81
120 64
173 6
119 95
128 41
190 40
165 38
135 102
72 35
144 25
187 141
87 49
105 37
144 17
78 37
197 107
177 41
90 61
85 17
180 85
38 8
146 88
138 79
78 76
187 136
57 11
155 55
136 31
187 36
42 29
148 67
74 50
199 69
152 99
153 18
164 70
178 36
180 19
195 180
121 39
100 0
155 86
192 6
146 129
144 41
179 9
156 74
74 51
109 44
34 31
152 103
196 140
141 107
168 37
190 136
82 39
138 96
120 96
175 88
164 100
172 25
124 28
165 86
151 98
156 83
141 95
23 16
186 144
197 99
191 28
140 138
179 168
128 101
191 97
191 32
57 0
186 74
139 52
17 12
43 39
80 48
127 24
47 37
143 56
160 79
72 45
135 56
199 79
174 102
119 9
116 86
74 40
146 47
89 16
128 32
195 94
98 55
184 159
105 65
194 185
168 6
107 2
84 68
185 139
164 116
181 19
98 48
179 10
92 52
13 12
191 79
195 151
51 19
107 26
49 13
124 73
100 86
193 110
141 111
198 78
144 114
148 103
101 60
167 93
175 109
75 2
172 131
137 71
187 39
86 38
81 49
186 159
182 89
14 12
174 79
102 47
149 136
133 119
99 38
125 12
196 79
151 7
140 136
116 46
127 96
78 62
173 130
146 55
159 41
195 113
128 42
73 50
199 122
148 12
177 161
146 21
157 75
179 49
80 78
160 148
37 9
188 35
192 81
197 118
198 140
84 55
60 53
184 68
161 142
176 70
161 83
194 96
148 71
148 33
100 51
114 0
195 111
164 15
162 0
98 75
20 0
144 74
173 133
78 6
89 87
82 41
52 29
111 37
83 59
75 67
81 21
183 86
166 86
113 42
126 89
86 58
141 118
165 114
102 74
25 17
188 133
197 128
178 70
173 142
118 26
127 67
60 22
182 158
119 8
135 20
193 53
141 24
59 28
59 32
134 97
31 30
111 61
86 49
93 43
96 58
81 39
52 49
115 1
158 6
197 12
100 18
174 35
155 120
196 2
193 114
183 156
55 18
175 22
119 68
98 53
100 46
173 8
36 1
178 116
122 15
139 51
114 1
186 124
155 9
171 167
98 76
112 93
125 82
176 87
196 96
163 75
66 41
129 81
102 57
53 48
172 103
171 56
191 2
94 76
179 119
36 21
194 144
126 77
187 69
187 97
189 96
145 74
133 39
179 77
199 195
122 49
172 46
181 130
158 49
136 21
192 80
168 106
87 81
111 85
174 95
99 90
145 28
126 100
153 132
180 71
173 88
114 3
185 35
43 8
175 3
166 21
133 96
166 28
97 95
154 76
199 91
122 60
136 26
10 8
129 23
137 8
126 98
59 29
143 55
51 36
199 110
189 136
91 24
198 128
55 27
39 12
159 121
63 57
190 148
145 109
165 135
104 0
136 82
172 15
49 11
199 41
196 37
165 32
146 130
181 41
184 15
140 28
110 60
97 83
110 12
156 116
108 39
127 113
157 124
177 43
156 103
103 65
165 8
156 109
91 37
154 42
142 132
98 67
87 20
115 74
156 119
68 10
125 27
145 52
147 41
134 30
175 5
195 68
146 115
186 168
135 11
171 23
75 62
196 20
138 88
185 168
66 3
61 52
174 26
143 59
96 91
176 103
127 62
28 4
190 187
153 150
56 50
155 30
120 78
123 80
97 68
161 8
179 84
111 6
156 75
94 49
192 105
142 136
83 41
156 27
133 50
139 64
181 158
136 40
123 113
81 51
118 30
173 171
163 103
148 44
110 57
178 80
49 3
152 142
195 135
185 128
72 37
114 39
61 50
196 124
143 0
134 21
84 52
174 89
183 23
129 37
100 30
77 44
151 42
124 38
100 94
126 106
143 71
162 120
190 66
141 129
72 14
174 16
187 148
164 163
46 43
39 32
172 5
104 52
167 54
127 66
160 125
118 15
43 13
107 101
85 34
32 8
161 31
96 46
177 61
81 53
164 0
117 108
96 64
29 25
100 25
66 50
114 103
62 19
56 38
162 82
193 133
173 143
116 67
192 109
144 54
178 88
171 20
123 0
115 46
199 67
183 101
94 6
161 149
90 32
70 62
58 35
144 26
88 26
106 95
136 14
94 72
69 35
130 105
97 3
97 96
105 48
179 155
112 11
150 136
10 2
60 17
102 70
55 26
172 67
64 23
169 130
189 127
126 73
180 79
140 3
97 85
60 0
150 31
160 130
126 19
161 21
129 19
117 53
185 27
177 154
188 80
170 111
83 7
127 104
82 36
139 9
168 19
127 99
69 47
79 61
116 21
99 15
150 48
192 150
72 2
173 157
165 111
86 24
152 149
177 0
157 105
114 32
195 74
78 36
166 38
190 123
131 47
60 3
156 80
113 27
164 7
177 155
165 81
159 143
87 4
119 109
164 29
189 34
171 162
196 98
153 1
130 18
86 54
171 95
108 42
194 51
197 52
194 1
175 35
47 32
109 85
184 29
181 83
151 28
111 91
95 26
117 42
84 19
84 60
180 30
193 80
105 0
174 33
173 62
192 191
54 14
180 54
177 148
163 99
133 16
147 116
140 64
142 128
197 130
94 12
31 1
192 74
71 4
106 80
135 65
188 95
123 7
160 127
72 65
189 105
3 1
68 21
96 1
133 22
154 45
145 55
166 84
149 128
126 84
159 93
60 48
53 4
86 71
179 114
168 138
77 61
193 25
186 85
193 92
104 14
163 7
159 114
162 149
177 171
115 62
100 97
167 4
86 77
156 14
184 148
33 3
195 72
187 183
86 11
163 27
168 126
68 7
110 95
188 60
140 22
158 29
122 73
179 52
88 60
89 53
121 15
131 37
187 8
65 15
156 31
43 19
159 97
170 121
136 77
124 93
112 97
163 52
157 117
122 118
176 21
120 71
184 176
127 95
51 50
60 23
180 132
136 94
33 21
140 26
71 8
106 101
186 94
152 44
158 61
174 60
74 63
114 87
199 162
115 22
174 86
73 20
59 14
117 99
171 135
118 2
123 52
66 57
91 71
49 47
64 54
198 183
161 82
199 197
158 139
67 43
152 0
125 83
141 36
139 28
55 16
189 74
193 108
185 137
109 105
166 123
86 80
146 3
161 63
63 54
139 26
194 160
45 9
42 34
125 2
47 45
160 38
59 39
146 100
195 81
152 29
183 72
150 148
187 131
105 15
199 58
190 156
77 16
134 122
129 68
119 107
135 50
36 12
190 182
144 13
178 40
71 19
64 6
189 18
181 42
196 81
78 44
123 79
179 150
166 8
175 110
134 13
56 25
121 104
141 75
110 65
159 21
65 61
151 102
198 107
123 8
98 43
135 45
47 5
105 2
48 5
122 43
172 140
154 65
52 10
191 74
92 3
155 71
171 87
195 142
133 129
98 7
112 107
64 33
67 44
182 145
61 0
190 104
140 109
61 27
192 96
139 122
154 122
196 34
73 70
199 165
187 28
166 127
132 103
59 1
179 137
65 10
104 62
152 16
187 41
164 45
168 162
189 9
132 20
151 94
166 57
180 151
192 44
178 97
162 72
188 139
162 125
115 53
172 110
83 33
175 74
47 26
195 117
104 36
177 175
79 6
116 72
115 101
196 89
150 1
148 102
83 13
97 15
48 25
192 139
171 123
126 15
167 37
164 78
173 55
151 41
167 133
123 87
65 18
99 14
102 89
162 136
122 65
113 81
171 121
185 26
38 23
95 37
150 138
126 69
151 0
29 3
93 13
81 22
91 83
75 4
152 36
169 158
168 50
134 46
155 32
186 79
172 27
117 44
74 44
197 93
88 15
162 47
110 51
190 132
144 4
197 77
55 38
189 39
102 30
122 32
70 49
182 164
175 133
163 35
190 87
175 60
197 81
134 23
176 61
199 160
194 41
187 179
58 51
183 62
127 102
192 54
162 62
156 136
33 18
196 185
159 141
166 150
86 67
85 19
69 36
126 63
148 32
104 69
141 120
195 184
146 69
78 64
152 19
167 13
25 4
168 51
136 88
195 36
136 17
140 85
71 41
48 28
179 129
92 90
180 72
84 64
130 107
192 153
171 149
164 2
78 70
176 88
168 108
115 8
187 60
107 49
142 112
114 8
33 31
51 18
183 139
151 108
148 117
110 43
37 35
192 135
120 84
153 147
188 32
198 51
134 19
57 19
170 164
133 111
188 153
121 29
130 53
107 83
76 40
189 78
175 130
137 55
190 22
73 44
47 9
184 83
185 151
116 31
145 129
112 80
145 41
71 23
195 79
163 147
189 21
115 79
180 123
59 16
193 63
118 68
172 135
80 26
191 25
150 45
108 31
185 146
95 46
149 73
130 101
133 66
68 61
183 167
185 47
132 108
198 16
173 61
144 30
119 93
194 165
155 118
127 45
145 83
162 35
147 143
31 13
188 105
79 20
129 108
135 24
164 80
108 51
103 26
116 51
183 12
88 44
153 152
199 75
161 84
130 122
63 29
105 4
96 56
142 60
144 118
157 40
192 151
152 7
39 15
149 135
46 1
193 3
175 42
173 161
141 45
132 11
126 68
161 79
96 44
178 37
139 76
42 16
143 133
111 59
80 17
89 12
127 125
55 6
146 20
135 2
128 84
90 9
187 78
127 14
188 64
138 73
173 68
185 177
126 51
165 154
115 52
135 82
87 21
165 64
147 93
161 51
69 7
91 38
119 64
173 162
174 119
176 119
94 60
184 92
129 97
125 42
83 24
117 91
142 25
23 11
162 123
80 62
72 15
96 49
119 94
159 35
64 21
181 161
104 13
154 7
153 40
153 110
64 61
170 18
140 0
184 108
105 43
194 110
199 135
125 65
176 20
145 135
22 17
180 98
198 134
197 105
198 7
138 69
114 68
170 65
98 50
32 27
140 126
124 59
117 24
70 36
189 146
51 26
82 77
168 96
126 96
88 46
183 175
137 67
124 74
151 49
75 37
68 25
99 91
88 40
198 163
143 88
157 121
138 4
87 24
122 22
168 166
196 38
156 40
171 85
118 58
156 57
106 27
17 14
104 91
57 49
120 110
97 25
171 94
177 110
147 96
86 7
116 62
119 21
130 85
156 155
198 165
100 48
158 151
81 9
162 128
111 87
172 157
41 20
171 15
37 13
134 39
116 92
98 97
90 13
168 60
169 81
94 3
60 18
108 104
137 23
156 63
151 116
175 160
156 95
132 94
130 54
105 50
181 87
188 22
62 35
197 95
86 85
22 13
196 172
173 66
81 52
44 40
198 170
136 64
178 39
154 148
149 93
158 62
170 117
118 107
163 45
129 3
189 188
198 171
73 3
193 0
84 77
185 144
86 26
165 50
171 98
108 96
61 18
100 15
114 28
160 22
34 29
192 172
93 3
137 34
71 34
40 31
96 30
167 48
127 90
163 0
178 172
72 29
142 69
89 5
144 131
172 35
151 12
79 9
171 9
136 128
170 55
192 115
189 15
178 42
38 3
124 61
176 91
134 32
115 112
198 92
167 110
108 95
91 54
172 100
189 14
164 84
152 92
121 79
176 58
185 77
123 56
151 73
166 78
169 147
83 78
114 111
194 88
114 64
164 135
123 67
97 90
130 58
146 48
107 11
152 123
167 17
159 149
152 10
91 39
135 43
118 46
158 117
195 183
174 158
199 106
184 162
107 90
94 30
190 53
162 116
144 7
53 23
137 26
191 72
140 32
71 27
174 52
170 6
86 12
160 159
149 5
104 43
196 13
160 45
152 48
187 27
97 60
95 6
165 134
192 53
43 15
185 91
182 54
176 25
199 115
174 48
165 97
50 12
174 136
181 117
56 37
157 68
162 158
180 28
65 11
147 117
165 100
195 192
165 104
114 100
186 5
118 81
72 47
66 42
129 38
130 100
151 64
80 70
51 24
123 47
193 89
177 77
189 119
157 51
122 81
185 166
172 85
112 3
171 156
9 8
113 1
199 32
145 67
196 133
128 38
178 139
123 119
167 41
123 42
19 15
189 155
192 189
110 106
87 29
115 80
169 152
196 6
173 85
169 129
182 148
193 85
118 109
176 139
186 66
193 174
83 52
74 18
102 88
155 36
54 19
189 152
146 112
186 167
69 45
136 93
174 110
100 2
106 41
162 56
64 53
41 29
146 118
179 111
146 106
33 12
168 30
45 1
159 86
5 2
68 8
132 75
125 36
169 34
98 25
149 117
73 64
140 63
139 66
125 99
170 78
106 5
46 27
194 13
159 52
97 21
112 13
94 19
142 17
165 118
73 57
193 134
186 33
92 45
167 103
155 63
146 117
180 49
133 48
38 36
55 51
72 44
193 77
154 53
76 5
61 38
38 9
99 72
177 165
163 152
178 25
159 78
17 0
52 8
131 28
183 60
178 65
94 0
133 124
181 115
196 146
172 64
65 28
98 18
140 124
140 127
88 66
45 24
156 88
139 101
122 79
84 6
164 131
61 44
62 3
152 88
107 66
191 156
117 78
178 107
49 0
199 177
198 24
125 74
182 24
128 94
119 32
162 83
190 32
116 78
148 14
126 35
120 77
119 34
198 118
179 41
139 70
145 21
142 65
180 124
71 58
112 31
69 18
66 26
69 5
110 100
138 134
71 40
109 95
128 89
153 131
150 68
73 54
125 106
49 9
197 122
198 79
149 95
49 16
116 5
180 13
156 61
148 92
199 43
100 22
192 90
197 132
168 10
137 11
160 113
29 11
137 37
180 136
133 8
129 6
146 87
85 20
195 45
161 45
186 146
161 4
185 175
191 117
196 93
129 13
180 141
174 93
131 73
110 105
181 80
197 49
84 51
85 71
108 36
177 8
129 122
102 41
121 83
112 14
35 6
122 84
66 43
107 8
100 77
186 0
30 1
125 37
106 99
145 16
191 49
45 36
59 0
153 105
78 73
166 39
108 107
161 44
78 18
89 47
48 34
119 46
142 16
106 29
185 141
169 114
102 92
190 77
107 33
190 42
190 41
117 47
56 11
195 69
108 16
181 165
156 48
110 71
136 111
196 141
66 47
130 84
167 116
155 101
75 40
168 49
116 24
170 50
190 151
198 72
185 74
83 57
177 32
55 4
136 16
11 5
130 11
96 52
35 4
158 107
161 25
90 77
127 119
92 58
188 136
177 134
139 48
138 100
53 2
90 54
186 29
188 174
194 156
162 126
67 27
100 67
154 136
48 19
125 9
192 63
130 8
128 126
184 182
106 77
173 51
188 114
148 11
124 115
56 14
77 43
145 100
138 8
74 38
166 136
171 82
98 41
44 22
163 124
110 99
119 111
162 53
95 51
198 36
66 60
130 123
141 44
160 132
151 127
174 45
166 129
189 185
86 40
181 54
127 46
131 77
182 49
116 39
41 3
185 23
35 34
147 35
197 108
82 67
114 109
116 59
83 64
70 43
153 36
195 44
163 24
162 60
197 28
133 57
51 11
91 17
117 27
189 97
179 141
154 138
150 51
96 0
107 82
123 77
85 38
133 108
168 16
190 175
153 43
121 5
145 6
130 77
41 28
126 74
78 11
101 84
183 99
175 69
196 3
187 0
136 104
144 120
139 8
23 10
187 108
182 177
21 17
138 63
111 68
107 58
81 47
165 144
167 134
180 127
28 21
169 29
193 136
71 42
185 100
73 38
191 175
110 18
189 38
158 150
162 68
67 3
128 55
38 27
183 133
146 90
199 157
108 67
45 27
117 5
134 40
193 137
108 83
69 0
134 88
135 21
66 40
176 71
142 35
104 40
164 62
132 81
153 54
133 47
117 48
75 41
189 100
184 7
187 33
122 12
57 52
189 36
100 36
146 50
198 121
158 26
182 180
187 34
104 22
71 9
106 37
175 166
113 87
196 0
185 142
153 127
199 154
113 80
179 108
139 47
150 139
193 130
135 73
76 58
197 21
48 36
182 100
128 13
159 58
191 173
149 134
66 2
88 59
162 154
192 48
62 32
149 115
170 12
72 22
182 87
76 51
81 58
9 3
54 30
195 160
149 18
119 18
51 44
156 76
131 60
180 26
64 17
187 123
130 36
89 52
61 33
63 50
76 13
164 83
195 129
120 43
154 119
164 6
164 87
90 41
140 120
83 19
93 61
57 36
72 38
113 26
16 7
98 0
43 12
89 61
148 18
144 10
138 56
130 61
137 69
42 4
163 155
154 150
143 13
120 118
199 57
64 14
111 65
168 8
191 57
72 31
34 7
103 77
160 23
133 83
129 31
167 125
193 176
129 25
112 64
199 184
126 3
107 4
125 44
100 21
135 129
140 46
164 162
125 11
172 38
93 21
94 20
130 118
198 116
165 9
143 64
192 108
88 64
154 152
153 107
189 33
187 158
111 23
176 67
84 45
161 137
199 133
172 158
116 109
172 166
180 178
132 60
70 56
67 42
137 126
82 3
193 62
85 35
186 143
117 114
104 57
183 22
189 141
156 89
178 33
171 18
197 162
70 67
99 66
43 11
159 23
31 7
192 180
142 48
148 25
115 11
145 57
116 6
150 27
36 2
42 15
103 68
194 170
103 2
186 179
194 50
116 101
193 91
94 31
191 67
185 72
112 50
193 81
181 141
83 35
134 1
159 40
177 164
91 1
183 54
181 135
148 101
167 154
105 63
132 49
164 71
188 150
183 14
195 164
139 117
118 19
114 40
174 171
130 72
111 105
194 116
53 16
105 75
105 11
15 13
186 151
142 29
173 28
130 38
191 129
99 48
105 26
191 34
111 96
55 12
197 189
161 90
105 29
55 28
190 130
142 90
62 33
195 41
90 44
126 115
166 138
161 136
176 114
159 91
162 18
197 196
135 110
169 141
149 58
185 79
190 184
126 56
137 110
96 53
148 147
72 26
16 1
172 43
195 178
185 152
173 48
190 75
184 41
112 4
134 25
165 49
180 147
190 78
128 65
147 106
70 59
42 14
194 155
52 13
121 113
111 76
160 67
116 88
197 140
54 20
108 85
126 61
52 5
100 20
154 114
115 58
96 21
160 49
128 122
57 40
63 15
171 150
4 1
70 63
187 76
106 8
128 22
177 52
172 106
123 11
131 2
132 2
187 26
139 116
131 112
154 6
45 12
188 155
45 25
182 86
149 98
106 59
182 134
122 59
132 112
160 150
101 53
103 101
182 169
196 105
192 159
171 48
107 92
179 53
199 172
85 52
131 122
85 9
189 93
116 111
145 79
196 186
124 107
173 83
125 112
198 103
108 21
145 54
169 58
177 35
93 92
56 16
106 16
156 33
76 2
111 44
142 141
161 95
184 71
113 8
174 100
69 24
171 1
88 6
184 96
50 38
59 41
163 71
155 115
156 50
141 82
196 148
19 10
100 56
199 104
44 11
147 69
167 83
32 31
22 16
164 49
121 111
195 153
107 0
165 103
155 136
104 31
116 10
119 54
181 170
149 132
192 103
160 95
139 57
159 99
112 9
171 86
151 141
162 98
117 6
53 32
133 72
134 68
154 75
181 91
197 142
24 8
102 52
195 76
176 136
65 54
134 72
189 147
188 130
169 163
167 126
161 91
126 75
160 120
162 76
98 28
121 34
179 57
115 76
129 90
166 132
190 7
158 27
151 22
102 14
183 9
141 39
115 3
77 52
132 6
163 146
190 34
88 43
155 97
199 113
82 73
161 9
191 144
195 0
199 190
123 91
164 101
93 0
133 123
98 26
107 35
90 62
199 170
90 28
180 143
106 97
158 112
159 60
61 16
94 11
136 53
30 12
119 112
58 52
152 62
116 58
199 45
178 15
109 41
13 9
151 120
190 160
25 18
197 14
167 135
198 69
180 33
154 117
197 54
197 30
78 75
19 12
160 20
38 26
182 21
123 115
115 47
198 54
192 31
83 48
138 43
169 80
49 22
168 123
151 3
188 66
44 8
138 39
192 35
175 164
45 0
124 91
64 10
130 52
106 9
181 29
191 186
53 10
144 28
179 79
194 183
182 121
143 75
147 36
188 172
167 70
181 25
132 71
91 47
192 65
178 165
108 28
142 73
142 23
104 6
150 121
179 95
139 94
176 26
83 68
133 33
161 13
189 132
163 67
112 72
178 91
189 81
81 75
140 116
131 114
163 2
123 48
56 23
152 68
194 121
108 23
173 19
162 12
177 86
151 117
177 93
94 50
63 38
28 24
154 22
153 9
179 73
155 40
30 9
181 128
197 164
151 63
65 23
160 112
72 43
187 151
141 5
132 22
102 95
142 127
108 80
186 42
184 17
194 91
87 59
178 78
126 16
171 115
199 88
132 90
184 47
90 27
173 126
103 78
142 78
101 86
155 53
197 141
150 5
166 117
194 77
178 87
199 34
147 30
177 162
150 147
129 48
62 38
181 63
62 1
126 30
181 160
32 9
154 84
189 8
187 23
181 123
163 23
187 19
161 14
17 3
168 94
58 50
50 34
99 74
44 30
83 65
176 144
157 46
132 104
176 166
134 128
170 25
196 151
154 16
132 80
71 30
102 31
112 53
79 66
39 34
130 57
150 133
140 106
142 129
111 88
114 80
39 7
76 52
54 36
177 114
122 1
171 134
113 106
181 102
167 82
114 47
151 30
180 158
121 106
89 30
72 20
174 153
196 22
152 31
109 32
123 117
54 0
54 45
146 77
155 111
128 21
166 81
126 38
151 77
122 18
159 123
139 7
148 10
121 88
151 37
119 41
131 80
110 33
102 67
155 128
89 81
111 84
193 190
173 172
111 83
65 21
184 66
101 16
74 12
93 7
52 26
160 47
44 32
192 164
199 128
168 5
137 86
167 49
138 49
10 6
89 35
115 39
97 46
71 21
147 119
83 73
199 175
161 101
161 126
184 62
147 58
104 75
179 13
153 113
188 40
122 66
131 12
136 80
23 20
112 8
55 29
183 155
138 118
134 121
163 121
192 114
126 93
95 79
71 25
150 82
189 44
64 60
139 20
96 7
76 28
185 132
173 138
164 75
35 17
167 80
101 45
98 49
141 136
151 80
168 125
158 59
154 38
171 154
117 109
128 26
143 86
190 48
147 67
147 15
157 99
153 14
128 102
189 137
109 89
183 96
92 84
125 89
193 8
176 168
178 82
172 12
144 117
192 102
147 21
110 66
131 55
193 42
134 58
191 103
156 10
50 39
148 123
78 39
123 99
158 153
120 61
181 89
197 46
156 9
168 41
165 47
100 96
191 33
130 30
137 83
187 6
129 69
190 134
24 21
149 75
31 21
153 125
165 31
127 12
76 3
159 18
100 75
66 16
148 24
177 172
187 42
198 60
172 149
190 164
144 134
116 64
120 18
145 91
131 83
102 5
170 132
133 95
193 70
192 32
190 49
162 138
149 80
82 20
103 100
137 60
161 134
117 28
66 12
157 38
43 17
55 32
193 54
194 94
148 47
146 127
124 50
180 155
54 2
176 165
69 40
139 93
151 31
94 58
178 103
86 32
160 37
79 46
110 16
99 70
127 36
92 47
150 32
149 89
196 121
160 72
199 46
185 116
88 48
171 170
187 104
199 31
183 39
113 40
66 59
199 77
150 52
90 74
124 76
198 32
129 103
199 64
3 2
126 82
112 57
8 1
83 5
92 23
81 56
194 47
125 105
92 65
137 123
159 32
138 40
140 35
91 75
148 49
153 25
160 126
136 135
156 121
104 84
136 33
111 39
185 157
197 79
106 22
114 69
191 152
134 33
126 54
171 90
171 133
84 21
136 13
148 137
115 45
107 59
130 128
193 140
81 76
179 161
170 139
122 80
75 21
151 32
133 118
116 93
160 152
174 18
160 75
108 92
152 40
174 12
197 129
42 17
128 16
145 62
126 39
175 16
157 72
117 45
158 81
76 39
82 78
155 89
154 100
191 65
191 60
156 44
184 115
185 133
90 34
104 77
88 20
197 29
114 50
167 24
44 18
189 47
101 3
103 85
47 23
149 11
188 170
172 37
142 37
97 72
195 175
191 84
123 120
146 27
125 68
199 6
88 70
154 131
78 54
129 49
181 95
144 48
121 77
189 172
131 68
176 77
104 79
40 15
52 41
56 19
71 70
78 65
102 19
162 145
122 102
182 33
91 34
181 98
191 127
97 62
162 84
99 10
143 87
69 33
39 2
177 10
107 22
66 29
85 22
31 16
189 20
130 114
103 6
176 96
139 2
171 96
87 44
193 14
80 45
26 19
159 129
176 81
149 24
28 12
18 4
57 38
87 85
58 20
176 173
172 21
133 69
158 133
123 10
111 66
124 82
135 13
31 24
185 183
163 120
111 41
171 139
173 74
75 59
165 58
177 126
171 58
187 163
190 16
197 71
107 27
196 41
123 20
95 33
120 107
72 8
155 12
173 102
87 30
113 24
133 97
135 113
32 18
199 124
55 1
101 71
72 66
92 29
59 47
97 63
27 24
178 106
109 55
53 11
164 158
181 28
83 39
84 25
157 91
191 17
146 86
135 105
182 124
160 65
167 142
90 12
174 87
105 40
115 48
166 58
116 75
187 102
71 20
121 8
183 118
97 27
176 159
184 78
60 11
146 2
158 152
170 151
179 36
43 30
172 61
142 46
37 4
99 71
139 112
178 131
75 48
140 38
195 40
91 33
137 30
126 103
180 88
137 25
181 156
95 93
157 97
183 5
115 9
180 51
191 134
182 56
194 57
170 52
111 25
153 128
179 25
44 29
59 15
107 84
92 69
159 75
152 120
37 28
194 193
96 34
156 113
178 123
134 102
121 85
168 69
108 97
188 117
21 16
79 56
122 11
33 28
115 54
155 146
189 138
122 86
183 137
185 135
104 101
196 31
78 63
102 8
108 59
36 10
142 13
112 19
110 73
85 43
87 5
184 123
33 23
98 89
93 89
174 81
88 71
187 70
180 110
118 70
163 9
165 146
156 86
61 28
79 77
152 107
162 10
121 25
29 20
86 69
22 1
189 71
14 3
188 137
143 34
132 1
101 52
153 133
126 37
79 67
127 55
37 3
178 133
64 52
155 33
178 72
98 29
128 15
131 90
195 34
183 149
143 66
145 118
148 81
182 119
119 96
191 133
106 102
189 151
96 86
180 0
163 122
86 31
143 76
90 63
185 14
128 120
60 29
156 4
112 34
95 40
116 50
69 15
102 51
174 21
137 105
186 106
124 58
115 87
162 87
56 8
149 146
117 3
171 145
109 4
128 25
164 117
189 107
84 54
126 29
172 104
198 167
171 142
114 24
180 145
194 38
106 35
171 11
128 77
196 139
190 38
163 128
147 133
162 21
185 138
142 59
194 163
64 8
148 82
27 16
108 37
154 67
147 120
86 56
178 24
128 54
18 0
39 24
75 60
194 167
128 104
173 97
41 8
81 59
175 170
44 35
187 68
197 19
160 53
199 148
77 46
86 52
156 91
92 71
96 16
115 33
159 74
82 34
152 56
59 17
94 64
190 158
73 61
137 50
116 80
186 95
140 47
82 46
196 29
35 30
94 62
87 52
198 189
130 67
144 139
129 84
195 43
121 102
192 76
119 71
164 125
29 18
175 67
199 15
76 14
47 25
104 15
47 44
60 38
184 10
178 160
162 64
189 130
109 64
59 56
176 59
148 140
150 38
136 12
147 59
190 79
155 90
167 159
159 117
147 105
65 46
159 38
185 82
166 36
23 13
119 89
197 104
132 113
195 71
190 180
140 76
196 53
185 101
65 17
113 86
159 10
157 138
18 12
98 87
173 136
73 45
75 39
173 166
117 112
192 122
196 18
187 162
158 105
82 51
99 87
199 10
49 30
185 114
143 100
185 96
135 29
152 63
113 52
63 21
167 100
187 100
190 99
54 28
194 26
108 87
109 75
180 86
83 72
157 127
132 13
137 39
140 75
199 136
179 44
116 96
190 80
83 18
26 18
99 42
132 66
41 37
153 61
29 4
172 79
177 104
143 16
68 52
108 60
198 70
130 96
154 13
183 29
90 21
103 102
110 27
179 90
186 133
130 39
105 103
141 92
172 24
117 2
73 30
75 43
107 43
36 31
91 78
115 97
173 30
179 97
156 93
183 92
80 41
159 12
179 163
144 34
152 22
150 112
127 116
146 70
149 47
51 40
121 62
199 28
151 36
187 71
137 136
168 24
19 14
170 43
162 44
156 3
199 174
142 63
183 95
77 41
113 63
88 68
131 92
183 89
176 152
163 157
171 22
104 42
172 28
151 119
124 86
170 149
170 101
182 116
66 4
83 61
119 24
148 39
83 20
173 91
26 23
123 111
124 49
21 13
41 26
142 116
141 133
28 23
59 45
159 90
75 28
117 70
58 44
161 86
113 15
140 99
163 41
158 92
79 4
182 103
83 11
86 39
141 104
161 113
64 19
158 111
135 6
86 16
148 114
127 19
167 32
175 165
170 77
135 112
32 28
177 160
98 3
134 5
178 4
173 46
167 157
184 30
72 30
105 46
101 87
170 93
177 166
177 156
157 136
137 132
124 84
191 146
163 111
184 22
128 107
183 107
68 5
67 39
136 0
120 91
10 1
118 28
132 58
169 0
63 42
105 59
143 2
114 54
164 44
50 6
175 81
155 7
87 9
115 99
149 31
159 13
59 9
169 104
173 41
79 51
159 84
159 115
110 98
94 34
164 112
55 23
28 19
141 63
102 58
60 55
186 154
178 140
101 89
106 43
151 137
196 95
196 153
199 105
169 1
85 48
183 55
34 11
168 122
120 113
158 73
145 85
131 40
154 118
133 26
27 25
174 142
156 49
166 59
109 40
156 18
169 84
115 73
21 18
136 66
121 114
99 96
187 159
80 68
130 93
94 59
150 130
199 65
101 20
173 31
183 126
169 121
144 3
124 11
154 83
148 72
99 36
127 91
168 112
143 142
109 8
130 20
184 43
19 18
174 165
140 49
98 94
62 23
194 44
34 12
174 55
106 25
135 71
51 27
84 8
139 56
136 92
153 106
89 8
119 88
63 61
182 132
149 38
91 44
147 49
173 25
107 41
126 34
185 145
74 20
197 72
112 1
164 147
166 20
185 106
141 84
126 42
85 78
128 112
162 8
79 74
198 65
194 148
104 60
197 137
194 16
68 24
144 55
74 29
133 20
191 122
197 166
147 102
65 16
37 36
96 90
139 105
96 41
128 10
136 117
137 102
161 39
192 120
123 102
176 84
126 111
134 55
139 61
182 64
101 73
194 128
101 93
80 56
85 53
90 55
85 50
172 50
180 121
179 110
168 54
115 67
68 0
136 54
192 154
166 42
186 120
104 23
149 114
125 8
198 22
76 29
76 41
194 174
159 73
126 41
134 57
120 39
198 26
143 58
131 50
141 12
172 9
117 103
118 43
52 43
179 28
92 22
129 88
183 157
73 14
142 100
91 68
109 62
141 3
156 135
161 119
198 181
179 173
178 31
122 113
178 38
181 26
91 16
151 68
187 80
160 52
132 87
170 47
135 90
121 4
56 54
181 35
187 74
135 100
196 45
155 103
95 34
177 103
150 63
167 124
157 114
115 98
152 71
188 186
109 92
104 17
42 31
168 28
63 16
164 52
95 67
124 55
122 85
194 48
26 14
90 78
173 146
113 93
124 106
63 48
68 58
148 88
117 87
106 32
166 55
163 79
191 5
181 51
173 5
99 60
147 98
161 58
182 69
178 59
112 18
117 110
164 3
177 116
189 80
62 22
111 45
138 26
129 16
189 89
139 58
182 154
111 100
131 84
150 79
124 43
196 76
197 34
169 142
58 3
184 174
51 34
178 3
101 35
160 8
121 65
91 13
89 28
48 30
26 6
187 161
162 34
138 119
124 87
167 25
81 7
113 45
87 18
184 46
184 110
119 59
66 15
114 91
121 24
121 36
117 94
96 54
102 62
86 47
50 37
91 59
109 71
115 16
77 29
193 48
125 64
193 109
55 49
175 151
185 3
157 34
144 110
120 14
155 91
149 77
121 100
46 39
60 10
172 17
143 44
199 191
135 69
156 152
32 19
172 83
130 126
78 60
171 39
47 42
172 2
109 18
160 142
196 82
73 42
147 74
115 108
151 4
108 88
90 42
169 127
111 62
174 4
142 57
179 132
97 9
177 167
112 35
150 119
174 65
143 41
68 6
55 7
64 49
38 22
126 53
164 61
142 44
156 153
180 4
124 32
113 5
185 173
185 155
147 80
75 64
156 73
113 58
86 4
65 56
191 114
176 151
176 80
169 69
169 162
79 16
153 112
168 29
185 103
163 93
181 178
81 65
160 157
171 155
85 14
189 29
144 68
132 102
63 31
198 57
130 47
150 109
152 28
101 61
144 94
51 30
78 59
122 91
133 38
166 64
195 25
133 9
188 183
162 4
107 103
162 61
50 15
121 26
177 68
59 30
149 23
114 7
162 146
58 26
115 60
96 5
155 28
124 95
142 88
58 6
22 4
159 68
119 49
53 39
28 9
138 102
121 116
129 73
188 180
185 17
175 122
89 6
163 4
138 67
93 68
115 32
102 17
101 26
115 27
185 110
163 118
159 120
124 62
145 14
98 51
119 3
107 45
109 26
194 90
193 69
194 107
132 63
102 35
173 7
166 51
16 2
119 66
127 64
64 30
180 21
165 141
110 19
120 94
193 111
169 136
164 43
124 21
161 114
136 113
181 113
175 54
97 14
138 99
125 66
125 92
87 76
12 3
175 113
177 78
180 119
164 107
199 90
86 17
176 74
195 159
169 103
142 115
66 61
132 46
168 46
194 30
183 38
121 67
176 52
166 96
130 112
138 108
109 23
136 52
159 8
109 7
176 31
198 82
168 15
153 64
154 103
139 31
199 129
107 13
117 95
96 83
133 102
126 92
158 12
168 146
150 122
105 78
165 48
112 33
158 74
103 31
150 120
194 106
171 69
102 42
125 43
145 38
86 74
187 63
74 58
130 99
193 39
190 128
23 1
145 96
168 67
140 104
185 159
188 65
188 160
199 192
191 69
192 162
144 104
100 29
188 13
80 72
120 51
170 23
101 37
129 111
175 4
74 30
97 74
124 17
185 29
107 78
142 131
157 5
170 115
109 11
82 44
28 11
78 31
109 39
123 26
133 3
197 148
187 110
67 12
190 64
159 89
41 25
73 0
72 63
73 49
155 130
171 103
80 6
174 109
22 10
94 25
48 14
193 31
59 24
176 49
75 53
179 85
74 28
175 153
45 21
107 48
185 76
179 159
148 96
75 24
196 4
191 63
157 116
186 122
156 128
141 10
172 170
109 67
42 2
146 76
124 8
163 72
174 80
77 34
159 94
144 125
30 14
125 109
110 101
178 168
86 5
179 175
170 127
162 45
66 13
30 22
175 46
19 5
78 23
149 116
180 1
119 62
111 47
195 4
160 54
45 10
58 48
189 79
181 34
105 88
198 148
145 12
114 30
105 62
37 21
157 151
90 56
160 143
198 138
118 39
194 113
133 7
193 40
176 106
13 1
47 16
147 52
127 89
179 56
178 111
127 0
165 15
168 26
80 31
116 60
88 81
113 107
62 55
103 56
84 59
45 43
93 84
82 14
151 85
179 167
195 179
192 137
158 104
189 67
146 83
167 98
161 100
197 194
154 85
92 57
36 6
153 10
150 131
108 43
184 169
164 95
153 8
184 114
165 107
85 82
85 36
131 39
136 106
170 122
186 17
188 15
12 0
183 162
90 46
36 27
118 73
170 148
192 56
168 119
158 109
118 101
162 159
185 130
179 94
195 128
165 105
154 111
168 78
62 13
156 146
68 11
140 48
41 21
159 107
192 176
194 89
129 17
163 113
166 46
43 21
101 92
190 27
199 150
184 107
190 3
160 15
188 55
64 27
171 141
188 28
110 21
196 51
177 38
187 5
187 145
173 70
150 105
154 145
125 117
177 97
129 34
149 110
5 3
101 41
109 80
148 95
176 14
191 0
193 35
90 58
29 15
135 22
138 76
59 51
21 5
66 36
193 1
172 107
107 52
182 106
50 41
181 20
139 46
98 58
40 28
165 136
88 61
192 140
40 0
158 132
37 19
112 106
61 24
142 81
104 89
185 19
74 15
75 13
172 127
193 127
95 7
195 165
113 49
43 36
137 49
89 24
199 130
81 80
197 83
155 123
140 132
72 36
138 68
100 17
191 170
170 128
196 74
169 100
162 74
139 89
103 62
125 34
169 52
70 53
113 61
79 59
61 20
175 39
107 42
99 27
77 33
89 18
141 48
125 102
198 192
127 49
139 0
127 23
159 156
178 127
174 31
110 70
182 15
181 86
186 43
156 120
158 127
196 137
161 60
89 32
145 111
169 159
140 37
119 82
102 84
161 117
196 176
149 49
115 0
56 55
165 68
152 97
179 48
94 73
104 50
64 11
197 191
175 150
88 5
118 32
126 117
137 6
145 20
178 175
167 40
182 22
188 39
78 28
192 4
139 69
126 50
178 84
168 62
143 110
131 106
198 45
169 111
141 89
184 153
171 47
146 96
168 115
148 115
185 95
79 73
161 53
143 27
163 74
149 29
169 101
148 29
184 181
187 113
145 103
129 71
130 32
150 97
141 46
147 139
127 76
146 108
134 18
157 74
175 124
113 112
183 147
191 107
73 46
77 13
192 9
179 165
143 135
144 130
91 6
104 74
196 100
138 128
144 109
68 48
98 78
177 6
58 12
109 13
149 70
114 43
68 49
111 56
186 184
131 53
118 112
143 128
86 20
191 94
178 95
62 12
101 0
156 17
193 2
90 45
107 47
179 59
196 129
141 99
103 4
188 67
169 135
191 189
67 51
50 5
71 51
158 80
194 80
195 148
123 29
43 40
166 101
21 0
98 63
179 66
118 56
159 144
133 31
199 186
96 45
20 4
157 82
64 41
132 42
81 64
146 5
188 167
142 109
150 16
162 143
160 68
194 133
96 12
11 6
77 12
82 80
34 8
61 32
65 8
102 94
169 117
145 92
186 142
118 76
159 113
175 167
71 50
152 93
27 4
143 51
164 144
162 36
142 72
156 84
128 47
103 99
150 146
130 98
198 59
86 55
147 134
183 13
114 9
181 152
193 13
102 22
67 16
160 78
173 137
197 20
158 128
78 3
149 16
64 59
180 157
159 72
171 124
158 119
158 56
185 184
183 132
76 31
154 101
133 13
161 154
84 37
196 130
101 18
71 59
130 7
161 76
163 134
157 17
123 51
174 128
181 134
172 72
143 40
89 82
179 118
93 48
187 65
121 44
169 96
38 0
193 97
80 59
124 68
164 9
184 177
116 61
156 81
148 43
170 144
192 98
63 53
91 14
130 28
167 129
63 19
188 84
164 82
85 44
192 148
128 118
147 81
113 33
135 46
107 61
101 9
135 8
192 28
172 62
132 105
183 73
49 48
193 47
129 5
55 22
185 105
138 89
165 26
97 77
129 94
164 85
162 15
181 74
127 88
152 144
71 64
146 95
109 24
108 66
143 80
166 145
170 44
139 127
184 168
62 5
140 82
185 120
102 45
140 5
152 96
95 0
196 103
172 147
139 130
143 78
167 39
97 58
195 107
183 84
188 47
77 70
167 81
153 124
80 44
176 38
90 3
135 3
183 64
124 13
174 160
164 130
171 17
184 61
162 124
143 122
127 112
166 30
170 21
112 100
162 135
86 33
169 107
179 169
169 79
180 163
197 62
103 20
165 12
118 44
158 137
199 37
81 33
112 16
155 67
181 71
183 177
138 135
155 138
180 82
129 82
148 127
158 20
25 1
117 76
46 0
129 116
44 16
49 17
178 113
80 4
130 35
150 3
155 107
44 19
188 122
98 59
61 36
81 54
193 21
73 11
118 16
185 36
131 102
184 129
151 124
83 79
96 24
188 23
169 25
134 14
194 169
16 15
138 112
138 83
161 89
95 15
157 30
178 67
195 93
29 0
171 165
124 52
130 42
62 59
89 51
181 145
23 4
137 94
52 51
125 123
170 0
119 37
194 176
99 11
49 44
144 65
149 97
79 13
82 15
105 57
65 9
102 65
155 26
77 10
169 131
41 9
92 42
191 139
141 52
195 91
199 40
182 77
198 35
172 4
100 27
122 119
166 83
180 96
171 168
196 115
176 94
171 125
140 135
137 24
151 99
109 98
123 85
150 141
185 0
170 19
152 117
162 19
199 163
131 76
85 65
130 88
18 7
139 38
36 4
172 92
143 77
163 5
19 13
151 26
133 53
176 15
118 65
93 80
182 171
64 26
42 40
175 0
135 88
84 82
97 32
132 54
136 45
156 148
141 32
185 125
187 176
129 22
99 67
115 14
68 3
173 128
150 84
178 169
145 29
123 104
33 11
170 83
128 0
165 62
172 96
95 41
182 23
97 26
185 53
173 147
165 140
103 34
148 27
184 160
138 126
42 24
167 9
49 40
163 131
147 50
54 13
116 89
134 94
180 15
138 84
175 143
48 22
138 72
127 79
123 24
159 2
100 74
102 97
105 36
64 38
84 57
169 168
180 131
194 153
144 133
122 24
83 60
179 174
129 50
101 27
105 14
181 144
165 17
157 8
115 65
125 19
198 73
37 24
191 36
103 8
98 88
195 58
172 105
187 164
52 50
109 83
79 3
186 69
172 112
93 71
123 19
187 109
95 80
184 95
87 54
176 90
55 45
174 7
166 88
146 43
152 109
188 125
182 118
195 49
39 17
138 61
108 7
109 38
152 95
92 28
74 65
186 61
81 18
47 15
193 4
131 62
104 1
177 106
183 15
134 93
102 13
190 114
70 37
173 149
146 53
77 38
123 78
171 109
128 62
87 23
58 55
91 40
170 84
40 33
135 36
83 49
179 87
6 4
187 129
89 22
66 30
191 126
98 79
158 135
188 33
155 134
141 21
197 57
169 98
175 96
167 139
164 143
191 120
142 20
184 158
195 145
106 92
115 6
171 148
86 14
175 158
199 173
185 48
174 83
116 29
163 69
185 57
106 62
169 164
175 31
191 125
107 71
121 87
127 108
167 131
102 83
168 9
101 25
167 120
174 59
130 33
180 105
188 115
132 121
167 141
69 3
198 180
85 55
168 97
142 105
91 30
170 109
98 19
43 42
59 34
167 114
164 119
157 140
32 30
147 60
192 52
127 38
175 17
174 62
160 121
139 62
71 2
108 57
136 3
156 35
120 54
111 78
131 116
118 62
129 35
151 135
118 4
123 18
183 158
162 52
29 5
61 1
116 26
178 10
83 2
62 54
134 126
199 179
165 90
82 31
168 165
92 40
98 4
69 4
21 3
123 75
127 98
176 5
135 64
171 54
196 178
140 96
188 34
36 26
141 77
154 96
37 14
171 158
63 28
127 50
166 106
150 101
136 15
143 116
121 3
118 77
61 34
97 1
77 26
67 36
108 35
107 77
51 7
154 115
120 63
170 32
197 120
136 67
31 10
120 45
155 127
88 85
127 20
40 5
199 169
60 32
50 21
73 12
65 33
146 13
157 0
103 51
132 28
137 66
180 83
139 125
103 16
87 10
135 116
150 58
142 70
62 24
89 50
193 155
89 45
195 28
152 70
41 7
91 18
75 63
186 31
174 34
43 18
76 57
120 11
139 50
198 20
33 22
138 0
122 44
149 59
190 146
91 69
135 114
196 125
87 33
88 14
88 0
129 53
110 96
188 75
135 126
114 59
117 64
190 4
158 55
119 39
14 0
197 65
169 48
150 33
39 22
154 8
133 127
134 31
174 103
93 15
171 99
149 32
144 80
86 60
185 163
23 6
71 53
155 4
111 35
52 46
170 102
164 19
84 63
123 60
145 3
45 11
198 84
150 70
27 17
182 79
181 40
151 76
127 58
116 27
111 0
183 154
151 132
137 42
161 99
30 21
192 78
177 98
99 40
101 33
162 91
104 41
90 71
59 22
116 1
112 28
77 3
115 71
105 3
174 125
46 45
77 14
121 17
113 43
43 37
173 155
129 124
190 152
182 50
64 43
42 22
186 64
132 111
184 152
186 157
175 37
180 69
105 60
115 23
155 82
112 21
126 62
151 103
157 149
142 67
154 153
191 19
110 93
189 168
123 45
173 76
95 89
150 118
141 14
167 50
174 68
179 126
135 75
155 100
54 11
184 175
61 15
79 17
69 9
152 72
170 116
28 16
170 147
146 39
110 22
169 85
123 82
129 104
193 102
111 15
113 57
111 94
94 17
155 38
72 3
104 8
129 85
188 77
122 62
136 48
161 120
194 58
129 15
178 109
150 29
103 91
105 98
111 106
178 124
117 38
92 81
133 14
80 43
146 31
63 34
155 132
119 14
189 153
167 147
89 13
93 88
168 25
184 144
82 74
116 9
149 64
181 27
144 75
187 53
176 124
183 63
185 54
127 57
184 180
148 50
134 71
186 165
135 133
118 42
14 10
132 83
100 71
189 131
55 36
130 21
198 126
132 52
185 67
76 1
126 116
122 87
140 123
60 16
169 21
161 132
151 62
137 120
177 125
191 35
184 132
105 81
112 71
139 126
125 31
137 36
154 151
127 22
125 38
122 7
154 2
95 65
136 6
110 46
138 85
134 63
171 75
115 36
174 161
183 30
135 92
169 156
141 87
134 118
86 37
68 38
175 118
140 122
118 33
146 75
145 43
65 63
30 2
112 12
81 48
80 47
116 115
177 152
121 45
118 48
158 122
178 34
183 44
141 11
103 44
120 23
198 11
162 50
172 141
98 2
146 68
83 30
132 4
24 20
146 125
171 12
32 29
73 15
78 42
176 10
130 120
154 60
101 7
199 42
193 106
194 138
8 0
169 112
149 105
178 30
75 38
146 122
156 54
131 9
156 154
165 150
176 29
78 41
67 60
153 3
154 26
109 30
131 6
142 7
101 11
163 57
192 59
164 31
47 3
17 13
135 19
81 70
165 51
171 130
191 121
90 68
167 20
129 59
97 94
183 34
186 147
130 3
54 27
196 33
85 72
98 44
82 35
199 156
199 189
100 61
166 130
187 114
24 16
196 163
142 12
157 50
198 117
151 35
192 170
185 84
182 72
193 161
117 90
191 166
7 0
145 19
105 94
77 36
198 176
151 140
189 4
106 98
167 31
187 112
176 11
64 4
142 135
117 105
69 61
186 137
186 150
125 4
177 85
94 66
60 58
102 40
87 60
75 42
125 76
89 33
183 10
123 70
122 103
80 63
171 49
49 26
111 81
100 50
163 91
96 89
130 109
185 149
85 39
85 47
187 49
121 73
175 84
76 23
186 88
188 111
79 38
35 32
126 102
98 56
81 68
125 91
89 23
123 71
158 65
137 92
184 82
146 37
129 86
181 101
189 83
127 107
193 11
109 3
16 8
191 153
160 24
32 4
141 27
185 112
184 36
192 64
191 21
161 110
187 115
141 71
152 13
101 50
141 47
15 0
153 4
74 69
98 80
132 119
45 32
143 18
71 29
110 40
188 121
155 56
152 135
187 55
24 6
57 46
157 35
163 37
190 65
134 34
94 43
160 44
154 39
145 73
197 35
143 70
168 134
58 39
143 84
109 19
99 52
109 6
181 9
130 66
52 14
152 141
95 2
86 28
128 99
106 20
96 23
168 57
62 11
186 36
168 118
139 24
17 16
141 66
75 34
182 76
4 3
134 7
74 32
172 97
108 26
150 117
128 6
140 54
175 89
117 71
101 8
175 147
76 11
183 25
159 70
160 110
40 23
134 133
166 44
189 25
145 142
111 24
87 25
199 118
122 104
151 11
68 31
133 113
139 102
100 89
153 90
195 15
131 105
179 68
167 144
170 94
185 127
178 137
73 26
55 5
156 123
82 71
161 6
92 73
137 28
138 77
160 83
76 45
194 20
101 36
102 68
85 15
161 146
98 57
113 90
134 22
184 23
110 23
197 15
177 111
100 91
119 86
132 39
161 28
92 5
188 26
167 11
150 36
91 53
188 129
141 61
91 42
122 112
177 176
92 13
177 2
177 118
50 8
125 39
198 155
123 6
167 72
171 59
131 119
90 79
194 135
149 9
189 66
105 27
152 59
92 67
191 182
148 122
72 11
140 111
14 6
87 22
183 51
133 94
194 189
192 43
97 43
178 129
174 122
105 93
193 154
166 11
146 61
186 82
158 34
122 78
115 66
152 89
199 149
118 51
154 10
110 78
113 66
197 165
83 62
155 125
176 132
82 10
144 32
191 96
127 100
144 49
98 85
162 58
191 24
161 127
149 34
117 31
176 66
198 133
167 88
157 36
157 147
109 34
182 36
161 18
78 27
131 13
168 142
139 106
49 34
123 107
181 73
106 0
34 18
139 136
130 76
62 28
74 22
199 36
92 38
50 19
60 45
179 82
171 101
196 101
112 90
162 101
22 9
137 43
171 163
135 74
126 44
159 147
199 18
154 93
188 154
110 25
62 34
198 4
141 51
198 80
33 15
139 6
182 30
197 74
156 7
58 36
143 81
33 2
72 24
165 106
173 114
143 91
125 120
175 139
59 33
128 29
104 67
76 72
101 90
185 160
117 16
141 29
18 2
118 11
114 31
85 80
173 152
89 38
160 57
155 66
160 66
68 14
95 60
68 28
97 92
188 20
70 39
34 4
32 6
91 31
176 34
170 38
46 24
165 74
148 28
74 9
116 20
125 52
134 85
154 17
195 176
108 86
122 4
39 11
189 169
120 15
128 116
145 130
99 19
37 27
189 128
79 43
122 46
165 73
183 78
82 79
183 103
134 4
176 18
153 68
141 85
121 61
196 32
17 7
103 97
153 46
127 25
153 130
199 39
168 84
143 7
83 58
195 169
109 47
92 79
142 18
180 39
163 51
127 84
199 117
188 96
91 80
175 141
136 2
150 26
84 72
137 97
81 63
90 20
131 99
195 120
194 102
99 88
144 89
160 94
81 69
183 28
100 87
149 33
87 68
180 60
62 18
156 144
132 30
62 8
176 85
59 8
89 67
186 103
172 19
132 51
123 25
169 148
188 7
104 18
89 26
97 11
175 30
196 36
118 22
157 27
170 114
47 22
110 84
130 22
108 103
170 124
175 73
199 168
91 67
134 83
120 46
99 8
189 1
58 14
188 101
180 146
158 98
99 5
172 16
70 29
147 88
67 46
136 118
160 10
188 71
150 123
117 59
197 124
114 112
31 27
119 74
184 77
165 29
139 133
185 40
108 102
161 1
127 80
124 85
100 92
178 64
190 12
24 2
152 101
163 80
82 33
43 23
166 131
105 22
135 58
152 65
39 31
27 22
105 101
145 37
123 90
126 13
164 124
139 118
52 6
198 5
182 11
199 94
179 17
161 87
198 196
66 25
177 117
168 88
192 45
171 33
126 97
62 29
102 32
175 80
154 104
191 90
144 100
120 47
108 53
185 113
164 118
144 142
149 6
103 13
154 52
96 15
198 137
163 11
194 55
66 20
23 21
170 99
150 69
88 25
61 56
177 64
161 43
146 124
159 51
172 118
158 130
106 31
176 32
68 32
151 2
172 128
101 98
151 70
66 49
179 37
62 57
68 45
169 165
150 104
22 0
70 16
46 13
106 93
180 120
177 47
36 3
169 153
179 34
60 24
145 31
144 93
106 48
37 7
165 126
44 0
193 128
133 109
140 60
162 5
133 37
162 130
147 85
99 76
162 77
197 133
170 81
103 88
106 68
128 108
77 6
67 14
93 38
173 60
180 161
176 22
143 125
75 12
61 59
161 138
133 79
122 41
175 135
21 7
162 152
112 75
158 18
121 98
14 1
183 19
190 120
178 128
127 93
188 57
132 129
183 45
172 94
79 31
196 56
150 25
119 4
153 146
9 4
162 80
93 81
139 36
59 27
117 17
133 12
122 120
127 39
113 92
130 40
93 34
104 85
166 90
146 119
178 161
64 16
180 160
111 64
111 58
128 81
199 26
121 14
194 104
181 45
149 26
108 65
101 78
183 100
187 133
167 74
121 21
106 36
140 61
155 50
174 29
165 67
82 57
178 54
190 97
108 56
92 60
145 104
45 29
51 17
47 30
64 37
38 19
168 71
159 110
147 109
156 90
188 178
133 99
195 185
43 35
174 147
136 75
154 57
53 25
167 71
71 22
153 99
197 160
174 170
193 88
135 12
189 118
154 107
165 43
189 110
34 23
75 20
109 88
119 102
178 170
148 52
143 96
128 2
132 74
183 113
199 86
66 0
190 1
170 48
187 127
198 3
160 34
195 162
53 52
126 21
164 73
165 61
166 45
68 35
191 106
143 121
150 145
157 60
193 142
35 8
53 41
62 37
178 114
180 62
152 86
164 127
188 11
182 9
115 44
80 33
147 90
172 89
192 175
126 36
179 75
191 132
191 8
84 1
58 31
170 137
109 93
195 146
108 3
100 40
136 32
154 95
126 101
136 50
105 9
178 75
59 54
132 72
124 56
143 93
94 80
196 83
170 63
131 98
198 191
124 27
160 74
142 118
181 17
191 56
175 132
103 11
157 104
115 104
88 69
109 25
67 53
121 89
151 29
127 37
186 77
72 55
104 39
175 85
47 12
89 31
185 37
103 67
159 59
191 59
121 42
147 12
168 145
38 29
37 10
196 173
142 61
124 42
137 76
187 84
128 106
23 5
148 7
161 121
182 74
158 143
198 101
119 91
164 139
147 91
60 47
160 29
161 152
85 10
58 21
189 84
174 71
180 32
97 67
144 64
171 127
184 150
144 44
186 3
173 96
95 49
124 96
112 59
86 68
157 134
60 43
172 123
182 126
175 91
134 64
27 20
181 180
146 24
197 176
158 145
180 64
122 75
81 41
65 41
132 47
72 12
168 65
67 40
172 119
186 172
166 121
108 45
103 76
153 76
67 20
112 62
189 22
107 3
163 119
34 2
59 7
73 29
150 40
190 14
68 41
108 38
161 144
179 102
103 33
191 42
150 94
102 49
132 106
148 40
151 100
135 4
44 4
183 32
46 26
165 138
176 7
181 37
122 89
29 21
15 8
191 68
99 85
193 105
170 9
189 85
193 177
196 184
117 55
199 27
71 15
85 42
107 88
98 21
176 175
37 17
160 5
63 56
110 76
177 157
196 155
87 66
193 78
193 116
92 6
68 9
156 145
164 38
71 54
176 35
184 57
133 18
196 167
169 51
32 13
176 40
121 2
186 158
148 129
181 166
42 23
64 50
53 15
103 79
191 11
39 13
96 28
113 67
91 72
158 123
143 73
53 7
183 40
124 77
124 29
72 25
170 49
58 4
37 31
193 168
98 11
185 122
144 111
173 4
78 34
185 119
121 10
127 2
145 131
169 6
146 137
165 33
176 167
176 154
126 4
21 2
33 8
157 48
140 16
144 58
26 8
177 56
189 113
76 7
175 27
113 47
54 47
93 25
107 63
156 108
155 129
178 147
119 22
183 159
162 117
105 54
135 122
46 12
85 33
175 107
31 9
39 26
84 3
112 20
149 99
139 92
102 60
144 87
187 125
137 14
189 75
197 126
56 48
49 28
167 66
147 46
189 165
144 0
77 18
116 48
88 67
73 63
110 31
173 156
79 26
11 10
169 8
194 103
125 13
110 59
95 59
132 97
41 13
102 36
71 7
126 8
132 124
114 25
54 7
86 64
144 96
151 9
73 8
186 60
98 1
118 95
189 103
60 59
149 147
140 118
170 40
110 35
129 2
174 154
86 76
198 114
127 35
150 67
159 15
165 151
161 41
30 4
108 74
109 61
173 36
86 8
120 82
111 46
195 78
161 61
50 3
90 10
152 6
70 13
168 90
56 3
172 63
188 161
183 151
172 152
117 57
115 81
73 33
157 122
146 51
182 68
71 45
156 28
55 19
135 124
183 164
189 91
195 119
107 36
57 44
187 119
156 22
191 110
153 63
68 66
189 63
154 91
96 35
183 119
129 98
89 49
165 25
50 4
170 145
90 29
155 108
180 81
145 122
125 63
127 4
159 155
161 17
188 149
75 71
53 21
179 50
165 98
141 98
70 48
120 72
167 101
101 80
176 142
58 5
163 149
153 45
96 8
109 43
55 30
81 40
132 123
146 101
146 107
111 8
182 146
99 47
114 36
176 120
182 62
92 59
4 2
180 144
44 9
101 46
190 5
53 34
3 0
112 40
145 117
194 190
127 48
194 151
192 49
56 41
136 76
106 58
156 97
106 46
156 32
47 39
193 16
90 66
158 118
126 87
170 150
176 19
131 4
173 59
69 65
157 120
102 39
189 101
104 94
198 195
166 69
125 115
151 129
151 83
165 157
27 18
78 25
78 71
185 85
142 77
74 25
134 108
198 23
180 57
91 51
91 85
109 54
82 69
106 11
108 93
160 2
141 50
163 16
194 173
158 141
129 0
186 183
118 66
106 78
28 1
182 166
195 100
182 160
156 132
195 63
48 11
170 136
120 101
170 31
173 107
83 3
150 76
135 87
198 197
125 56
175 48
186 50
111 60
35 0
104 4
198 86
162 49
197 127
187 30
168 52
111 69
157 135
21 6
153 39
56 49
185 172
181 44
165 52
74 17
171 21
151 1
198 120
137 114
125 1
143 19
185 140
106 49
132 23
102 33
133 71
186 84
147 127
81 1
180 16
119 110
118 78
55 53
157 24
150 96
184 26
178 28
177 99
190 47
109 57
133 74
172 161
193 82
50 33
160 58
57 12
77 35
190 172
190 186
117 51
156 19
186 32
97 55
179 35
131 113
66 39
149 103
129 61
191 41
109 21
58 43
131 11
160 76
160 98
199 17
89 86
87 0
188 128
156 131
123 34
122 25
157 10
137 106
164 77
160 16
176 117
125 41
162 20
170 123
137 33
109 84
168 149
171 67
196 50
164 136
158 146
116 83
153 11
169 145
106 55
199 7
172 31
58 45
146 64
63 59
179 158
96 69
183 80
101 72
105 1
124 81
32 23
118 63
137 90
108 20
96 85
147 103
117 8
28 14
98 16
11 0
130 19
109 87
97 49
184 141
15 1
88 49
174 157
172 87
192 181
114 95
62 21
158 114
61 40
38 2
156 1
78 16
43 2
196 47
150 124
109 20
182 51
137 62
128 119
52 11
128 123
195 89
134 105
86 29
141 57
147 31
109 9
156 137
96 92
56 43
152 94
191 155
69 31
102 29
157 42
167 115
75 5
196 9
87 61
192 82
135 97
183 85
182 84
84 33
73 19
138 30
96 31
141 126
181 36
169 86
71 61
176 36
91 77
166 143
158 85
148 107
7 2
115 84
152 25
135 79
191 45
63 32
136 24
97 24
169 89
119 1
131 108
111 27
90 82
169 90
65 12
149 118
169 122
112 25
141 122
39 3
133 104
151 6
168 139
159 56
149 39
64 51
66 22
78 20
125 32
60 14
74 37
141 34
47 13
133 23
187 93
183 79
137 46
125 20
193 163
103 9
192 187
128 19
197 22
111 21
114 10
172 53
85 67
61 4
174 58
111 10
161 80
150 93
162 30
137 107
113 56
76 38
199 48
99 56
132 92
69 42
54 9
178 164
152 150
77 74
170 26
50 16
72 7
165 143
155 131
162 119
166 82
97 56
76 30
173 65
183 111
164 53
166 73
157 57
161 151
123 89
47 41
163 20
49 15
182 104
63 37
166 17
83 22
181 81
155 18
155 27
198 145
173 11
146 138
146 140
187 156
151 82
131 48
133 112
158 157
195 98
185 4
87 55
199 119
157 16
171 119
145 143
56 12
190 17
110 8
191 123
57 22
176 169
146 116
187 106
137 117
168 42
196 166
185 39
148 1
88 74
156 104
155 58
103 57
72 60
37 6
90 19
75 25
179 171
144 47
86 46
179 135
198 186
153 121
199 182
138 120
177 48
66 1
182 123
133 36
90 11
138 3
198 185
192 38
155 48
197 91
183 112
74 19
192 163
102 73
175 19
158 46
54 43
136 83
120 108
148 125
141 37
186 72
154 74
146 102
189 115
83 36
144 59
168 128
78 52
124 25
159 63
111 18
151 128
177 145
34 17
99 75
159 108
116 52
174 47
38 37
198 115
155 43
193 172
38 35
163 108
56 45
17 8
180 91
137 29
128 83
28 8
120 24
78 50
96 87
108 62
27 5
151 93
151 131
76 68
180 164
157 90
164 121
196 69
47 27
109 12
60 56
123 31
52 21
160 123
181 16
137 81
167 42
183 144
73 53
193 90
194 164
154 29
151 84
145 32
33 30
121 43
112 56
148 69
113 25
186 28
148 90
151 39
151 51
143 53
126 65
84 75
140 71
49 10
16 0
93 90
155 25
63 8
155 75
72 53
185 60
176 155
92 56
186 162
142 14
37 18
194 82
158 97
179 71
68 64
66 51
161 7
146 144
123 5
104 2
195 22
106 57
194 154
199 84
197 11
45 20
164 90
129 109
74 46
144 38
159 101
65 47
122 106
196 182
128 7
64 0
170 169
199 22
191 22
168 45
176 83
47 2
34 13
24 0
119 15
190 168
157 25
198 96
138 13
61 57
74 66
177 88
51 47
183 36
195 2
194 63
171 13
183 67
136 19
166 9
163 17
146 93
134 49
136 103
150 55
143 106
169 126
173 109
99 45
186 131
54 25
43 31
176 64
156 138
171 55
130 51
166 162
170 66
164 97
117 4
44 15
188 179
150 134
172 69
136 85
76 59
76 10
74 27
91 4
199 140
176 163
62 4
54 50
140 4
157 26
107 10
180 140
179 170
140 80
75 74
105 7
189 111
151 66
55 47
162 46
147 86
182 53
142 139
50 26
149 88
114 60
164 92
198 8
190 129
187 85
111 95
137 96
114 22
35 9
144 85
110 88
104 81
154 21
101 38
95 91
175 52
145 107
153 73
93 22
162 95
130 92
164 111
197 181
141 70
59 55
133 92
176 17
156 124
135 35
84 46
92 41
156 101
177 91
181 103
175 63
191 180
57 31
142 11
80 18
138 82
80 8
166 79
150 8
161 38
124 6
199 24
95 92
175 64
158 116
77 47
181 127
155 152
133 121
154 41
151 16
74 6
197 45
190 74
100 69
166 115
28 3
76 32
60 13
89 17
67 1
40 39
145 5
179 2
188 62
39 0
185 98
192 121
145 110
175 29
166 146
94 51
148 111
172 22
174 132
87 73
81 61
197 179
117 19
185 70
99 30
13 11
118 35
158 0
105 96
141 1
77 23
126 80
75 61
46 6
162 114
95 39
101 63
180 108
114 72
127 83
127 40
167 26
42 8
57 48
197 23
175 82
180 100
127 117
131 15
32 11
158 120
77 54
88 19
165 94
10 5
196 189
121 63
93 2
155 46
144 84
152 121
180 118
164 27
197 69
93 72
162 144
182 129
111 102
159 92
140 21
190 112
172 160
139 15
168 56
192 119
111 36
62 42
124 33
177 54
168 64
173 24
115 13
184 44
40 21
163 12
74 10
105 66
55 15
145 126
177 133
193 37
152 119
196 60
166 43
46 36
186 97
152 61
184 45
153 138
175 87
190 58
97 88
188 86
183 41
81 4
114 102
105 51
171 159
193 144
173 33
191 177
158 78
114 67
154 15
130 125
154 18
172 115
154 55
102 100
117 84
94 45
149 101
25 15
68 23
112 17
151 145
158 101
146 98
184 161
98 42
183 178
149 48
125 26
65 59
114 53
124 66
145 18
191 172
160 90
86 30
137 118
166 125
165 142
119 92
182 137
90 38
25 6
193 147
120 48
166 126
149 43
101 57
44 28
13 5
190 73
171 30
187 111
177 16
190 161
159 154
77 59
90 16
89 56
160 46
79 7
71 62
41 10
182 162
97 87
84 79
118 96
144 67
66 45
81 78
80 28
47 35
144 98
74 56
89 9
81 0
57 42
135 51
160 1
189 58
168 33
137 7
113 6
24 14
153 137
91 12
144 57
194 36
95 42
189 187
192 11
195 141
96 50
177 130
190 29
177 132
138 34
155 2
184 80
103 89
189 176
112 66
169 75
181 58
95 5
188 8
178 66
119 101
58 40
72 39
183 82
38 12
149 123
198 42
182 17
181 174
150 18
126 32
148 131
60 33
105 38
92 10
158 121
155 98
119 5
159 54
103 32
83 37
154 89
199 187
121 31
155 109
43 34
192 101
198 179
189 76
162 13
89 63
193 67
12 11
55 20
199 181
130 95
177 69
152 52
194 87
116 87
154 33
32 24
169 94
178 130
29 27
176 122
132 120
88 72
193 28
190 18
145 13
113 69
137 58
146 113
93 62
101 82
79 65
147 29
159 142
195 152
101 34
124 79
174 32
133 43
126 27
196 66
78 66
187 81
185 161
174 23
188 140
155 8
153 59
194 35
113 51
141 112
123 3
112 43
137 21
153 17
71 37
183 116
53 12
142 31
129 7
186 126
186 86
195 13
119 78
155 84
195 173
171 45
80 60
61 31
143 92
94 53
174 155
184 137
74 42
96 59
58 7
113 28
68 37
51 15
196 58
27 3
155 10
107 25
99 41
171 113
192 57
198 14
106 38
188 108
174 121
185 73
188 43
48 41
195 126
148 41
160 97
159 158
108 25
166 25
184 124
167 68
195 12
155 79
182 156
194 15
92 51
161 112
88 29
44 24
60 39
77 8
107 16
180 59
77 62
109 51
139 109
163 31
56 51
93 54
189 156
41 35
181 85
53 30
45 26
170 42
69 14
135 57
97 48
169 12
77 19
121 60
139 44
86 73
144 76
79 14
179 7
150 60
129 83
95 75
84 74
195 47
178 14
114 78
61 51
145 24
95 36
173 49
189 123
179 149
185 22
113 39
160 17
139 137
108 73
191 81
169 124
163 81
129 77
166 26
189 179
156 5
150 28
120 97
93 33
179 3
133 21
136 121
181 136
80 55
190 159
77 30
122 9
117 58
101 88
158 5
34 20
59 42
182 13
68 54
199 68
124 3
166 161
145 22
189 173
87 2
119 70
171 76
162 151
102 66
96 73
91 61
188 12
174 19
63 11
163 29
119 38
95 62
186 178
128 76
169 83
105 28
58 13
50 7
137 41
139 115
155 110
185 99
121 37
65 0
192 20
198 9
160 96
104 48
162 1
164 76
102 55
126 60
179 130
161 106
169 54
194 28
121 7
137 73
156 45
192 58
183 109
198 132
155 94
192 118
69 66
113 74
137 128
180 175
171 43
172 84
77 49
159 24
166 22
87 84
116 106
164 5
171 137
171 131
192 92
173 35
113 19
58 10
132 25
98 20
130 6
139 14
47 7
39 5
111 71
133 61
181 125
123 16
99 13
196 106
172 6
191 95
56 33
158 30
199 96
184 151
103 1
194 152
111 38
184 65
194 184
189 184
32 17
192 37
53 31
181 114
178 61
165 87
144 40
160 70
121 50
70 55
185 167
101 40
90 40
104 20
117 85
31 17
70 31
96 62
174 42
182 136
169 22
193 138
112 7
168 40
48 18
126 118
157 4
153 126
139 32
152 60
144 51
187 168
118 37
182 16
114 108
125 71
56 27
24 17
166 114
67 47
171 114
195 38
43 3
40 16
139 107
100 72
187 117
104 29
157 9
143 79
159 111
161 141
162 48
167 27
99 53
104 70
154 87
145 105
170 95
46 25
187 90
130 115
49 32
30 16
147 53
148 91
171 38
109 42
112 94
98 17
198 161
105 33
163 70
196 157
73 58
186 12
183 182
182 80
173 124
177 24
148 61
139 128
46 31
96 25
42 26
128 24
79 10
194 117
22 20
166 113
79 41
167 99
149 133
138 133
62 52
77 31
184 117
66 5
146 33
179 16
194 69
149 81
163 3
192 85
162 43
70 50
173 43
114 89
142 102
145 42
167 136
108 63
101 4
173 23
122 56
101 39
132 27
181 110
194 118
48 39
118 47
142 6
49 7
112 65
166 111
134 90
160 25
173 117
160 149
178 90
174 118
58 23
176 3
140 25
117 82
95 72
175 79
118 113
173 167
195 59
118 6
110 36
67 50
118 116
192 33
102 78
118 23
58 15
48 32
160 153
197 67
104 63
142 21
54 32
193 79
178 53
105 8
83 69
32 16
171 84
126 113
81 29
177 21
188 123
111 109
92 17
86 66
130 24
121 103
151 88
172 74
31 2
192 138
134 2
138 75
169 71
136 42
170 20
93 66
185 44
33 5
143 54
55 39
175 62
63 20
199 3
106 100
197 103
184 101
148 104
168 87
80 79
105 55
129 127
93 6
91 65
143 65
72 64
156 115
180 156
54 38
24 4
153 34
180 172
139 95
113 102
179 1
139 129
159 29
170 159
196 165
38 28
83 29
133 67
75 22
103 84
140 110
120 5
179 152
174 6
86 27
173 121
132 78
164 66
78 61
157 77
94 7
157 131
68 34
47 28
90 48
195 16
149 96
165 95
88 10
196 116
189 26
126 55
130 4
165 121
150 64
102 54
180 65
186 80
174 78
140 133
158 42
117 66
60 7
137 68
195 30
104 46
146 16
143 127
144 31
163 49
181 108
144 88
170 156
198 44
172 73
198 144
197 171
154 27
111 9
75 52
95 25
142 24
188 30
50 48
50 13
95 10
33 14
140 84
7 4
120 3
196 181
157 146
111 98
141 22
193 32
118 91
118 69
115 90
152 3
179 39
120 98
166 93
131 8
159 126
139 100
160 85
134 27
69 39
182 139
134 3
162 71
54 22
154 54
98 66
122 53
188 106
156 13
180 122
108 78
145 127
173 15
193 115
194 76
194 134
157 142
58 1
171 41
106 53
122 100
126 31
88 23
95 16
93 74
185 43
129 28
98 33
197 101
63 55
174 98
134 17
193 46
156 42
183 165
155 133
103 39
164 8
20 18
175 38
188 17
138 105
149 69
193 184
170 7
82 4
156 11
167 95
54 3
198 113
130 2
81 74
186 20
166 151
196 170
38 33
196 187
181 46
171 118
49 18
130 86
184 99
103 43
142 64
198 38
88 35
196 161
193 124
165 46
196 12
185 58
82 21
127 60
124 7
146 85
141 86
179 40
150 95
69 57
163 6
68 40
143 38
144 83
78 10
80 49
128 97
170 142
79 57
59 35
27 11
150 85
189 77
145 8
63 62
35 24
133 93
110 103
65 52
180 142
194 168
170 73
31 11
54 26
187 73
154 134
106 81
94 14
86 6
193 118
163 109
193 159
115 57
32 2
198 89
188 177
166 140
131 75
147 63
139 96
53 49
93 36
171 46
127 105
144 140
79 18
151 113
175 77
185 42
26 24
117 100
86 82
104 68
168 154
166 119
154 142
163 64
140 107
130 111
122 16
122 35
182 149
58 32
88 37
169 66
39 21
83 63
173 50
162 108
174 11
196 144
197 113
137 75
144 112
148 80
181 18
91 43
186 166
140 101
140 93
53 45
102 0
155 124
94 56
153 22
167 107
112 102
178 101
45 6
171 27
180 159
164 33
83 17
129 65
81 28
113 59
119 60
184 76
145 133
197 27
199 142
164 37
106 71
136 114
44 5
155 11
145 140
155 116
176 129
191 145
28 27
92 1
151 44
103 29
71 14
176 12
76 60
164 88
116 16
103 22
147 45
147 142
128 80
160 155
160 84
175 57
194 172
174 14
129 58
169 42
178 157
47 40
126 105
177 63
103 63
25 3
188 10
165 39
146 4
139 29
181 13
78 8
142 93
62 58
107 60
156 26
112 68
158 2
73 7
130 121
188 50
183 122
134 60
123 13
199 100
154 147
199 55
152 50
102 53
134 87
131 1
187 177
78 68
177 58
108 52
172 1
49 27
186 161
172 168
187 154
196 71
45 3
173 14
199 116
71 1
117 56
144 1
105 77
122 27
12 10
49 19
181 8
77 60
20 5
86 18
189 27
38 11
197 39
144 129
185 55
161 111
160 145
171 160
177 100
90 30
52 23
97 93
152 139
176 93
191 9
43 14
101 56
185 176
175 174
157 83
150 140
181 154
103 28
51 42
193 122
16 9
134 20
35 31
149 28
104 34
156 94
97 73
131 95
188 63
79 11
46 15
89 29
152 23
117 101
160 102
182 90
198 75
65 58
145 25
60 52
126 14
179 101
98 95
199 159
190 45
180 90
93 16
47 38
132 68
153 83
161 104
131 24
106 3
169 61
170 108
143 67
187 25
191 164
48 23
28 18
167 21
151 33
142 96
53 6
85 30
161 3
130 71
164 79
149 140
161 19
189 157
197 125
124 118
29 13
85 70
191 91
177 84
113 88
181 146
146 56
181 138
161 10
74 43
150 62
131 35
167 145
92 66
159 100
87 31
85 54
151 147
128 96
102 75
194 3
120 17
117 46
141 33
146 73
147 77
160 61
44 37
62 30
51 0
149 143
191 102
87 1
151 81
118 61
50 10
81 30
186 96
77 64
157 133
153 91
165 119
165 78
170 39
79 70
116 53
185 13
158 54
64 57
74 54
194 49
166 53
145 80
124 64
53 0
59 40
160 140
173 17
64 44
34 28
104 19
164 69
167 146
161 143
182 130
131 70
199 66
173 53
182 108
39 33
177 44
127 71
51 23
73 35
176 28
91 58
197 102
115 111
120 38
97 81
164 94
92 36
182 133
65 4
138 136
138 51
199 127
192 113
120 68
113 36
196 44
22 7
155 81
155 96
131 44
101 2
154 56
193 5
159 69
160 4
46 38
151 5
178 105
131 59
97 35
122 0
88 79
98 31
79 48
185 150
114 5
100 84
82 59
126 88
117 13
185 108
135 14
175 146
42 21
138 25
181 111
172 169
113 21
148 113
79 34
69 37
136 129
86 57
81 17
98 71
57 7
55 54
181 133
102 59
137 125
166 60
138 122
123 114
146 71
187 16
140 15
174 67
89 68
181 52
72 0
36 33
76 62
96 47
29 1
19 1
177 75
199 144
108 13
45 34
169 146
190 189
129 20
122 63
199 47
39 37
162 110
120 31
193 76
43 22
177 94
195 110
180 129
169 76
187 182
142 95
36 0
109 63
119 58
152 9
186 107
196 78
98 5
110 97
169 17
140 7
129 43
154 31
111 13
131 49
115 95
113 29
75 15
167 158
132 107
140 9
98 22
115 30
175 45
186 41
182 117
195 102
166 163
142 134
130 117
137 82
82 29
167 96
174 15
21 11
192 36
70 54
113 105
96 40
89 0
36 23
117 79
144 101
152 1
198 77
186 71
82 72
163 66
103 24
147 11
130 113
187 137
157 7
117 83
101 49
83 31
51 25
188 127
117 22
130 12
186 46
190 60
173 112
174 106
149 85
183 74
174 169
190 13
52 17
89 57
120 80
157 58
150 106
172 142
46 11
119 53
98 86
179 142
177 143
188 119
100 4
186 111
31 29
50 2
34 22
74 36
188 2
193 74
193 166
97 40
51 2
178 108
111 97
189 98
67 62
44 25
71 38
138 19
107 5
146 32
139 73
106 42
149 21
155 65
44 27
66 31
42 7
175 36
76 19
199 196
70 21
115 105
29 8
148 42
176 41
87 71
149 54
158 148
100 19
168 76
192 15
160 31
70 14
118 0
154 40
130 62
137 59
118 24
140 52
143 113
56 39
154 78
159 82
64 13
133 29
116 90
164 132
163 65
151 115
158 82
194 7
184 166
76 20
190 111
158 91
22 11
186 35
154 113
132 17
53 20
104 12
150 132
88 75
66 55
123 44
199 95
177 19
180 80
74 34
164 1
145 65
123 116
95 77
157 18
128 58
164 86
133 27
178 6
152 104
120 6
107 64
124 31
134 24
93 51
170 34
87 50
36 30
56 44
136 81
143 12
100 42
9 1
168 85
196 19
146 26
188 182
46 7
197 41
152 122
198 178
193 29
33 9
193 94
156 12
37 22
178 150
95 18
82 12
168 105
68 51
148 55
182 65
174 73
64 7
16 4
124 15
146 45
166 16
149 46
195 64
90 81
122 95
161 40
195 168
174 120
149 90
131 64
89 36
194 43
183 105
175 102
139 43
26 13
174 143
172 162
184 63
73 34
186 92
188 148
143 21
50 29
75 23
175 75
82 76
189 37
143 108
125 40
177 17
117 41
154 9
142 107
195 182
199 25
63 9
66 62
190 185
194 139
89 42
140 125
183 127
146 84
113 50
54 6
196 49
153 55
99 73
166 135
196 111
172 138
142 99
52 12
199 151
86 78
138 54
151 139
60 20
71 47
59 6
107 51
156 130
163 8
76 18
70 66
160 114
110 80
144 29
137 13
79 27
178 132
190 147
187 40
174 114
178 49
198 152
75 68
138 131
194 11
190 25
115 25
149 8
199 81
144 61
194 34
186 148
47 33
103 81
149 91
135 16
163 101
178 117
133 17
193 61
176 47
141 2
173 2
179 51
141 59
165 145
101 54
86 59
128 59
100 79
194 166
166 19
168 17
98 40
82 62
14 2
159 43
116 68
125 104
194 31
163 158
120 50
183 136
9 2
180 150
78 19
165 22
139 53
153 108
140 17
171 143
60 5
192 46
52 27
140 24
170 97
132 32
96 6
105 100
116 102
108 58
183 1
75 66
139 86
198 50
166 12
171 40
90 17
165 131
126 95
181 62
159 153
49 12
167 62
115 50
115 4
83 80
51 35
116 79
101 100
169 166
181 126
137 121
