60 27
72 71
67 11
77 31
44 8
62 44
81 46
50 20
32 10
68 35
73 61
86 20
37 26
46 2
72 64
97 63
86 74
55 47
81 4
86 60
54 31
96 43
77 15
90 70
98 65
91 26
85 29
48 25
58 2
41 0
36 24
99 14
88 56
58 31
38 30
57 53
90 7
26 22
54 30
73 5
99 90
96 73
12 3
96 68
58 55
91 84
79 28
17 9
85 25
74 37
59 23
50 7
94 7
69 67
95 71
45 37
79 34
55 45
85 68
24 0
84 6
92 10
15 5
37 34
40 2
81 11
62 61
54 38
78 1
98 60
73 65
98 31
77 67
22 18
70 51
52 12
78 53
71 59
65 19
78 68
88 54
89 29
91 58
62 54
89 50
94 27
91 50
46 41
94 52
46 15
99 58
91 56
50 13
3 2
78 42
24 13
84 34
94 37
90 41
31 16
17 15
50 8
74 27
96 46
40 27
39 24
20 0
74 19
55 42
45 8
16 2
95 87
75 30
75 21
80 62
32 5
32 30
69 54
47 27
67 63
95 21
48 13
94 58
82 79
30 14
66 48
29 27
84 37
66 3
86 70
44 21
84 12
91 29
55 50
96 80
28 27
83 8
84 8
53 47
97 57
33 5
88 7
58 28
88 37
89 40
79 39
26 6
89 37
68 16
72 52
89 45
36 0
78 12
75 50
13 10
83 82
20 19
91 85
60 36
81 35
68 9
85 2
98 52
44 12
80 46
62 21
71 62
87 30
93 36
60 57
66 25
90 32
38 28
99 25
58 56
14 7
24 21
25 10
65 1
74 65
94 8
6 5
98 70
78 45
57 54
38 18
85 56
93 41
65 29
78 19
72 56
99 41
65 37
45 22
43 0
32 9
86 22
74 62
47 36
30 28
61 9
85 14
99 71
58 4
71 3
73 7
87 81
25 14
41 10
79 62
56 36
73 50
81 27
73 29
67 10
99 6
86 2
54 50
39 2
39 22
64 51
88 63
82 15
48 33
91 19
86 63
60 53
93 80
52 3
84 4
69 53
59 43
85 11
99 95
79 59
77 24
31 22
91 77
99 68
80 39
57 16
56 44
85 39
50 31
84 24
25 2
45 1
92 89
80 43
89 68
93 87
85 21
62 37
73 44
33 23
89 86
14 12
70 19
77 11
60 43
34 3
76 40
74 60
83 68
57 39
30 2
47 45
84 55
84 64
4 0
31 6
96 1
73 70
97 11
72 42
55 20
55 51
95 59
60 1
99 79
80 68
90 28
97 69
69 38
90 63
83 67
70 30
45 40
92 65
30 15
20 8
89 13
59 19
63 12
87 70
80 47
49 26
79 21
75 6
8 2
58 16
43 18
57 1
93 29
82 51
90 30
84 83
73 68
66 39
61 24
72 70
61 26
80 20
12 1
78 23
68 53
65 18
74 21
70 8
86 78
86 35
84 73
80 14
70 20
85 36
61 11
64 15
78 32
45 25
62 7
70 49
82 63
65 12
38 25
28 6
87 79
18 10
63 54
97 59
17 3
96 27
75 65
95 14
66 32
89 62
67 8
93 77
84 29
38 14
67 43
87 76
88 76
90 87
56 40
26 17
86 73
88 57
95 1
57 20
44 20
61 22
90 22
77 40
95 72
52 23
24 10
85 71
33 2
88 35
56 31
43 40
56 17
39 26
58 34
61 40
99 53
77 70
86 53
84 80
85 51
68 14
40 23
62 3
69 61
79 68
78 57
33 17
40 35
26 19
42 34
21 8
97 5
93 58
84 44
23 9
93 35
50 16
29 16
28 26
21 18
83 29
72 47
36 12
99 43
50 43
89 48
83 32
34 32
65 9
64 36
26 25
43 21
19 17
40 22
43 36
68 32
95 0
80 17
29 20
99 17
29 7
39 4
87 66
57 9
93 24
71 27
88 29
82 78
69 22
89 79
54 17
58 38
96 6
61 42
99 28
24 1
83 6
60 44
78 51
55 44
87 6
80 49
71 55
37 35
45 35
68 55
70 55
60 16
54 18
45 30
81 61
59 37
84 47
99 20
92 72
86 62
97 85
84 32
98 78
59 22
63 21
65 10
75 12
87 49
99 72
66 43
69 19
33 1
54 44
22 19
75 19
38 37
52 48
71 37
79 3
9 1
84 59
89 73
80 71
26 20
74 28
98 49
39 1
98 83
64 55
55 39
16 9
70 2
93 89
86 54
89 34
65 7
16 12
99 98
62 56
71 13
96 10
52 38
91 62
97 75
61 27
88 33
89 53
56 6
23 17
90 14
81 77
78 60
70 11
18 1
55 31
53 40
58 24
95 54
81 15
66 1
4 3
22 7
77 52
91 28
69 63
87 20
95 78
79 58
66 55
62 57
91 27
32 1
38 24
74 25
42 39
76 55
28 23
83 28
91 63
52 19
12 0
61 52
42 7
99 32
70 45
47 7
91 38
84 51
97 0
49 38
1 0
99 84
27 11
28 4
88 52
75 73
62 6
74 3
83 34
97 1
72 10
88 28
90 23
56 14
19 16
53 37
57 17
63 14
64 38
34 25
57 51
85 67
95 34
86 41
88 15
91 61
60 7
41 37
72 38
45 10
30 16
32 23
95 43
83 44
96 41
31 30
58 0
45 15
98 59
37 9
63 1
8 3
65 45
92 71
62 24
79 77
37 12
67 49
47 18
41 24
39 6
43 35
52 14
74 14
52 50
37 13
87 58
13 9
50 5
19 15
17 2
66 49
92 17
64 39
92 84
20 7
96 77
50 12
75 59
99 13
99 3
85 4
96 54
82 49
46 37
52 40
39 38
59 15
98 43
95 68
61 18
88 30
85 38
64 1
58 13
49 47
94 86
77 42
81 14
75 44
82 54
94 32
98 90
58 49
62 26
26 11
43 23
61 54
47 46
79 30
64 61
9 2
92 42
79 20
74 20
38 10
80 26
75 34
54 36
56 1
40 6
83 49
94 23
53 1
37 27
63 36
57 34
46 24
46 10
93 18
59 39
56 22
46 14
57 37
92 52
77 58
85 34
62 8
74 7
80 44
52 1
75 72
78 50
85 59
44 16
53 34
91 72
42 36
61 28
80 35
21 5
65 22
28 22
52 39
82 47
76 53
66 26
69 57
89 56
88 86
95 51
59 12
73 22
82 19
51 21
75 42
74 6
63 37
43 28
87 71
82 1
66 21
94 9
76 16
71 65
32 28
60 29
75 5
64 32
76 26
88 36
82 37
69 11
66 24
98 13
39 5
40 0
23 13
55 36
97 20
24 20
69 21
65 58
57 49
49 37
55 17
61 29
28 25
72 34
55 27
97 74
86 57
93 82
92 15
40 32
86 28
94 84
78 64
40 30
90 85
74 61
44 18
84 60
88 3
95 62
83 64
79 18
60 55
94 87
42 33
90 59
66 56
48 5
69 7
85 43
82 58
53 35
97 22
89 21
80 42
79 43
48 6
72 16
78 44
93 92
64 52
90 76
90 46
96 89
37 16
79 31
64 8
57 18
19 10
30 27
76 41
70 69
62 55
33 7
86 81
54 4
94 43
89 27
86 77
83 48
69 37
51 47
77 20
90 54
73 26
26 24
88 4
50 21
84 11
46 23
84 50
41 17
76 18
79 14
63 33
93 10
97 66
58 14
98 48
91 8
70 6
76 12
53 22
98 32
53 32
90 67
93 53
92 79
63 15
53 48
32 24
97 41
15 0
88 67
48 29
50 22
65 34
46 32
85 82
94 67
84 33
88 12
30 6
42 35
50 45
83 50
38 16
90 13
96 59
42 10
51 28
61 19
53 41
83 42
32 18
42 6
93 50
16 6
75 47
70 36
61 32
40 11
96 63
49 2
93 59
49 31
60 47
61 16
52 29
97 71
94 44
92 69
41 18
44 42
33 29
94 42
52 9
97 17
35 0
56 21
93 44
46 13
74 8
72 21
79 16
81 33
51 18
98 26
97 9
86 24
80 72
60 8
52 20
86 27
75 60
76 72
96 31
85 78
29 18
46 16
77 27
97 90
69 62
65 40
56 3
44 5
80 79
78 54
98 84
84 42
84 7
37 17
89 25
36 7
96 47
68 20
70 27
94 29
88 58
91 13
98 97
97 58
72 45
90 10
67 39
72 28
77 57
79 74
56 5
52 46
15 11
99 1
47 33
70 24
69 40
98 54
50 9
43 3
86 65
92 82
93 3
87 59
99 39
82 24
11 0
92 49
57 50
29 28
45 20
78 10
53 3
86 8
91 76
77 36
64 20
99 22
23 18
65 42
48 41
33 19
53 13
47 3
82 71
61 37
92 23
88 61
40 31
66 37
98 75
84 1
80 32
63 10
33 22
90 18
80 23
78 25
86 67
80 18
88 40
34 13
76 25
82 66
86 84
57 43
71 6
82 53
91 47
36 8
83 15
52 31
96 20
83 81
73 1
91 64
98 72
47 0
96 81
91 59
77 22
54 7
22 5
87 16
91 44
95 42
50 33
77 8
43 12
47 30
62 31
73 3
59 5
80 2
95 81
92 35
40 19
83 24
56 52
59 7
48 8
26 18
81 71
99 46
61 58
50 18
79 64
98 18
76 70
43 38
98 71
49 9
59 36
88 51
69 33
88 55
82 52
99 24
87 60
12 10
75 28
68 1
85 46
94 47
64 46
98 50
72 37
23 22
96 22
92 81
63 55
92 34
38 33
78 28
99 4
74 16
73 49
89 54
29 0
47 10
47 22
89 49
85 44
78 5
94 65
67 12
63 61
76 1
83 66
94 55
71 63
87 29
62 0
58 32
92 27
69 4
12 4
58 47
79 76
95 7
62 53
20 14
76 38
48 17
54 29
25 7
51 42
75 36
92 66
52 16
94 56
78 61
10 9
67 50
99 93
85 9
75 22
94 92
50 48
80 9
80 61
85 64
45 17
78 22
61 25
60 28
85 74
83 61
56 26
91 14
37 19
93 17
66 8
54 27
27 24
38 31
78 66
58 1
81 19
64 31
99 7
74 50
84 54
28 16
67 14
32 0
37 33
96 71
87 21
22 16
64 11
77 38
45 34
20 3
55 35
97 94
72 8
31 27
96 32
84 56
55 4
88 5
44 40
68 49
47 31
93 74
95 88
40 8
77 71
41 15
69 47
94 0
34 16
91 51
99 11
93 45
48 43
46 17
77 49
49 44
73 43
56 0
70 32
60 45
83 11
74 10
62 34
52 43
25 18
61 1
92 75
32 17
59 25
96 53
68 50
92 44
86 68
66 41
86 0
47 29
81 1
81 66
45 44
65 27
94 83
98 92
44 33
30 17
82 73
14 1
52 4
74 12
71 15
99 8
88 49
46 5
35 19
24 23
28 1
63 11
80 48
90 61
67 4
42 40
94 41
36 9
96 33
42 17
40 1
92 61
76 59
51 45
27 13
89 52
97 24
90 5
60 11
97 67
89 22
71 23
95 27
81 20
89 10
76 66
91 83
11 7
23 6
53 0
80 12
57 27
48 31
44 15
91 31
81 80
79 8
11 2
71 61
86 39
82 34
88 74
76 61
58 52
74 49
79 54
70 15
70 3
89 0
87 19
95 57
93 7
39 16
47 4
99 31
73 67
81 50
93 83
67 5
32 6
97 93
96 38
47 14
65 47
89 24
97 6
82 11
23 2
25 16
72 67
82 62
98 14
73 17
56 2
69 2
99 96
94 2
94 1
32 14
85 22
71 51
98 82
59 24
92 1
87 31
38 12
84 66
79 45
94 93
90 86
90 27
87 42
69 48
87 73
63 17
94 64
45 42
56 18
35 32
33 18
93 43
99 49
42 15
68 25
47 20
66 50
47 1
80 13
58 18
64 54
99 36
46 34
94 82
97 80
36 23
74 36
15 7
73 18
98 2
81 0
8 6
61 45
41 35
96 4
80 45
46 40
72 57
89 41
53 29
41 33
19 14
67 31
49 40
73 59
85 20
64 0
95 84
79 63
95 20
96 44
91 4
96 67
76 71
96 18
68 8
57 0
15 8
73 25
68 23
53 20
38 4
31 14
87 3
84 27
98 66
79 10
85 69
59 2
65 4
99 33
81 26
53 10
85 83
67 1
53 31
82 14
18 13
35 4
73 38
82 56
70 17
95 70
95 50
91 34
60 21
96 70
92 33
98 34
9 7
22 1
58 50
93 15
48 15
93 22
56 13
66 20
98 42
98 96
44 14
98 47
58 27
47 24
68 52
81 6
44 2
44 32
65 35
58 42
86 45
99 16
56 19
71 20
71 36
67 36
67 17
70 57
57 4
69 16
86 23
72 41
60 52
48 21
91 35
79 9
51 30
39 33
68 54
53 38
81 31
11 9
80 0
53 7
75 14
75 29
97 32
76 69
87 9
73 40
47 8
81 68
98 45
13 3
80 54
53 23
56 55
25 12
56 43
94 33
40 5
50 36
98 63
43 6
37 4
87 44
50 10
29 4
89 63
98 56
78 65
70 12
82 43
75 13
98 10
79 75
54 11
42 41
60 5
64 29
76 34
71 22
87 55
74 47
77 46
88 71
81 13
88 2
67 34
45 36
72 30
44 9
77 64
96 62
49 48
91 16
94 51
77 32
89 65
55 19
88 50
56 12
40 12
75 40
50 17
48 19
88 83
81 9
37 30
83 17
90 78
84 38
96 91
49 3
47 9
23 14
59 1
83 4
93 56
87 24
82 18
49 34
37 10
81 18
48 39
65 11
31 3
87 65
14 9
85 57
88 23
72 48
67 40
44 25
87 69
54 12
72 25
41 8
95 56
90 52
91 46
95 47
67 56
83 22
51 33
73 35
83 19
29 25
42 19
89 35
63 45
51 9
91 60
38 32
99 48
93 27
90 53
63 56
56 16
68 63
43 4
68 10
16 11
93 20
39 32
35 18
29 21
35 1
53 6
16 4
34 11
17 5
39 3
44 4
77 68
89 30
81 23
96 49
68 29
80 38
81 63
67 32
52 0
78 36
88 13
39 21
73 37
23 8
59 34
49 5
97 78
83 71
37 0
49 25
23 0
46 19
66 15
59 27
90 62
92 8
71 44
63 16
25 15
43 9
67 19
81 40
77 61
89 57
68 41
90 4
78 55
37 29
87 28
18 8
65 52
90 25
94 18
61 41
65 57
58 17
77 43
51 25
75 52
88 46
74 41
90 74
57 15
64 2
67 42
78 26
67 46
71 0
25 23
71 21
14 8
74 22
84 35
61 59
82 21
68 60
77 60
85 42
47 13
98 87
92 30
58 6
55 38
57 6
76 30
52 36
49 28
81 58
98 85
51 5
76 3
56 49
84 10
43 41
46 12
99 0
61 33
69 68
40 10
96 14
99 23
76 0
74 44
92 77
50 4
23 19
34 15
98 95
49 30
61 34
3 0
44 17
39 25
52 28
66 42
67 52
78 73
41 5
77 54
45 33
84 3
61 2
90 89
49 42
47 26
60 24
41 3
92 56
27 1
43 8
91 65
72 4
25 3
72 7
81 57
82 33
95 48
66 51
51 32
25 1
93 28
51 43
63 59
75 64
95 13
69 29
17 10
53 16
80 25
67 45
42 26
96 88
79 24
35 34
88 39
53 21
80 22
43 1
69 60
91 41
98 21
36 19
23 21
92 12
83 45
61 6
53 17
90 42
77 41
50 46
79 49
77 1
97 25
97 45
9 5
92 63
92 36
55 37
81 32
16 14
26 16
47 42
87 2
91 49
75 61
96 26
84 69
95 18
89 71
62 41
96 51
96 28
74 72
38 13
99 65
68 56
74 52
88 73
58 48
50 40
60 46
89 7
76 31
87 80
74 40
77 55
81 75
73 32
86 47
41 23
75 54
69 66
75 71
81 29
91 17
66 28
47 41
57 26
14 11
42 20
96 90
66 27
58 35
14 2
46 44
60 9
70 63
40 16
68 0
34 4
66 35
60 30
63 18
16 0
96 83
94 31
38 7
71 43
77 44
80 55
50 28
97 49
95 33
99 40
64 63
44 0
89 23
93 23
74 1
65 48
27 15
35 6
73 13
84 19
65 51
82 64
84 43
66 58
24 4
79 50
64 41
55 46
69 18
24 17
93 71
86 37
32 3
60 33
98 80
38 2
61 38
25 6
78 58
78 35
59 58
33 24
74 53
80 10
45 29
29 5
76 36
96 94
85 58
99 37
76 7
52 7
50 37
67 57
99 34
94 10
42 31
96 55
76 49
89 31
71 49
93 52
16 15
84 17
65 56
83 54
82 8
45 0
81 72
20 17
69 59
41 31
71 33
35 23
29 10
70 37
46 8
80 63
90 55
59 14
87 61
89 47
75 46
97 21
65 21
99 52
63 8
72 20
85 80
69 14
94 36
68 36
59 8
53 44
80 16
77 51
82 0
73 8
37 8
71 46
80 27
27 8
72 66
77 30
32 12
96 16
45 3
84 57
70 48
60 51
46 27
51 46
42 32
41 12
88 25
90 33
32 26
95 30
35 31
60 39
63 6
75 26
94 45
71 69
37 28
81 53
48 26
73 10
69 58
79 78
94 49
97 19
98 9
72 39
95 36
50 2
65 14
97 30
84 58
72 15
98 89
82 42
11 3
97 64
35 25
15 13
81 28
70 44
82 9
79 32
93 8
67 37
51 8
45 12
95 80
74 9
90 73
74 32
85 16
69 52
40 26
46 29
60 35
57 8
48 22
93 26
91 20
14 13
27 18
90 64
93 79
52 8
63 23
36 35
68 13
38 29
38 22
84 31
99 56
58 43
91 3
71 18
97 55
55 30
72 59
27 23
74 23
70 34
32 13
91 48
90 45
65 39
13 2
93 90
79 67
92 55
79 1
65 8
49 41
38 3
79 25
77 66
81 52
84 39
97 26
97 4
82 67
72 12
72 33
94 70
50 15
46 6
77 0
70 41
64 9
39 14
11 4
86 31
63 31
84 18
75 58
96 11
51 24
60 17
83 78
32 22
38 6
30 20
48 44
77 16
50 42
81 70
75 63
44 3
58 37
93 81
36 14
73 15
90 2
91 39
24 19
60 59
94 35
53 5
7 3
91 82
83 73
73 2
96 30
82 22
76 48
93 40
20 5
54 49
79 29
67 24
95 8
90 58
81 12
88 10
37 2
57 22
96 76
73 54
28 15
98 36
89 16
82 17
68 40
33 15
98 5
95 53
43 13
80 58
22 17
36 4
73 34
44 7
28 20
51 36
79 26
37 36
99 87
8 5
71 29
99 59
96 12
56 24
62 38
99 97
65 41
97 34
5 2
62 22
56 32
56 25
85 28
56 11
86 75
18 6
49 11
17 16
54 26
76 13
63 3
48 18
98 64
67 3
68 67
73 45
49 43
98 40
74 63
53 52
94 76
79 55
78 48
97 2
6 3
61 10
86 46
34 22
29 19
69 20
87 85
88 41
76 47
53 39
84 36
58 25
55 29
33 25
49 20
73 27
53 46
66 23
92 90
39 36
86 50
26 15
52 37
89 8
70 28
37 18
27 2
42 1
83 53
29 9
86 43
80 30
64 33
44 41
39 15
90 79
83 57
21 0
99 35
42 2
40 15
81 49
88 17
48 4
93 42
97 36
76 11
52 49
88 31
94 17
59 57
94 71
75 23
83 40
91 79
92 43
31 10
59 46
76 46
83 18
92 45
78 4
60 14
88 84
95 89
98 12
72 2
97 95
87 17
43 5
50 49
62 27
73 11
97 70
62 45
93 11
40 36
80 3
99 86
81 39
44 38
89 33
96 9
94 73
44 29
61 35
43 24
76 64
65 26
87 8
87 5
87 15
86 29
92 80
75 49
62 43
50 11
92 87
46 18
50 29
24 2
64 60
99 45
75 48
56 51
87 25
74 73
77 17
69 65
27 12
91 1
19 12
72 31
55 9
6 0
58 26
32 16
95 92
72 5
31 1
83 60
74 38
46 39
19 5
82 32
85 7
92 11
72 17
67 61
75 69
34 23
2 1
78 69
95 82
88 48
48 24
67 41
93 21
89 12
82 59
84 28
73 9
90 71
88 81
92 88
94 80
65 0
31 2
64 19
39 10
93 34
72 62
47 12
51 35
92 83
92 25
19 3
99 15
42 11
74 55
34 29
82 31
41 28
35 12
69 50
51 4
67 9
23 4
83 27
97 86
75 2
35 26
77 12
86 7
92 51
86 59
94 62
72 63
84 16
62 47
94 59
77 10
48 14
62 29
99 88
85 33
53 51
89 5
57 36
80 7
72 23
73 30
36 29
78 29
67 25
88 66
73 4
55 34
62 35
77 48
94 85
82 20
42 27
99 85
79 19
84 49
51 16
57 44
39 37
69 1
83 47
76 50
66 6
34 10
75 24
70 22
31 8
83 65
80 1
56 48
76 75
98 8
92 14
94 53
41 4
24 6
97 81
30 4
89 55
95 93
89 26
89 1
59 50
54 9
84 48
86 10
37 24
42 25
60 41
36 15
56 34
82 12
54 51
67 13
96 79
98 88
18 16
85 63
96 65
73 33
24 15
92 86
84 25
28 9
94 25
76 54
29 1
95 79
78 52
94 30
52 27
55 25
39 20
68 61
96 82
53 24
63 9
62 20
91 69
68 34
72 50
33 11
25 5
51 27
90 1
90 83
19 13
78 46
83 36
39 8
94 81
91 32
27 26
58 29
43 34
56 20
51 49
17 14
93 91
47 44
51 37
82 30
71 28
57 14
98 0
99 10
98 17
76 51
85 26
35 27
92 19
76 24
50 41
50 38
39 27
23 16
74 43
60 15
74 51
52 30
55 15
71 57
94 22
51 41
22 10
59 42
50 24
62 16
69 17
99 55
69 49
93 60
93 12
33 28
66 13
99 5
70 13
69 28
52 2
78 0
12 5
26 7
27 3
71 25
95 17
67 27
95 11
99 91
60 19
75 27
26 0
93 46
8 4
75 17
98 6
63 29
39 11
72 14
82 13
98 67
42 4
86 33
68 64
39 29
52 45
81 7
85 37
86 12
82 5
80 31
65 44
40 34
67 21
83 80
66 44
63 62
65 46
85 8
28 12
58 33
65 17
87 27
90 21
29 14
92 78
42 5
69 51
95 67
82 68
98 61
71 54
80 6
78 30
87 67
94 54
51 12
55 53
67 55
93 5
97 12
66 5
87 78
76 8
77 59
71 16
92 40
60 0
56 23
96 60
91 43
63 7
23 1
40 4
74 0
86 13
77 65
85 41
34 26
76 56
80 76
82 27
54 39
73 72
28 2
66 22
25 13
43 16
81 67
98 93
21 1
88 26
60 23
78 63
75 1
57 24
61 47
94 69
78 9
79 61
70 54
32 27
64 13
9 6
77 33
85 17
66 57
70 47
53 18
67 35
62 18
92 3
64 43
49 24
76 62
36 11
62 51
38 26
79 44
69 10
78 43
57 13
59 45
83 35
51 31
56 54
29 2
10 6
96 52
78 6
45 9
30 19
92 57
20 4
52 11
12 9
54 10
96 42
97 8
89 28
98 29
28 18
81 30
49 45
94 28
19 8
65 33
18 5
89 83
95 63
77 9
44 39
39 17
64 40
41 21
25 8
44 23
49 22
70 67
53 33
67 26
69 13
47 23
43 25
83 38
87 84
71 12
89 81
23 5
79 37
63 2
86 82
53 25
58 21
95 90
26 14
75 56
22 6
91 66
68 17
29 26
97 56
21 17
95 25
98 86
59 6
57 2
66 0
62 12
73 19
96 92
63 50
67 23
77 5
89 3
66 46
83 63
91 0
87 83
93 66
74 30
66 4
87 13
80 4
51 14
64 48
6 1
73 20
48 37
28 0
65 24
38 19
63 58
97 14
63 25
75 74
97 18
77 53
95 73
39 18
75 10
41 11
40 33
78 62
91 40
38 5
97 50
66 64
27 20
75 62
83 39
48 23
87 74
33 8
20 6
77 47
69 9
70 5
72 24
96 5
98 91
91 68
55 14
36 10
70 29
82 39
62 48
74 33
46 22
67 16
59 29
82 74
21 11
42 13
82 4
96 95
29 8
72 44
98 4
82 23
88 14
41 36
86 9
99 73
44 6
5 1
84 72
84 52
33 13
94 19
86 55
80 69
68 12
69 24
90 40
90 19
92 48
88 8
88 60
69 36
88 47
81 64
74 48
61 12
26 9
63 38
45 38
59 52
43 7
30 26
99 67
63 44
81 21
62 9
77 56
34 2
97 23
76 20
95 41
90 16
62 40
90 57
98 94
70 33
66 31
33 4
61 3
87 41
91 73
18 7
90 15
37 32
82 45
62 52
56 47
63 24
53 8
92 16
7 4
96 85
71 7
10 2
24 12
63 32
60 38
88 19
85 1
98 55
91 87
66 62
88 32
88 59
64 22
56 45
60 34
35 24
72 58
86 18
46 20
67 48
42 37
92 70
78 33
68 59
88 27
82 3
95 24
54 42
30 5
68 38
87 51
90 24
96 50
21 3
85 70
72 13
80 5
30 1
30 12
40 25
76 5
89 32
60 26
92 73
81 45
99 94
54 43
37 7
80 50
63 46
81 60
48 16
22 14
33 0
89 18
63 39
65 36
65 59
71 42
63 0
75 32
75 37
96 19
18 14
49 46
3 1
84 15
7 5
15 2
72 55
81 2
73 69
40 3
99 2
57 23
70 25
78 8
93 51
80 24
93 54
82 26
94 40
80 36
92 47
35 17
43 15
78 74
55 23
93 31
44 36
51 44
71 68
60 50
73 36
51 39
49 36
94 66
41 27
59 18
88 43
90 84
40 7
31 13
80 56
99 57
98 58
98 19
65 6
70 21
39 0
44 26
36 27
68 31
44 24
76 21
45 5
38 34
90 65
66 59
33 3
97 10
21 14
64 24
66 53
51 38
35 3
99 29
98 27
97 27
42 14
93 73
61 5
71 45
95 75
46 35
95 40
53 9
17 0
11 8
31 21
38 9
73 66
25 11
94 6
68 51
84 76
58 46
36 1
83 9
33 21
85 62
40 21
75 4
78 56
51 15
94 46
53 49
65 55
90 68
33 12
99 47
49 14
47 5
50 39
16 7
52 35
41 20
12 7
48 40
57 19
88 1
91 74
72 40
84 9
33 20
26 21
37 5
92 54
90 51
35 22
60 58
68 39
63 42
67 51
43 19
62 50
41 6
82 80
59 41
76 28
93 75
71 11
64 35
57 38
24 5
35 30
26 3
99 83
54 23
8 7
94 12
47 39
98 3
80 33
75 25
60 25
60 42
91 57
79 36
41 26
29 24
92 31
40 20
36 13
37 14
14 10
89 36
18 11
70 23
94 61
80 74
16 13
54 13
54 53
94 77
67 47
48 12
85 47
59 44
52 24
64 4
61 36
9 8
68 7
85 32
76 4
73 53
59 10
64 34
8 1
