23 12
27 13
14 3
7 1
28 21
15 5
23 4
15 0
13 9
4 1
27 18
24 5
23 3
18 0
27 8
29 21
26 10
23 11
6 0
29 5
23 20
24 7
23 0
11 2
11 5
19 6
21 12
17 2
22 7
15 13
29 20
11 4
16 7
25 22
12 0
24 9
15 11
29 1
24 21
24 15
25 2
22 17
16 14
17 7
27 1
26 13
26 4
14 5
24 14
15 8
17 3
17 16
23 14
19 11
21 14
7 3
15 14
21 10
27 24
16 12
24 2
5 3
28 11
25 18
13 6
18 17
25 13
10 1
21 19
17 10
18 1
11 6
4 3
14 2
16 13
27 21
22 15
29 17
28 10
12 10
29 2
10 5
5 2
26 24
19 14
22 8
9 2
21 5
15 2
29 25
24 4
26 12
28 27
21 18
13 1
27 6
27 19
24 11
22 5
25 7
9 5
26 0
25 4
22 14
27 25
28 16
24 16
27 2
18 14
26 16
22 1
25 8
19 15
22 12
14 9
6 1
20 14
24 6
16 2
25 14
14 4
22 2
18 7
9 1
28 6
12 9
28 1
19 0
19 1
25 23
21 1
24 19
17 12
10 3
22 18
19 4
24 13
20 0
20 1
4 0
25 5
11 1
3 0
26 15
11 7
28 17
25 15
16 15
20 15
16 11
21 15
15 1
9 3
3 2
4 2
29 27
13 7
14 0
20 6
24 10
29 15
18 15
29 7
23 5
18 13
13 0
17 1
28 5
6 4
28 12
8 2
25 0
14 10
14 6
23 17
9 0
17 6
24 22
26 2
21 0
10 0
28 7
14 13
22 9
20 7
26 14
3 1
29 6
23 2
13 3
12 2
16 3
12 4
26 6
9 8
8 5
29 28
19 18
26 20
11 3
8 6
21 11
8 4
20 12
29 9
20 17
16 1
27 9
29 11
19 5
8 0
27 12
23 10
27 16
21 3
17 13
27 0
19 13
27 11
25 3
17 9
15 3
22 11
18 11
27 23
29 4
28 4
19 7
22 19
24 20
6 5
25 9
24 12
23 6
26 3
20 16
9 6
21 17
20 4
27 26
26 23
18 9
20 10
14 7
26 1
24 17
26 21
22 3
16 10
26 5
23 18
18 3
28 8
27 4
19 8
13 12
10 2
11 9
28 15
16 4
18 5
