9 1
19 2
19 5
10 8
17 2
5 3
9 5
18 7
12 0
19 12
18 1
16 5
19 18
4 1
18 2
18 8
18 4
16 12
7 0
11 0
6 1
15 1
13 12
16 11
8 2
12 9
18 6
15 11
14 8
19 6
15 10
13 8
14 6
12 1
13 1
18 12
3 0
7 1
18 3
8 3
12 6
16 6
2 0
15 9
11 6
16 14
19 8
19 9
13 6
12 5
16 15
16 2
6 5
19 1
14 12
15 5
12 11
15 13
16 13
15 7
11 4
5 4
19 15
19 10
8 6
16 7
15 12
14 13
13 0
12 10
18 10
19 11
8 5
14 2
13 2
5 1
17 5
16 1
7 3
3 2
10 6
17 0
16 0
12 8
9 0
19 13
10 7
7 4
8 7
7 2
17 4
17 3
11 5
11 3
12 3
10 2
13 11
15 2
13 10
9 4
15 4
14 0
9 2
6 4
16 3
17 13
17 1
15 8
12 4
12 7
14 4
18 17
19 7
15 3
