13 1
46 3
15 8
27 13
14 0
14 6
47 44
42 41
24 15
48 34
32 17
34 31
26 13
25 3
12 9
19 2
34 20
21 5
30 9
36 25
49 16
26 11
25 8
48 47
29 7
44 28
43 37
40 15
47 46
47 0
26 8
46 38
44 5
34 28
42 1
40 1
3 2
43 13
41 8
45 0
15 13
39 37
45 38
31 30
22 12
44 30
47 2
21 17
47 40
26 16
11 6
42 30
31 17
6 3
27 8
24 18
7 2
16 8
49 26
48 23
34 32
41 26
33 2
25 12
43 14
7 0
40 34
19 6
35 13
19 9
30 23
30 21
31 3
32 25
37 29
10 1
48 45
18 5
37 5
28 0
19 18
31 2
7 3
4 3
17 6
30 3
12 8
27 26
47 39
36 21
11 2
23 1
19 11
49 13
25 18
27 0
15 6
37 6
5 1
45 1
39 9
30 1
36 16
37 11
38 5
39 14
38 32
8 6
33 12
24 0
17 3
32 2
32 29
30 10
27 9
41 27
40 32
27 2
17 11
30 4
45 44
47 29
28 12
46 4
9 3
43 25
20 14
40 30
20 0
41 1
14 9
44 23
36 14
43 24
31 29
48 0
43 26
33 24
49 45
32 6
48 42
42 31
39 0
44 16
23 12
31 20
41 9
40 19
12 6
20 16
42 40
48 10
47 14
33 18
17 15
48 24
15 3
39 34
42 25
18 8
38 9
16 13
47 16
19 12
30 6
16 6
27 7
10 9
41 32
36 24
41 12
34 33
10 8
49 15
17 16
13 4
28 17
12 3
24 13
47 11
35 10
22 14
39 1
14 11
41 30
20 9
16 0
36 32
33 19
47 1
11 1
43 10
4 2
12 4
30 25
38 28
23 17
12 5
36 11
43 30
41 34
42 29
29 9
18 14
24 22
38 18
43 16
20 3
33 25
44 39
35 17
37 13
47 20
4 0
49 20
49 1
23 9
43 3
48 37
49 47
44 13
37 10
39 27
37 22
45 35
38 16
44 32
43 9
32 26
31 13
29 15
46 27
37 12
37 20
30 24
47 22
41 28
32 12
28 5
42 33
31 24
11 0
22 1
30 19
39 22
46 32
31 7
13 11
7 1
34 29
11 5
15 14
31 4
4 1
35 14
43 11
43 39
8 7
23 6
35 8
49 0
49 29
31 25
26 3
27 23
33 27
14 8
47 5
45 27
23 15
37 1
22 9
37 0
44 22
39 24
17 7
24 21
21 0
48 11
49 34
42 27
40 23
40 10
48 29
30 29
28 13
48 14
30 17
8 2
16 1
39 25
39 28
41 20
19 0
24 19
40 6
41 21
43 5
40 27
40 26
39 4
21 12
9 2
26 1
38 37
42 22
45 17
46 29
9 7
22 10
48 27
36 34
7 6
23 14
43 22
23 4
33 16
34 18
40 18
39 36
41 40
46 17
37 2
34 8
24 3
38 12
10 3
34 7
37 15
46 40
11 10
32 7
46 37
44 0
49 43
44 31
25 19
38 24
46 33
46 28
24 16
38 19
21 13
49 12
3 0
49 21
26 23
6 5
26 0
43 35
31 15
26 2
35 33
6 1
29 8
29 19
43 40
17 0
30 16
40 14
43 2
6 2
29 10
19 8
35 24
39 16
43 19
46 26
5 0
23 5
42 12
23 16
34 19
33 7
13 9
13 6
25 22
33 1
34 11
33 14
27 3
23 7
47 15
43 38
23 0
45 23
12 1
21 20
46 31
12 0
48 31
30 22
45 29
14 7
42 17
41 31
46 36
24 20
36 23
19 3
18 17
22 2
46 30
20 5
37 21
6 4
46 0
38 2
49 18
36 33
18 0
42 28
48 41
42 26
20 4
18 4
41 0
25 5
44 42
35 12
36 5
48 8
45 28
48 5
49 39
40 35
29 18
25 16
41 14
29 28
46 44
20 8
36 30
24 7
42 18
41 29
45 2
38 4
44 14
31 6
28 11
26 20
9 1
40 17
26 21
40 11
14 2
26 7
36 22
40 12
16 5
46 42
28 4
36 35
40 38
30 14
49 44
33 10
42 35
14 12
36 12
40 7
25 17
37 17
18 2
28 14
29 4
49 31
22 3
41 25
27 16
36 20
47 35
49 19
32 4
16 12
39 38
44 2
43 33
19 7
44 24
37 28
48 15
18 16
41 5
26 4
40 22
31 14
16 3
43 28
46 13
35 20
46 14
22 5
36 29
46 18
36 3
28 6
41 2
20 13
49 14
34 15
46 39
28 9
11 8
32 28
29 12
42 6
48 44
28 2
44 38
40 5
39 8
48 25
49 10
21 9
44 26
49 37
22 6
15 4
34 0
9 5
38 22
39 33
45 34
49 32
32 18
49 5
46 2
36 31
37 32
13 0
13 2
42 20
39 35
44 20
44 10
47 4
25 21
33 13
34 17
40 0
46 24
42 11
21 1
41 15
45 16
28 23
39 13
27 21
49 4
40 2
29 25
34 1
21 6
43 29
14 5
47 21
38 33
40 4
32 8
20 7
35 23
11 9
35 30
32 14
42 9
34 24
21 14
48 7
29 2
24 4
26 6
35 16
27 15
49 7
8 4
15 1
44 7
12 7
39 15
44 9
28 21
30 27
33 8
27 25
34 21
32 21
45 13
45 42
45 21
48 1
32 10
26 9
48 43
44 36
35 25
47 7
26 19
38 6
20 6
23 3
41 23
24 6
9 0
34 14
29 0
22 21
48 46
34 25
33 21
35 32
42 15
46 22
35 22
38 8
48 30
39 10
22 7
39 20
45 36
33 31
35 0
38 3
38 29
32 27
46 34
39 30
39 7
37 26
40 29
31 12
47 28
28 22
36 18
30 28
45 25
43 12
38 23
47 43
19 4
41 6
27 14
47 27
10 5
25 23
35 34
25 24
20 10
41 19
25 20
24 23
20 2
9 4
34 12
46 35
2 1
31 26
42 7
36 28
38 31
39 5
49 27
43 31
25 2
47 18
47 13
40 24
30 13
43 8
18 11
45 15
22 16
33 22
41 10
7 4
22 0
48 17
38 7
27 11
39 2
45 8
29 22
48 35
27 24
17 1
41 11
42 39
38 34
29 14
15 11
31 23
38 21
17 8
14 1
39 21
48 21
36 17
26 15
35 26
40 21
47 10
45 12
42 19
21 18
45 6
35 18
23 11
29 23
35 6
20 18
40 33
32 11
43 4
32 31
30 18
48 22
49 2
41 3
15 7
35 5
29 24
37 16
43 18
23 19
18 12
30 20
18 15
21 4
12 10
29 6
28 27
46 21
44 1
31 18
