22 18
36 11
19 8
27 16
23 16
30 14
3 2
11 7
33 0
30 25
36 24
25 23
34 22
34 23
23 7
39 20
24 6
35 17
23 11
35 32
24 16
35 27
15 8
39 35
27 13
19 0
7 4
23 10
13 5
32 13
16 12
26 19
39 38
39 15
28 4
37 20
39 37
28 10
29 15
26 2
28 8
39 4
22 0
29 1
29 26
39 12
28 5
34 33
15 2
30 16
33 11
9 5
19 16
10 1
21 10
21 19
33 17
37 22
31 17
17 10
6 0
37 5
6 5
39 23
36 4
17 5
29 14
36 12
9 3
23 1
34 28
19 10
21 12
28 26
29 11
30 17
11 1
22 10
2 1
27 6
23 8
15 13
33 27
38 5
11 9
37 25
27 11
32 21
35 7
20 12
39 18
15 6
37 23
33 2
31 16
36 19
33 19
31 5
33 23
31 3
26 8
33 22
25 16
29 21
35 15
25 5
16 14
15 14
36 10
29 7
22 15
28 6
38 21
34 24
26 15
39 21
32 15
18 2
18 8
34 18
4 2
35 33
29 8
35 8
38 9
37 35
38 22
31 25
17 6
22 14
14 6
24 5
16 4
20 9
37 18
34 29
25 15
4 0
30 28
32 23
38 7
23 22
36 0
28 25
20 17
30 4
19 5
25 14
27 23
14 12
18 3
36 13
27 12
27 9
29 3
24 12
9 7
5 1
28 19
33 30
32 9
5 3
13 10
29 18
34 0
33 4
38 27
37 7
13 1
32 5
27 19
12 6
30 21
36 16
18 13
38 1
37 13
39 9
36 21
17 14
7 0
35 31
11 5
26 3
23 21
35 2
12 10
28 17
37 36
33 18
25 4
10 8
21 8
21 6
32 19
13 4
39 30
20 11
27 1
18 11
32 2
26 17
29 17
35 20
20 0
14 7
31 18
19 15
37 16
14 0
27 20
39 27
33 24
12 5
25 6
15 5
19 1
39 2
28 9
39 7
18 15
38 23
34 12
36 18
18 10
18 0
24 7
35 16
23 13
34 6
29 0
10 4
36 5
9 8
21 5
26 18
18 12
17 12
13 6
35 28
23 9
38 37
33 20
6 4
9 1
37 21
19 14
17 2
29 19
20 14
10 6
39 22
8 3
37 8
21 15
28 23
31 11
24 13
16 2
38 3
25 21
21 7
23 14
35 9
27 5
36 20
36 14
25 13
20 3
39 25
21 20
25 8
19 3
23 5
19 12
36 27
29 12
31 0
12 3
36 31
31 15
39 6
31 30
33 5
38 28
34 10
39 8
31 4
9 4
14 4
17 13
18 9
20 4
36 7
36 28
29 9
35 25
20 18
20 6
35 30
39 0
12 0
37 4
20 2
22 1
27 7
29 28
31 2
35 19
27 14
33 1
13 2
11 6
34 1
8 0
29 5
28 22
22 12
6 3
13 0
36 30
23 20
26 4
36 15
36 35
28 3
39 28
25 18
39 31
14 10
37 28
14 11
22 17
37 2
26 9
25 11
37 15
39 19
15 11
22 8
25 20
16 1
7 3
36 25
38 6
16 3
37 12
31 1
36 26
14 5
37 1
8 5
5 2
31 19
7 2
39 26
24 23
35 6
32 18
13 9
32 4
34 26
33 12
31 21
35 21
15 1
23 3
30 0
32 16
26 5
39 24
34 19
30 9
28 13
38 24
24 17
24 22
39 3
30 12
6 1
37 17
16 7
19 11
38 8
38 2
30 18
19 13
28 2
11 2
28 1
30 2
20 13
24 4
33 3
18 7
35 4
19 9
38 30
24 2
16 13
37 24
21 14
35 5
10 2
12 1
10 5
22 21
24 15
35 11
39 34
27 25
25 19
26 12
39 10
10 0
28 24
22 2
11 8
32 6
27 15
11 10
37 11
26 25
23 2
24 3
16 11
34 7
17 1
38 0
30 13
31 10
31 14
12 7
26 7
21 0
28 12
34 20
36 33
20 10
30 1
18 14
37 0
31 23
32 14
10 9
28 7
25 12
38 26
18 17
32 28
31 6
33 16
30 11
34 27
33 13
12 11
25 22
9 2
22 3
34 14
24 19
33 7
4 1
38 10
15 12
8 7
31 28
36 34
