173 119
106 235
177 118
209 230
247 77
163 105
356 333
61 132
231 74
27 330
94 1
334 140
66 397
392 207
141 197
48 181
244 140
193 181
152 372
138 56
126 389
101 209
355 281
156 97
279 116
344 242
379 80
79 35
377 39
169 153
78 335
226 379
218 394
120 29
231 177
40 391
136 145
342 367
112 253
298 19
267 150
170 285
183 49
122 347
106 269
58 193
33 193
66 335
80 0
58 103
339 282
31 336
256 195
396 162
355 362
287 11
57 319
252 323
250 195
110 131
163 310
299 163
366 317
175 109
45 363
228 344
346 204
210 116
28 164
289 119
304 295
273 48
90 272
247 199
121 371
358 139
87 57
41 92
296 231
376 71
136 162
286 313
136 275
327 44
289 176
101 152
55 198
304 376
360 183
180 100
368 319
180 119
370 166
50 183
366 319
13 50
233 265
346 186
311 196
381 259
212 24
277 21
253 13
9 25
112 292
270 386
386 387
228 208
214 146
49 185
219 279
131 131
174 97
339 289
165 399
88 375
68 31
327 32
342 248
149 70
100 372
9 243
248 372
58 218
293 96
273 46
371 21
191 1
3 114
232 41
387 35
384 266
166 66
355 73
239 134
200 243
69 226
102 81
29 156
88 214
100 229
395 287
57 346
235 33
209 358
159 9
189 186
232 171
248 152
319 388
232 374
299 186
159 58
383 346
21 305
358 155
225 133
390 339
319 227
189 111
48 117
398 142
16 47
34 383
235 258
1 79
203 247
112 232
179 71
3 336
229 166
299 287
120 46
347 88
21 243
371 223
92 223
202 253
212 72
149 332
274 367
367 69
330 289
67 212
248 240
199 322
152 305
229 224
309 322
53 14
192 206
230 129
163 219
337 88
231 137
178 214
84 213
361 118
12 336
58 274
188 100
80 303
392 93
71 154
83 71
212 232
335 339
398 14
88 119
292 71
2 252
33 345
74 220
158 282
119 73
3 108
78 59
141 166
115 339
162 92
139 131
203 171
277 138
365 340
35 291
177 163
241 271
51 73
211 293
115 380
269 202
160 194
107 264
65 36
229 255
86 20
150 220
143 327
144 362
60 77
1 285
321 259
40 392
170 109
266 221
369 229
12 368
72 75
171 116
99 16
224 197
34 248
231 272
378 348
240 394
357 115
52 199
289 44
294 231
292 397
9 221
198 27
222 160
220 95
31 332
214 286
265 262
93 388
273 201
329 239
359 249
300 268
223 368
71 150
290 284
95 384
91 45
139 164
86 359
166 120
121 211
294 48
73 235
370 24
318 135
282 127
61 310
77 339
88 131
359 235
43 370
34 166
371 31
378 32
101 169
350 126
302 91
294 254
235 329
277 125
157 378
240 334
247 75
249 28
102 147
335 189
5 139
49 354
82 248
362 77
269 351
66 231
113 1
261 342
265 143
106 218
328 287
301 22
31 14
320 24
326 29
52 19
208 331
278 68
50 210
69 225
276 358
25 174
325 36
97 147
64 366
192 2
102 249
45 301
202 266
257 122
82 138
125 230
31 352
378 264
316 254
338 203
217 91
32 2
167 47
267 68
385 348
143 150
73 303
69 258
169 170
154 7
86 200
71 118
217 308
299 68
25 285
106 79
216 67
268 6
114 241
79 177
236 48
257 118
330 263
344 342
278 382
295 304
71 267
204 122
177 317
234 58
337 23
311 300
252 150
394 399
45 235
294 280
161 221
164 51
12 104
223 332
153 347
195 134
50 318
303 250
17 209
262 138
72 94
385 179
358 319
180 267
249 50
219 303
312 2
109 292
253 46
248 147
158 277
70 145
