575 593
378 226
551 251
330 478
511 232
188 451
182 323
433 73
24 191
361 536
574 170
8 177
146 329
404 219
248 241
255 476
474 532
311 430
524 117
342 454
79 207
196 53
248 139
192 237
75 198
116 393
597 86
469 46
94 272
42 417
157 166
383 235
12 65
222 16
484 285
465 252
494 137
314 128
230 593
18 566
283 261
408 15
275 355
123 418
342 319
537 180
216 275
294 568
335 171
126 41
412 557
105 270
563 373
334 73
484 335
337 186
220 28
268 110
71 498
64 401
357 161
39 179
134 208
507 119
174 237
340 560
511 513
238 71
374 513
577 369
0 321
352 346
163 340
13 549
554 472
302 148
222 207
330 363
118 420
267 306
6 356
573 260
363 135
411 23
553 18
131 370
349 577
124 254
418 36
575 291
156 399
308 506
412 53
48 11
408 530
257 495
184 594
331 282
307 474
293 280
340 425
552 309
249 387
341 303
224 547
20 546
148 25
367 10
1 496
318 11
456 260
331 184
432 322
128 144
598 497
231 398
320 17
494 90
230 517
94 246
148 120
481 567
27 116
216 238
553 569
284 385
484 65
265 532
140 123
439 330
14 450
35 134
37 180
543 437
61 359
342 175
63 165
175 160
196 122
242 286
181 509
404 26
449 220
447 310
229 32
429 436
542 516
137 73
122 387
312 89
17 175
388 501
229 510
420 335
304 491
230 356
57 498
590 509
588 401
315 504
279 62
379 254
306 79
384 569
556 444
291 413
237 247
427 331
297 372
574 159
33 385
71 238
380 400
186 404
317 68
301 393
367 451
289 248
218 459
208 239
369 167
0 518
405 368
129 342
583 439
582 579
327 4
350 489
333 203
285 547
217 415
151 93
212 202
227 300
178 331
165 528
16 424
172 272
307 421
85 228
44 319
158 134
118 457
158 275
252 196
512 284
70 582
385 542
324 129
528 10
236 143
553 462
41 247
19 227
580 269
158 565
547 256
585 38
245 562
375 534
351 375
168 332
331 360
14 488
381 557
530 406
285 59
395 117
330 457
581 152
115 233
458 150
153 9
129 282
332 219
428 255
309 189
303 308
32 397
379 394
512 54
115 47
54 174
285 18
315 364
516 588
415 399
346 386
306 570
171 367
194 64
9 457
546 56
532 538
491 178
115 167
259 268
452 511
583 205
507 143
175 398
559 310
14 237
408 500
449 208
252 381
75 340
38 590
365 68
2 203
62 462
516 562
424 68
595 357
27 573
80 96
93 462
177 19
231 327
495 102
407 16
303 119
527 550
473 159
429 188
242 388
77 291
392 214
587 405
180 114
371 51
554 396
320 285
340 574
75 81
345 205
186 333
239 372
179 490
3 302
424 85
418 464
359 396
96 321
583 367
86 40
539 360
357 166
196 412
136 455
317 490
124 48
189 122
47 213
430 84
515 52
159 376
189 186
49 521
566 90
335 197
349 404
534 534
516 192
543 366
113 593
147 474
273 152
187 521
299 72
101 579
65 229
421 121
73 489
577 82
242 151
199 158
114 508
199 208
375 352
338 8
490 597
35 10
186 576
161 360
285 553
448 363
580 430
241 592
538 257
60 242
505 402
434 566
235 206
55 23
35 258
203 473
89 263
92 539
472 269
182 263
243 392
146 556
117 247
306 306
357 579
450 538
115 434
401 196
438 598
475 159
387 524
288 572
124 402
374 174
544 529
172 376
138 39
225 187
317 587
428 201
402 586
438 109
248 70
308 505
295 251
473 430
42 52
74 73
191 86
512 410
41 152
174 545
537 274
384 109
99 154
169 141
508 248
243 91
344 154
365 120
143 562
570 229
598 474
117 298
235 307
245 191
219 304
582 522
49 201
85 498
277 526
568 443
438 296
229 587
449 146
202 529
545 532
261 401
514 473
94 585
344 538
384 207
76 516
514 364
3 454
155 180
14 433
297 382
401 440
89 161
344 281
417 61
5 392
9 255
319 483
11 536
299 485
199 339
524 433
253 186
222 89
446 384
313 105
236 487
196 254
384 379
344 239
146 469
579 381
168 458
246 578
139 590
496 319
64 414
587 322
372 181
599 107
551 375
103 506
330 332
101 12
176 362
244 496
418 418
240 536
334 44
217 430
584 138
385 572
245 339
110 481
506 546
412 337
585 55
164 3
228 371
431 168
253 436
582 590
314 338
142 421
275 13
77 44
492 268
156 336
302 233
106 207
248 171
204 460
538 303
270 561
489 375
61 46
496 171
586 45
488 307
346 417
598 446
297 536
376 242
573 370
518 493
38 387
92 137
543 2
522 232
327 357
331 599
228 188
468 90
120 561
308 142
5 233
404 430
86 519
371 356
417 384
390 141
239 432
378 592
70 507
24 405
415 391
578 583
567 107
321 19
361 424
575 60
69 497
54 160
462 277
425 532
290 125
519 74
23 65
55 118
180 496
346 412
112 102
30 83
512 231
377 187
203 11
242 159
71 82
88 26
129 455
140 197
144 39
303 496
504 129
424 520
120 69
400 358
230 451
485 410
379 385
221 157
159 83
302 410
285 84
521 38
91 540
544 483
222 229
386 227
568 440
410 538
143 292
125 203
436 523
256 76
24 297
65 39
332 215
69 261
306 250
189 30
526 573
257 432
399 341
527 191
11 403
0 370
103 204
397 157
435 67
318 564
333 68
251 348
67 425
160 368
13 185
1 121
406 335
110 467
521 233
245 327
287 303
