434 404
645 791
185 563
542 364
177 425
513 652
685 83
645 781
450 222
683 522
764 738
308 390
640 61
519 396
632 282
679 408
106 759
92 481
621 553
276 78
623 6
411 257
644 556
261 446
348 201
699 268
249 191
681 494
10 432
171 47
328 265
329 758
725 718
667 199
304 388
659 651
589 640
614 651
582 85
175 601
384 218
507 446
353 275
375 564
766 674
40 125
3 655
189 430
513 499
170 406
707 41
732 182
456 739
312 490
286 652
24 329
576 417
151 538
569 777
722 631
167 526
616 187
37 187
353 555
564 364
470 604
798 44
447 331
108 101
560 252
408 305
457 752
667 32
746 387
685 496
128 542
172 54
168 12
501 385
204 576
438 579
418 177
608 417
109 798
185 581
681 678
189 456
207 562
363 68
508 602
600 394
587 641
650 353
402 175
266 303
736 559
78 496
601 197
663 426
340 718
432 432
753 584
169 380
445 497
276 569
530 716
182 50
129 45
231 298
169 665
291 171
689 328
496 592
628 652
325 556
665 103
696 525
314 78
211 464
464 558
47 483
337 645
754 640
107 384
620 687
165 776
425 536
462 620
254 88
482 244
720 486
266 101
398 627
32 188
559 216
290 122
134 755
498 563
638 747
353 101
139 292
75 302
372 650
334 125
511 518
435 555
382 366
743 3
655 303
393 522
794 682
670 522
40 71
58 407
569 230
31 588
157 710
728 231
642 398
490 756
329 538
357 191
786 789
410 7
380 599
210 566
153 793
509 736
174 529
156 471
283 278
292 304
648 693
495 772
771 419
142 286
371 264
124 28
474 406
383 610
476 780
395 289
398 73
708 483
391 287
634 540
256 333
211 16
134 421
496 338
278 436
701 503
395 295
242 180
622 5
733 710
720 400
557 517
45 107
381 11
252 548
593 86
578 408
182 141
208 116
447 145
452 587
746 678
381 143
125 432
302 236
173 350
681 393
164 395
98 138
209 259
57 335
98 692
50 763
579 195
588 437
514 451
186 505
81 468
787 161
112 732
779 639
303 727
276 732
26 312
488 728
186 65
313 584
27 450
626 385
84 534
659 696
348 682
722 510
732 528
52 50
469 642
276 293
546 521
751 254
489 411
567 623
491 739
86 635
279 521
331 73
633 569
272 270
556 440
26 129
43 592
726 411
179 735
288 3
745 541
101 10
50 481
554 576
218 423
389 627
120 600
483 144
423 790
401 747
415 681
188 229
179 518
792 108
469 679
101 604
253 444
13 105
323 150
135 204
438 326
159 522
76 197
594 447
173 721
281 740
466 518
774 275
610 134
326 435
341 498
493 542
587 771
294 588
742 497
536 689
327 635
795 100
579 606
356 737
776 152
532 17
287 11
579 488
334 429
389 394
708 466
110 641
2 416
595 754
471 52
112 399
748 263
566 241
415 316
367 698
173 638
674 624
355 623
722 582
182 609
539 583
311 253
88 781
379 92
216 41
30 422
89 47
508 662
189 720
281 350
664 717
676 296
205 47
286 293
660 566
55 690
413 310
673 649
57 720
42 215
271 278
419 279
786 687
292 75
754 654
134 445
320 238
67 400
634 515
339 45
17 478
40 353
47 649
228 734
630 569
226 541
338 727
0 219
498 566
220 291
688 496
103 336
237 661
696 417
414 660
204 555
639 103
564 762
748 17
310 633
795 294
71 217
434 10
641 366
259 479
650 725
156 341
655 479
530 476
764 650
416 750
613 42
192 703
167 156
407 59
561 155
26 749
500 105
593 305
763 93
297 140
739 139
0 125
784 303
143 421
106 651
214 23
509 712
283 279
280 237
768 30
791 532
387 651
212 499
616 294
733 64
539 616
541 178
323 640
631 69
710 132
469 333
209 57
354 244
733 73
47 422
132 86
246 363
167 796
480 128
50 17
492 663
380 718
597 416
220 740
550 344
726 354
654 200
239 560
594 662
64 299
447 148
660 658
464 107
420 409
477 73
436 625
16 324
582 600
216 305
14 444
283 27
751 657
233 164
727 309
388 168
209 243
337 408
727 124
514 322
773 737
416 442
306 654
145 340
669 93
611 57
461 282
307 651
343 40
46 48
452 166
502 268
300 598
401 240
218 783
574 348
337 645
697 700
38 230
91 654
550 397
123 35
736 93
649 500
484 42
414 601
42 267
274 703
146 715
172 368
717 313
663 57
563 761
143 741
649 284
788 264
315 108
291 386
263 57
524 763
244 98
461 756
68 646
364 474
609 111
78 318
395 713
194 799
41 509
445 354
212 700
451 155
743 420
478 199
170 255
710 631
693 43
136 593
132 421
193 633
313 633
516 343
326 639
717 756
25 526
677 774
488 731
426 263
146 608
386 715
6 69
156 653
527 587
207 269
405 223
448 493
365 388
384 58
352 554
326 1
216 512
390 115
614 378
451 31
784 188
345 716
339 138
525 393
197 757
669 741
376 685
556 468
83 251
139 759
76 221
781 709
606 452
631 699
764 267
460 702
397 358
382 768
615 554
67 579
566 299
312 66
515 41
31 192
698 594
630 391
631 122
684 531
618 767
205 396
504 510
614 708
759 672
338 709
254 722
247 669
53 137
158 473
119 90
680 190
376 794
338 383
335 280
246 301
404 397
252 521
643 666
397 622
582 281
107 362
460 566
456 348
486 685
163 491
172 612
31 649
769 156
716 134
249 768
376 683
603 433
47 87
354 361
709 761
275 186
629 368
101 732
448 424
212 311
538 54
405 581
416 139
762 48
158 445
735 125
603 596
44 475
759 573
224 4
193 78
191 217
614 684
170 718
331 549
367 381
70 213
358 391
302 615
346 547
387 559
680 4
67 228
649 6
301 155
12 692
20 578
373 240
791 68
406 482
358 713
64 727
260 592
178 540
744 313
749 793
139 673
204 330
484 562
281 299
236 120
360 308
214 485
142 707
163 339
624 381
400 138
74 700
224 511
112 564
467 337
610 546
476 42
509 650
433 769
136 131
125 719
263 485
389 202
689 301
124 669
577 10
248 451
646 534
493 232
449 334
114 285
287 475
529 758
451 274
140 453
706 286
428 683
27 57
79 409
251 292
114 429
322 639
177 311
319 334
49 544
780 789
733 136
505 390
18 245
771 503
252 128
459 560
773 87
643 82
242 83
58 674
14 737
435 363
361 195
754 207
608 651
216 589
80 266
460 376
284 64
764 93
194 205
193 329
404 72
158 762
576 330
710 61
131 200
740 730
789 631
348 173
404 79
343 379
478 157
328 302
616 366
408 337
644 102
377 646
443 28
107 324
63 624
725 374
545 525
167 793
704 390
301 433
29 540
324 74
669 789
318 712
648 319
438 425
125 781
623 158
361 470
605 692
119 418
589 765
428 489
119 615
367 611
602 8
94 784
768 495
730 52
449 253
14 149
50 396
10 720
158 331
794 230
722 759
281 25
699 494
583 159
420 150
707 169
606 653
9 723
456 730
779 307
316 791
607 615
633 145
301 54
584 262
309 586
439 55
648 200
542 112
755 397
547 522
715 690
558 485
510 766
189 634
295 27
90 554
113 386
510 522
422 278
523 44
457 230
330 445
716 507
368 730
378 332
155 230
103 233
719 245
310 51
101 484
141 478
28 439
536 215
