679 404
560 40
499 311
339 57
554 435
232 225
572 434
248 27
181 459
466 539
70 369
218 688
114 419
417 153
37 185
520 569
175 153
400 420
156 590
356 501
133 146
514 326
621 157
27 58
324 161
330 291
352 136
357 57
161 97
519 304
133 652
182 690
583 386
467 101
656 657
698 415
633 183
309 617
169 572
337 221
667 384
108 473
84 223
404 356
668 476
593 588
10 519
225 642
402 36
111 532
225 222
73 378
107 682
529 106
476 606
609 233
47 514
601 543
603 579
158 531
312 79
639 232
257 55
50 353
491 96
268 557
215 242
533 213
301 53
242 638
433 299
442 377
179 59
29 638
56 591
447 544
271 0
301 663
166 511
137 179
72 163
487 292
263 215
567 635
73 157
138 698
559 508
631 169
321 312
64 331
420 455
22 442
601 137
179 543
139 622
359 486
334 540
438 79
611 231
483 404
24 440
290 92
689 147
119 640
689 284
187 206
286 280
212 254
395 225
590 579
154 687
548 603
374 437
555 576
146 620
617 168
648 194
630 128
451 536
485 408
339 380
531 104
264 45
154 36
367 693
598 570
349 582
321 508
472 692
463 68
272 384
626 2
60 82
536 359
420 420
475 310
160 76
212 147
613 349
338 654
591 123
550 690
599 683
202 404
22 172
38 358
346 167
441 687
277 360
655 42
308 465
277 307
684 314
53 296
277 386
488 158
631 362
53 510
98 564
503 382
339 189
404 339
626 101
532 320
653 195
690 413
170 478
101 205
460 295
333 470
79 209
13 608
455 246
138 133
670 2
80 596
28 225
63 357
415 391
689 447
441 627
62 536
472 289
605 587
337 371
311 6
209 657
1 582
639 53
151 603
86 162
65 95
383 97
208 595
627 554
239 16
262 592
158 241
513 314
138 348
315 302
239 52
620 444
327 483
466 154
633 155
559 91
585 675
53 155
66 13
194 663
147 480
268 442
122 15
615 330
478 389
403 157
520 282
107 543
279 517
198 14
381 392
573 235
447 89
419 108
352 573
396 393
225 497
118 690
388 50
545 586
127 356
329 317
468 685
179 71
212 224
493 492
216 164
543 476
205 657
195 207
626 404
516 627
467 202
433 20
318 265
306 162
484 160
531 442
455 380
520 230
111 331
583 496
275 180
423 162
529 644
418 354
431 67
501 251
604 248
315 631
383 18
581 515
395 442
419 30
283 554
204 658
77 319
340 76
193 489
37 395
192 300
134 305
6 604
50 529
143 159
95 513
346 336
113 265
304 183
647 449
176 257
662 219
570 482
209 22
688 674
10 419
643 646
277 581
499 259
397 610
417 115
642 609
152 335
58 651
432 320
47 651
371 335
285 615
504 237
601 606
81 461
33 476
350 563
71 214
159 209
462 216
35 636
119 329
321 580
286 112
415 325
196 191
441 576
407 504
544 47
278 352
421 309
645 77
658 26
574 511
224 322
259 582
61 61
575 394
161 6
75 60
300 383
267 579
515 238
307 280
580 100
265 309
30 381
477 654
380 102
566 23
585 121
251 29
250 445
4 235
267 444
38 288
634 109
292 404
137 285
70 343
503 364
54 659
317 396
371 563
343 47
364 282
229 659
539 227
229 520
290 570
524 303
399 626
296 9
436 259
111 643
161 559
442 207
179 516
556 480
26 46
376 441
301 21
372 663
506 689
325 89
449 498
414 170
96 462
40 120
456 269
104 93
34 397
699 191
106 232
601 537
452 666
446 349
408 426
520 289
27 687
27 622
465 315
371 476
394 292
57 153
543 566
432 220
37 110
87 14
94 145
55 74
318 454
69 459
210 164
500 520
692 319
192 401
96 361
440 544
606 50
629 288
280 112
33 224
172 582
455 317
41 114
143 60
83 440
677 254
630 372
596 541
366 562
319 220
9 618
429 477
356 136
383 219
226 151
200 543
240 85
152 552
373 252
686 555
578 637
11 298
563 661
428 182
556 561
444 458
139 29
642 301
655 174
696 19
365 293
657 243
366 245
141 297
353 306
296 314
90 281
92 637
94 596
692 124
243 483
250 395
262 34
682 369
564 385
410 435
288 243
418 287
441 171
67 132
99 143
45 662
129 160
380 165
89 659
65 326
259 456
302 422
573 456
402 605
210 64
20 125
235 641
587 157
64 364
58 436
552 122
416 612
350 525
348 300
169 531
378 143
535 243
55 226
216 491
585 669
228 512
43 682
296 586
348 677
132 617
39 221
103 19
497 459
61 377
402 688
171 414
29 580
355 21
221 437
614 18
582 309
484 446
581 414
74 679
345 479
5 112
14 220
696 682
248 29
520 538
406 6
8 71
213 118
419 294
609 59
297 554
403 366
367 28
358 115
334 52
307 547
541 107
223 422
208 50
268 87
181 283
270 372
176 218
300 58
408 689
30 102
487 442
463 429
399 103
99 629
407 1
614 539
6 313
409 628
354 640
600 695
289 531
391 555
139 238
258 58
320 126
555 632
403 444
125 610
558 471
472 282
280 48
660 223
261 17
381 660
202 554
612 46
115 192
170 301
209 346
440 663
262 613
73 161
508 394
504 470
114 204
584 291
469 585
611 87
156 238
546 691
14 60
185 10
565 477
596 483
443 571
113 680
685 289
88 481
597 9
29 304
14 444
146 99
249 676
539 38
99 25
390 527
290 331
436 650
173 689
631 299
75 327
209 133
529 124
681 67
194 121
229 63
410 559
637 297
476 367
86 139
478 106
21 178
119 516
331 352
101 335
606 233
474 362
519 563
506 159
323 649
145 12
92 420
529 466
560 196
438 620
42 21
529 62
99 178
169 571
537 280
606 163
311 75
315 559
76 404
425 13
155 147
27 252
153 50
681 274
678 553
121 601
363 592
36 581
608 668
511 145
622 279
655 252
364 646
409 564
314 419
373 77
522 158
624 273
94 595
676 135
188 518
64 74
307 158
568 470
658 364
364 619
615 93
168 685
295 364
609 625
260 417
146 503
259 521
17 199
572 124
624 674
638 656
633 327
163 476
288 692
343 430
9 98
484 540
348 252
109 483
224 533
153 654
314 189
46 325
309 194
442 434
203 258
611 313
618 358
31 378
134 19
390 314
633 159
292 150
431 609
475 284
209 103
371 9
466 672
207 484
368 323
676 322
648 413
589 304
394 560
341 446
56 245
539 246
