4 35
13 7
80 43
94 88
10 99
90 7
6 15
26 13
49 29
57 5
81 73
68 17
89 73
59 56
39 59
47 58
5 82
61 85
2 66
62 79
25 12
43 55
17 94
75 97
13 13
77 68
24 84
35 28
64 45
17 21
13 88
37 11
28 8
84 16
59 86
87 13
36 22
24 19
47 93
92 83
36 69
31 30
51 98
82 84
30 25
99 86
56 20
71 47
13 17
13 81
18 64
99 67
43 86
91 18
1 83
16 56
65 87
34 62
87 70
51 55
9 79
4 45
56 68
19 99
55 61
12 92
22 93
15 76
66 31
34 56
94 50
88 10
73 72
36 98
82 37
9 90
27 36
4 60
67 57
50 31
36 58
37 67
43 68
20 46
1 27
11 64
9 40
79 17
52 88
75 1
34 35
97 61
62 40
96 42
53 10
77 23
89 21
65 84
88 10
75 35
