182 100
256 84
296 242
19 38
145 88
81 392
62 190
484 192
394 159
187 455
403 294
66 471
7 116
303 368
141 120
447 85
88 356
40 188
395 31
169 47
191 453
367 404
329 194
369 84
74 441
25 48
245 256
381 419
15 416
19 365
236 391
272 182
321 378
141 455
243 89
23 416
272 402
33 294
94 297
291 457
330 126
153 243
365 112
386 429
17 454
41 2
340 84
455 387
102 0
384 422
262 255
266 364
406 218
45 223
160 155
423 367
351 302
0 256
487 332
96 316
362 469
300 166
379 258
154 460
153 436
402 296
95 47
55 426
463 166
155 109
43 490
372 75
460 476
224 33
373 151
302 271
74 224
129 202
66 78
97 442
408 110
358 281
249 74
298 476
299 109
8 273
446 209
399 17
447 128
301 365
133 86
111 92
85 319
123 386
289 395
20 188
80 288
88 451
319 464
460 156
55 283
124 163
127 312
416 10
274 441
329 355
234 59
22 2
374 10
7 417
361 114
298 437
309 119
416 136
186 366
314 96
433 18
379 183
326 148
278 94
312 249
452 455
83 461
161 161
12 104
261 76
307 480
191 242
77 160
5 150
7 476
170 149
184 89
123 209
79 120
88 493
455 330
415 106
225 401
21 18
257 332
137 208
320 107
31 66
278 464
152 326
237 349
114 297
407 195
68 232
39 173
55 305
47 491
241 71
225 432
20 452
291 406
134 280
363 148
211 225
310 96
45 207
285 284
39 486
392 478
81 223
277 17
284 450
25 17
441 363
223 320
9 165
149 162
57 399
27 278
69 101
235 276
333 146
36 83
268 195
133 10
470 321
357 299
449 10
78 395
62 35
223 327
411 14
37 33
370 193
67 455
80 116
242 213
190 470
270 64
452 109
312 481
367 51
258 116
213 372
57 493
408 103
101 7
274 47
127 243
326 7
233 412
54 86
98 463
336 432
326 206
222 415
22 428
233 183
42 134
308 136
198 130
342 289
243 354
367 164
487 247
56 373
459 394
432 265
170 430
482 328
147 36
38 262
393 109
91 203
305 176
59 496
380 402
294 37
300 111
480 95
236 85
233 373
78 74
51 167
104 211
72 250
361 209
54 11
48 164
488 338
356 271
170 405
18 465
344 467
308 481
29 484
39 21
373 459
43 384
199 168
227 449
395 208
97 36
98 164
91 321
14 92
253 122
444 29
451 12
274 462
486 35
175 493
83 28
258 361
62 60
488 166
3 415
199 408
443 276
14 421
57 458
423 188
481 449
122 421
146 406
257 58
155 13
342 498
195 41
363 419
331 409
416 216
272 114
146 41
474 41
274 288
103 147
45 370
123 255
16 20
87 169
87 273
313 410
197 78
180 447
265 482
482 40
146 226
426 241
159 276
15 349
113 97
281 283
240 480
416 117
60 315
440 267
341 123
477 19
235 125
316 27
304 256
58 47
75 256
322 262
19 144
408 144
171 222
295 26
128 150
62 489
460 476
379 126
450 269
127 328
356 390
360 253
410 473
166 219
137 323
50 87
460 16
53 33
126 57
299 452
352 477
144 130
170 365
235 309
99 70
85 456
492 129
413 307
113 100
53 86
473 489
357 77
225 343
301 111
35 358
161 183
394 460
221 191
395 305
163 345
492 428
12 112
483 395
209 183
470 239
243 29
249 331
485 241
360 91
462 20
183 310
214 447
340 43
342 420
83 201
24 168
101 45
31 454
41 219
195 386
367 220
285 80
285 475
33 36
352 355
357 337
388 176
101 369
58 168
304 26
205 460
40 349
299 396
369 470
419 485
477 238
178 349
354 386
81 34
489 312
207 217
48 318
410 242
479 319
292 385
422 62
189 157
246 40
326 95
378 91
459 136
228 381
328 442
282 217
278 62
295 354
94 231
128 89
480 334
118 66
175 464
85 324
348 397
45 171
256 370
2 403
303 456
424 64
26 259
449 461
496 393
358 22
393 4
85 199
113 231
475 264
362 153
474 443
59 53
51 163
398 184
365 336
368 380
318 179
410 178
378 487
248 26
332 318
482 145
149 48
407 91
316 388
362 44
421 235
220 352
334 67
173 46
287 105
25 458
295 85
464 340
226 458
190 234
236 309
392 422
206 244
49 343
394 57
153 166
111 257
104 9
398 275
159 424
184 3
346 432
388 105
497 159
388 43
215 101
118 103
137 284
300 351
431 467
298 339
465 245
453 24
24 169
264 65
87 258
468 40
0 106
11 350
413 157
348 498
185 5
466 280
173 221
296 286
433 59
