112 37
4 129
44 32
186 31
12 10
51 16
155 129
104 60
150 195
149 91
144 33
116 190
106 183
111 12
80 190
92 196
170 171
18 132
96 178
44 11
74 169
101 97
26 50
72 139
179 46
156 0
190 13
125 127
52 164
77 43
167 18
150 130
139 115
34 152
62 141
51 136
176 190
100 181
12 150
161 23
92 139
58 84
63 78
176 177
25 40
154 43
118 34
189 185
20 10
67 136
165 168
3 98
96 89
171 192
44 186
168 49
107 31
194 18
90 72
183 186
155 108
4 103
198 14
95 71
121 152
132 166
198 145
97 76
120 76
92 78
154 124
46 106
97 171
156 113
67 163
127 22
159 137
146 63
42 109
87 169
61 196
127 124
46 107
74 9
152 88
115 5
8 135
60 11
134 24
133 111
115 179
137 185
84 81
6 0
2 114
91 163
148 193
125 159
171 63
127 166
89 117
145 166
97 194
161 144
85 53
53 103
155 135
138 69
172 182
20 12
38 124
68 195
178 32
86 47
185 137
52 147
12 49
119 18
28 66
10 191
32 92
96 6
155 89
146 48
95 182
146 134
56 190
178 151
91 44
45 35
183 137
102 45
52 90
147 75
106 33
17 8
110 81
165 47
108 170
53 1
157 2
122 122
87 104
46 160
44 68
176 17
16 145
38 15
182 53
136 181
18 50
162 148
157 97
181 168
181 42
61 199
91 137
176 134
160 87
152 162
2 178
127 92
4 68
24 17
68 40
36 117
38 62
187 92
24 30
104 132
102 159
129 116
198 66
128 39
66 22
28 77
148 115
121 27
145 46
80 1
108 0
92 97
50 89
174 60
3 72
99 34
141 93
65 147
26 165
35 117
180 69
117 153
113 109
173 129
12 103
92 131
144 66
154 68
11 150
38 192
