793 249
362 111
536 822
780 640
27 175
624 367
724 203
543 506
647 881
433 444
491 185
286 212
790 406
879 613
289 650
102 834
686 216
13 381
162 264
806 736
154 58
863 556
646 682
349 379
733 535
85 400
862 774
541 877
587 839
503 37
300 720
893 88
653 469
554 534
743 747
2 591
603 759
486 277
319 683
769 693
204 63
394 679
88 671
107 774
469 778
444 711
392 744
135 512
60 800
447 8
170 432
530 331
346 517
624 192
2 866
880 840
405 492
435 733
369 604
845 841
700 452
533 802
784 287
251 851
407 69
194 452
748 592
608 651
811 438
72 320
495 46
728 363
883 828
430 846
17 732
198 859
477 532
111 426
888 512
347 40
896 64
546 185
334 788
392 15
526 136
524 383
876 603
242 619
608 502
642 722
107 709
222 556
122 446
578 635
152 393
556 797
429 246
484 895
704 103
40 533
424 781
422 524
697 462
570 217
57 864
329 74
560 729
408 271
0 427
209 94
83 793
368 417
663 212
862 777
809 737
841 829
498 498
794 66
367 626
752 612
101 71
899 635
404 200
260 111
382 101
242 657
600 597
292 443
451 707
308 248
744 166
252 569
868 375
875 176
671 381
865 758
275 810
455 523
2 685
478 531
836 262
145 537
13 540
385 351
674 627
294 536
795 487
814 595
37 708
448 390
584 54
630 701
389 452
50 868
16 877
868 1
9 791
510 385
320 354
604 693
340 200
184 121
427 33
569 272
76 547
162 593
797 335
460 259
156 39
390 224
63 448
517 541
653 420
107 774
324 278
676 889
693 3
206 360
728 802
676 403
638 118
190 589
378 40
859 372
612 596
599 276
159 782
504 472
753 418
248 420
74 620
144 543
334 74
25 397
230 631
29 158
64 724
56 869
563 310
735 633
149 825
531 408
865 70
485 119
599 482
470 504
57 409
648 307
108 537
550 353
166 623
586 126
383 483
507 6
496 180
526 483
782 182
221 607
550 186
8 715
431 233
432 28
715 727
154 722
700 290
48 522
289 697
389 568
699 671
102 438
51 425
312 169
863 403
488 837
5 407
176 522
179 297
717 506
769 751
59 216
88 201
685 612
365 566
224 835
98 282
728 660
616 795
679 147
564 732
752 367
840 677
321 328
567 269
757 814
425 485
714 573
452 435
634 214
464 288
519 210
210 760
721 618
356 850
234 526
688 775
39 464
650 48
36 622
224 692
158 92
687 388
820 486
568 337
832 712
892 464
663 823
458 234
314 364
300 112
425 107
183 298
891 392
35 317
136 744
667 839
458 537
641 228
140 685
74 159
836 110
218 323
222 864
655 260
162 141
47 82
765 277
508 145
133 682
268 285
226 174
487 624
161 387
800 580
566 739
324 871
8 270
337 757
499 833
228 422
870 369
225 641
135 812
260 588
713 700
653 893
691 328
868 351
8 571
898 474
658 563
876 693
846 31
863 121
837 423
301 867
627 636
555 26
892 779
764 521
645 186
812 385
197 285
855 185
731 664
280 410
5 885
898 43
87 835
588 171
645 102
277 588
620 814
42 63
636 735
635 407
384 454
756 439
570 15
349 439
73 841
814 514
395 17
526 393
282 190
472 824
96 707
825 775
502 488
857 666
735 596
563 847
858 255
257 896
325 288
410 210
753 716
790 846
311 120
444 685
546 192
850 743
143 90
486 128
675 705
79 17
116 393
20 429
722 748
893 891
228 450
238 401
63 323
356 401
668 45
462 168
491 689
738 20
39 167
43 843
249 427
100 24
713 123
670 860
264 813
806 152
330 239
514 21
510 211
784 51
789 354
254 422
893 177
260 443
746 73
258 31
74 785
135 272
876 721
235 202
378 384
425 757
137 828
450 759
1 868
619 796
370 542
723 568
821 257
396 605
325 375
775 595
605 85
193 271
418 211
239 187
290 313
766 39
45 44
391 90
326 350
536 412
581 551
815 176
107 47
458 596
410 169
399 272
375 584
546 103
749 412
93 195
533 538
67 443
446 587
530 644
886 106
145 777
135 12
766 848
181 689
837 831
538 533
495 174
241 400
517 281
17 199
316 322
840 583
28 676
299 754
117 72
130 25
33 788
513 508
776 188
335 393
187 521
139 584
726 555
303 334
839 616
31 771
128 607
309 132
897 506
471 247
853 256
409 362
591 793
597 142
444 161
369 390
854 622
275 860
112 685
535 288
158 749
588 210
830 157
436 593
545 884
265 304
291 698
771 63
344 675
706 167
400 318
711 713
890 770
187 494
664 749
221 804
91 829
234 464
188 428
803 648
812 208
704 299
103 383
232 803
396 251
493 704
843 547
182 304
270 744
744 554
331 277
604 539
390 150
813 828
302 53
266 209
42 480
630 753
72 683
819 484
188 372
633 119
176 460
415 583
212 571
12 872
543 838
353 416
517 85
379 345
571 348
485 485
329 242
818 593
897 817
119 869
300 822
28 774
38 561
470 895
382 134
388 648
525 808
656 711
731 858
483 589
445 569
238 18
165 706
707 196
731 768
273 122
591 98
719 48
310 303
678 93
891 303
353 757
411 852
650 187
48 465
461 603
796 254
194 199
134 228
291 376
557 624
591 90
195 293
152 173
815 128
717 123
292 889
89 466
227 659
451 620
429 230
464 416
82 445
868 446
402 834
547 480
483 330
540 592
327 592
163 76
771 863
873 694
189 40
672 6
471 505
813 54
121 254
691 877
235 862
89 713
739 877
462 124
819 764
209 19
590 866
105 549
708 649
787 483
158 376
236 616
780 841
895 388
794 98
211 757
54 469
651 529
396 736
145 150
517 609
94 466
483 690
84 257
498 346
96 95
770 241
862 431
231 139
748 341
451 17
609 582
375 214
194 153
764 586
555 445
712 825
108 129
389 791
561 646
757 120
102 44
260 99
640 568
687 23
781 830
314 821
290 311
770 703
707 662
543 126
245 342
688 853
208 533
276 189
441 153
498 724
387 100
254 823
190 569
882 653
756 759
204 177
711 117
472 452
612 881
434 326
254 879
450 248
722 792
64 741
18 120
104 267
431 69
451 858
350 839
845 225
62 119
349 434
892 812
347 14
129 649
862 773
617 55
351 80
288 403
606 184
59 451
22 635
101 373
825 379
535 110
32 315
661 567
606 781
690 563
734 599
327 673
828 890
182 378
492 171
56 41
423 427
666 648
195 196
135 44
518 155
772 78
494 269
524 12
763 177
206 327
521 434
18 579
828 434
830 136
439 700
602 503
820 799
684 236
710 607
133 583
413 177
238 884
762 569
377 175
738 37
779 268
813 727
200 857
219 75
636 82
754 28
542 715
757 734
600 475
770 742
513 526
307 219
467 194
821 773
234 61
694 285
656 259
461 643
36 428
93 89
172 26
797 183
164 767
86 177
259 673
732 776
283 731
270 717
461 867
453 755
874 327
327 686
9 439
158 665
884 825
559 595
168 539
803 231
486 791
92 338
69 435
102 772
433 507
134 393
368 601
653 141
686 276
160 826
780 680
707 683
691 429
891 470
186 794
634 578
132 316
894 458
665 336
839 213
539 211
557 647
580 500
317 382
388 336
557 342
132 5
515 17
809 15
375 562
551 156
456 256
74 120
433 462
325 541
715 571
395 740
199 744
84 898
692 789
88 797
818 814
373 14
320 157
169 811
608 104
341 127
544 748
71 48
502 833
689 603
248 67
506 342
354 16
454 560
225 5
397 697
488 109
816 613
713 858
518 45
376 164
173 274
133 382
12 245
635 566
545 801
847 837
898 391
57 490
40 797
816 103
22 607
207 41
123 757
289 865
303 824
853 475
21 448
693 30
124 218
106 715
827 273
155 469
248 35
626 126
835 37
870 108
80 197
83 114
791 816
692 712
715 9
658 546
501 87
268 555
422 546
486 427
176 494
516 234
807 745
775 150
353 182
113 362
62 454
327 83
590 688
93 412
824 279
566 588
127 258
328 128
38 565
516 711
747 307
264 332
277 350
451 1
188 298
221 769
756 492
522 133
36 264
726 116
200 757
382 308
491 475
720 737
888 12
632 284
360 460
749 470
570 629
89 251
431 27
