556 70
279 547
246 468
395 266
601 149
257 827
352 269
276 109
799 754
36 34
651 14
322 586
257 473
219 758
589 60
630 539
144 33
431 698
54 649
436 491
617 487
545 883
622 557
637 602
485 52
100 793
319 222
572 572
438 196
709 446
950 758
533 722
95 559
7 290
673 142
943 711
20 729
720 793
237 341
290 43
494 593
157 865
421 879
429 417
421 627
276 433
112 973
300 896
735 461
96 401
918 855
927 420
591 406
767 274
621 431
221 399
323 707
732 751
688 731
529 612
387 471
434 304
24 958
916 665
24 423
740 577
152 626
230 176
448 622
159 663
923 864
463 348
991 440
891 465
724 281
904 225
362 833
673 458
84 737
601 397
521 525
592 547
287 62
683 192
669 545
304 972
173 782
140 695
702 271
212 565
22 743
25 216
886 623
91 905
415 799
249 526
868 240
263 350
506 206
569 978
197 911
856 937
621 465
931 778
14 471
197 49
580 262
626 866
411 143
888 736
945 89
145 636
981 118
831 919
11 883
747 10
226 952
467 65
309 724
10 754
550 595
328 532
178 855
378 805
857 700
698 117
201 348
429 842
203 745
156 843
277 960
652 920
16 83
391 61
540 872
504 948
460 646
734 725
444 769
612 243
558 540
230 485
487 500
654 992
995 524
652 5
559 768
776 603
479 989
541 182
163 655
758 563
847 887
373 388
643 629
339 99
967 410
750 688
382 699
629 934
613 624
200 23
984 592
391 179
505 845
536 721
241 312
335 890
779 564
112 137
812 551
25 778
815 405
334 842
252 398
169 574
118 221
950 779
990 715
844 38
225 648
716 974
491 789
224 919
178 758
745 948
917 300
320 925
535 602
215 284
491 155
142 43
148 329
851 468
101 94
358 224
878 715
418 234
213 594
764 718
544 542
46 502
199 385
197 943
375 681
305 79
35 337
105 877
982 725
324 544
997 284
836 744
657 467
24 511
717 688
644 158
983 474
758 682
945 556
5 500
620 456
454 356
942 538
687 865
943 97
361 694
945 575
230 412
911 461
310 0
457 437
635 45
510 352
275 687
809 563
769 666
895 152
131 549
834 733
558 132
904 565
190 942
927 46
778 424
737 176
928 875
399 115
105 661
625 562
300 417
538 290
182 731
314 411
427 382
488 954
821 746
915 37
776 414
769 412
380 789
729 446
391 708
514 17
826 527
201 780
816 803
598 774
487 555
418 747
946 268
293 313
476 106
877 425
613 409
562 681
740 60
821 858
745 899
591 931
815 709
117 980
815 849
265 990
861 542
156 677
60 461
423 952
716 875
819 450
779 687
958 449
555 195
597 360
245 104
406 893
268 403
797 56
782 804
217 103
845 741
759 511
982 367
419 620
783 889
595 305
426 585
963 43
260 204
122 689
114 400
746 675
828 130
730 504
682 988
798 486
412 123
361 248
903 773
330 891
983 182
568 321
233 576
197 815
948 963
287 975
720 604
746 70
476 250
128 769
711 714
880 371
390 371
712 939
701 781
554 10
725 477
382 132
282 163
919 103
293 91
749 223
59 728
613 353
268 353
676 319
344 632
457 88
912 155
746 103
547 934
647 535
567 624
455 387
842 863
138 834
330 509
707 783
678 531
581 148
139 289
317 144
530 268
912 109
418 176
686 950
598 281
217 753
256 853
898 226
590 873
906 128
706 11
762 616
10 972
37 111
950 758
781 238
384 515
201 877
806 678
952 10
337 243
370 186
195 709
579 971
687 460
699 390
436 396
670 50
952 392
906 497
822 372
203 246
862 84
109 512
110 937
514 380
178 414
170 680
186 912
10 91
888 123
698 972
289 335
498 913
6 755
386 269
969 739
321 914
959 906
62 556
895 487
579 891
396 132
93 502
719 380
897 547
443 473
53 93
815 714
442 772
939 816
353 691
353 732
653 196
177 854
980 781
272 247
393 40
895 829
662 496
674 861
70 571
347 847
581 297
437 452
593 439
802 314
586 239
536 747
963 879
71 592
489 585
966 447
958 213
200 566
909 665
110 507
542 642
248 873
243 533
457 302
371 755
97 191
672 514
186 682
777 796
606 701
9 471
395 12
71 501
198 91
839 974
18 512
723 9
156 697
966 572
302 645
656 292
132 643
501 317
168 165
976 677
825 978
281 637
212 216
114 420
170 946
846 331
112 866
364 985
107 948
934 445
252 668
433 349
671 276
491 592
121 544
591 865
390 607
968 291
820 86
213 204
264 975
200 679
705 368
655 177
219 375
846 535
920 310
689 758
639 422
945 945
965 606
78 609
530 416
686 264
128 657
726 235
738 819
857 715
710 296
286 716
393 89
459 890
907 9
722 377
263 572
235 533
151 948
42 720
699 743
967 226
212 717
298 687
807 218
867 851
620 495
465 405
712 40
292 938
293 472
623 351
429 973
833 901
116 708
192 720
146 714
430 559
465 935
10 336
868 664
53 208
259 204
66 36
268 758
460 241
579 480
682 600
922 953
531 756
275 480
197 409
542 214
215 265
277 42
877 618
299 15
373 732
677 362
71 291
548 314
912 71
980 71
533 710
897 810
207 810
400 826
728 750
583 71
295 843
817 790
370 774
140 882
882 383
208 257
791 902
639 364
91 827
491 455
131 739
289 167
457 422
294 563
680 86
649 497
650 294
984 383
356 831
20 754
645 525
732 915
372 336
896 867
446 430
454 671
118 323
40 436
493 383
269 513
594 564
424 439
123 859
733 764
921 726
998 969
263 589
191 384
107 415
959 891
597 572
788 5
7 432
112 5
304 492
383 372
356 118
513 724
840 892
19 471
241 94
254 608
507 48
887 415
897 946
12 976
89 723
667 546
899 884
44 647
108 223
442 340
18 870
413 708
117 815
416 688
410 4
247 797
447 439
188 291
557 574
682 912
943 404
672 702
750 724
399 164
736 627
294 35
857 394
482 443
869 348
778 823
82 270
742 506
734 32
160 378
885 539
888 727
403 448
366 358
746 42
303 649
835 410
17 732
668 241
684 827
657 583
482 34
795 22
895 705
711 854
304 141
156 426
601 370
667 214
216 127
180 241
452 973
677 585
928 395
519 53
61 658
972 893
238 531
419 98
711 229
427 725
272 187
948 819
369 747
740 482
856 118
660 69
773 516
406 679
290 747
616 819
611 262
971 325
185 653
847 386
170 949
209 468
584 875
501 148
69 517
981 764
474 17
696 356
969 370
588 203
603 823
769 95
20 605
333 485
509 6
172 483
61 993
840 394
580 730
783 417
770 315
684 614
5 901
938 934
27 73
191 404
534 411
99 593
43 275
428 98
693 505
629 275
46 359
572 131
929 23
520 153
616 393
822 549
215 683
204 596
913 679
209 390
844 558
707 603
781 166
491 462
120 650
626 444
572 38
577 926
534 661
437 899
976 196
247 505
585 942
625 52
960 564
919 545
756 776
267 999
242 248
161 696
342 231
81 510
225 269
87 522
606 900
896 27
941 374
841 786
446 30
692 512
469 297
239 553
328 244
831 955
145 587
489 768
760 560
268 115
566 464
923 206
818 744
869 235
673 966
488 529
486 685
827 705
790 883
965 998
994 242
721 276
649 987
650 545
326 14
519 534
458 887
450 438
557 483
957 700
172 891
518 727
624 282
280 506
509 942
372 403
443 892
331 572
400 445
444 253
206 800
121 412
291 86
830 187
570 225
775 931
115 589
273 124
530 110
484 756
365 201
595 895
305 626
138 267
534 206
255 727
702 245
330 175
779 302
177 266
668 857
716 600
406 453
575 231
380 631
922 585
981 751
895 204
728 678
641 601
62 488
441 855
777 753
629 582
987 472
851 961
534 451
173 25
210 371
146 296
142 956
439 224
913 30
911 534
180 11
529 53
846 746
404 358
583 170
248 753
891 75
197 801
630 525
847 533
415 522
348 731
78 768
536 133
485 375
531 371
23 885
645 458
913 32
312 656
746 439
832 371
447 784
16 783
715 775
557 434
291 39
970 438
296 503
878 506
132 644
318 46
276 349
161 339
764 663
226 290
169 271
866 301
343 307
500 186
511 691
58 688
950 163
230 655
645 320
837 932
587 85
439 700
998 588
198 925
763 763
569 861
714 464
945 235
302 495
62 118
299 292
131 723
391 97
524 498
823 628
580 593
628 107
132 163
697 339
68 676
674 13
417 151
729 604
888 217
190 29
654 642
284 329
866 822
861 962
518 964
976 818
851 569
41 958
285 849
667 412
579 551
716 267
461 475
424 339
871 38
317 136
712 253
794 953
339 447
779 187
682 850
196 860
608 275
509 153
387 538
798 92
829 620
445 271
15 921
644 336
187 472
706 945
811 535
840 910
865 560
216 681
494 10
59 939
580 441
426 391
669 560
715 680
398 853
341 740
240 58
411 87
193 613
680 318
507 976
266 824
903 421
962 614
401 382
872 469
231 141
426 192
614 789
233 728
319 761
801 256
171 472
199 823
561 229
34 400
962 633
231 28
408 532
843 909
686 462
265 747
146 450
391 958
368 14
468 192
