238 254
235 43
190 80
58 191
66 83
297 59
71 203
294 78
225 81
273 185
27 16
111 299
277 189
68 256
199 277
257 134
107 143
258 4
149 296
16 91
62 265
61 225
277 191
79 160
197 151
45 266
127 280
279 138
127 148
190 222
1 220
66 257
269 174
262 41
259 190
159 122
297 17
71 93
172 91
198 50
280 190
179 281
107 94
53 107
238 240
49 56
149 36
67 134
93 169
173 133
9 34
132 93
250 259
290 248
274 182
21 50
84 178
177 265
8 88
4 12
128 184
158 81
178 79
125 174
75 65
46 64
117 185
53 201
45 106
19 158
252 299
124 223
266 36
226 189
277 31
184 35
67 129
33 171
173 277
173 218
240 116
100 45
271 179
264 142
152 219
274 86
176 275
212 111
262 40
228 237
232 253
80 270
160 73
84 26
124 205
57 136
17 275
226 160
180 82
58 53
82 174
279 189
11 238
200 215
37 104
217 271
143 146
212 57
150 268
41 93
216 49
223 77
179 75
193 160
207 18
29 68
148 257
77 30
202 278
60 279
96 57
288 152
224 183
173 298
4 56
90 291
217 115
60 82
130 68
288 96
225 266
222 280
163 299
10 228
150 172
262 253
80 178
262 210
213 58
181 127
74 63
42 34
290 45
216 19
74 95
85 158
145 8
108 90
211 248
290 245
134 272
54 90
62 150
128 277
8 59
230 120
49 150
265 61
176 151
9 145
169 229
150 129
250 27
297 258
41 57
19 176
299 211
299 197
159 183
108 183
259 176
297 265
79 17
273 24
280 237
179 1
68 121
229 81
44 265
74 96
80 155
22 73
147 101
179 276
8 237
39 247
138 185
86 227
121 126
87 199
114 136
297 106
216 94
230 107
242 102
283 212
121 124
170 29
25 148
34 40
290 266
72 285
214 83
1 217
114 54
2 78
139 278
157 5
203 89
152 259
171 150
139 188
198 97
70 239
129 177
176 188
155 17
57 288
6 181
163 202
283 190
238 26
13 197
50 263
27 34
124 11
24 50
0 156
94 119
135 81
168 80
74 177
82 45
273 55
9 252
117 1
53 275
213 137
100 30
189 133
290 227
163 269
66 130
63 126
229 157
116 125
37 53
195 73
164 69
255 289
270 207
13 208
255 215
193 138
257 32
18 29
15 166
34 15
203 173
225 279
98 48
76 135
175 252
226 179
296 285
286 52
250 276
272 160
0 69
96 258
204 171
120 10
96 294
102 2
132 191
11 270
11 220
36 263
169 288
11 100
127 282
206 139
270 99
114 292
234 47
296 85
145 189
18 58
39 287
201 169
101 168
102 211
175 126
106 275
235 237
219 94
185 92
85 102
31 164
256 20
