74 8403
48 5293
69 2040
43 6301
51 4809
36 2283
95 1032
77 4147
32 7834
73 5066
63 2785
14 2973
95 8092
67 8317
79 9849
98 3583
91 2058
80 3415
52 6536
77 6671
36 2936
13 4761
21 9979
24 9111
31 5320
100 5288
40 4313
29 8825
28 7174
94 9169
69 2313
64 5280
48 7546
53 7854
46 3535
27 4993
17 9973
96 1001
71 2512
45 1661
29 7057
30 1247
68 2719
54 9426
68 8525
36 3590
13 2873
34 7313
15 6808
25 7357
19 2773
41 5234
36 6996
35 7276
96 7317
60 4791
55 2321
43 8031
66 2038
52 5641
31 7434
74 5402
88 8948
61 9785
44 1605
53 9632
75 7556
65 4063
73 3460
75 2707
86 4649
19 6127
62 7743
42 5853
77 8118
84 9357
25 1491
33 4772
90 5691
65 6563
16 2531
99 5400
90 2511
32 7634
33 7378
23 1169
78 4200
72 4905
83 8983
35 6313
53 4669
92 8102
11 1818
53 8167
99 8080
100 9668
18 1281
56 6837
40 5564
49 7724
31 4171
86 3958
39 6388
50 4324
58 8437
51 7467
72 6146
79 1184
89 9925
18 3659
72 8100
56 4259
62 7658
41 3756
90 5992
35 5299
66 9128
62 6612
77 4532
23 9858
84 3643
38 5285
64 1056
85 2180
85 3067
75 5932
12 1873
15 5401
48 1881
28 3192
31 1079
16 3104
12 9936
65 2357
17 3390
67 2461
23 8275
61 5443
34 2802
44 9746
35 9975
62 1452
100 2096
82 6462
19 4363
59 5003
62 7210
87 6036
35 7720
40 5383
100 4758
50 1170
35 8179
61 3397
14 1923
33 9623
27 3049
78 1131
37 8734
13 8380
54 1511
52 1759
93 2930
79 9036
69 7127
97 1657
12 2834
21 5438
56 5919
71 6263
31 6139
84 7718
50 6769
88 4479
89 4668
42 3957
85 6759
70 5073
24 2733
77 7320
25 2669
79 7465
97 4990
53 3558
76 8381
75 9061
82 5908
62 5219
91 4379
22 9539
89 6900
33 5433
13 4821
88 3105
22 1508
73 4093
82 7016
27 1962
35 4983
80 1286
68 1459
19 7141
96 1361
90 2576
75 5683
46 3611
21 5975
55 3713
71 5616
93 6775
74 9926
60 6143
66 7997
64 2849
57 6607
18 9517
70 2803
30 9887
92 6991
69 2489
60 2498
24 2342
66 7482
35 1785
66 2647
53 5708
80 3862
56 7612
98 7420
92 7690
48 1794
82 2976
41 9602
18 8969
67 1994
73 5785
56 7090
98 3736
24 1748
81 6150
88 9021
55 4259
42 4169
71 6736
29 6135
67 2549
86 9074
66 9807
99 3938
46 5879
16 9231
81 8759
54 1015
12 2109
28 4009
72 8618
32 2240
91 2564
12 2076
95 3833
90 1011
24 8471
96 8420
90 6654
55 8487
90 8818
99 9792
56 6557
25 9532
30 6804
58 1614
62 1042
69 4981
10 9725
67 6855
19 5060
77 1376
88 2665
43 1153
66 4596
58 1389
24 7969
69 8398
75 8266
87 4489
62 4813
11 7331
96 9838
35 1758
90 3413
58 3873
63 4441
88 5109
94 2832
12 2498
47 3253
91 6681
11 9781
55 8932
32 3058
95 9238
62 3581
41 8209
92 7889
70 4748
30 3334
96 8108
37 6087
38 7481
100 6683
50 7272
74 7474
81 2650
51 8880
91 7786
65 7003
65 4144
31 5192
41 9209
56 5343
70 1478
11 9324
87 9773
82 6711
15 3981
57 5967
87 6802
94 7141
16 8514
82 2682
62 4619
48 7814
35 2491
63 6532
41 7981
63 6324
51 2490
38 7654
21 2959
91 5589
15 7036
47 9276
14 6298
18 5747
93 5444
24 7043
99 9222
24 3716
23 6550
67 3179
96 5152
73 8421
77 3064
59 8528
94 5100
90 1789
43 1057
34 8378
75 8370
13 3548
31 5964
93 7399
15 4108
16 4317
59 8298
32 9592
69 2868
77 4584
24 1407
82 1999
36 5214
99 3931
55 4163
99 2004
15 4760
60 3265
76 9992
23 1429
21 1730
29 7729
86 1658
97 8444
96 4412
39 3866
24 6932
40 1599
25 9884
33 9839
30 4931
96 9074
79 9475
62 9794
61 6911
84 8870
69 1856
59 9404
15 5335
69 7092
45 8904
58 1484
16 1563
92 5767
42 1983
53 6477
65 9839
83 3765
15 6305
44 9037
54 4424
21 9507
34 7375
64 6830
16 1184
61 7546
31 7490
14 3920
98 4852
66 1295
87 2675
84 6943
55 4271
97 6383
45 1251
26 9619
56 7173
40 4308
16 6644
41 7482
26 2354
32 6287
23 8898
17 2334
78 3595
66 3618
71 8647
19 6745
98 7638
19 8104
87 6935
28 5313
38 6399
53 9015
79 7506
63 7497
90 3994
92 2043
95 1451
57 6590
94 8585
89 4819
11 3916
18 7574
85 5387
49 3867
93 9456
32 3699
11 7363
96 6930
59 2759
69 6655
70 3743
100 1630
76 2768
92 5063
54 8558
75 6228
29 5584
91 3906
30 1569
67 7680
83 8909
16 4742
20 9457
90 9458
10 7051
79 3519
65 2723
18 9049
71 8388
21 6981
94 7478
43 3433
25 6359
72 3588
50 7593
81 4911
80 9569
33 8773
87 4205
21 3701
61 7454
38 7661
75 3589
38 6721
44 7359
40 2112
64 7091
33 3705
62 6870
58 6014
22 9816
77 3665
56 3487
29 3082
80 9735
76 2846
72 6731
37 5598
100 2980
58 5433
65 3191
56 6453
56 3391
52 7729
28 6570
91 7607
44 5313
38 7781
47 7462
34 2691
57 4579
75 3458
41 9982
94 3929
82 2825
23 3365
45 7353
70 9919
54 3685
24 8428
48 5969
45 3321
45 9569
53 1527
71 9404
77 7075
78 7590
16 4078
89 9400
93 5253
71 9132
68 9327
24 2080
16 6739
50 9844
100 6817
77 7268
47 5833
56 3370
84 4003
50 2329
79 6263
34 9658
75 1117
16 6750
30 1372
44 2472
42 2849
73 8040
60 8347
27 2650
85 9432
30 9701
82 3678
82 6347
27 8697
60 6923
59 6935
28 3271
19 5398
80 2296
86 6107
15 8733
18 6482
70 5494
41 2874
84 1854
64 5926
55 4031
57 8318
35 7716
32 5054
35 9300
31 6319
85 9321
15 1857
10 3446
66 4114
34 9108
72 5042
66 4078
48 7287
45 8155
19 1742
77 5586
38 9763
12 9886
46 9800
88 8481
73 8814
15 1379
32 1111
61 5504
73 5211
13 3044
80 6606
40 1631
13 3617
89 6214
46 1882
60 3732
38 5794
14 7883
11 5341
89 6291
94 1311
92 3322
62 6956
74 2236
22 3280
65 9130
45 7715
51 1498
60 5572
95 3582
77 8218
36 5668
45 7630
70 2288
25 5229
93 7033
78 4015
10 7198
64 4995
78 3153
20 7223
71 1608
15 1966
78 2708
61 4305
42 1172
72 2747
45 6719
68 1191
24 3921
52 3620
87 6453
28 2505
24 5490
32 8868
67 4793
44 5126
11 1043
41 5549
93 5450
58 3652
11 2166
43 6990
78 6670
33 1319
29 3722
61 5050
67 6587
88 7172
26 3756
70 2899
16 6379
34 7721
41 2180
78 8791
63 9375
93 7437
23 8045
44 2494
26 7979
62 3527
35 1430
41 4779
65 5845
39 1838
22 3385
84 6535
61 3088
14 8058
64 1773
19 9283
48 1945
31 9112
93 5299
39 8523
41 2258
95 3767
44 3358
31 4134
11 2072
38 3781
42 2908
27 4101
50 2641
85 4334
28 6651
61 1259
98 5997
96 2656
94 8283
11 8597
30 6515
60 7349
87 8369
99 1918
63 2234
66 5187
64 6209
34 1342
32 6694
79 9571
60 4503
10 8461
79 9339
38 5199
11 2523
73 4631
99 1834
26 3981
74 2586
34 3499
74 1787
15 9652
90 5466
73 9050
44 4247
45 5669
64 1371
11 3045
33 5096
22 4885
87 3387
41 1867
99 1573
82 4680
17 5561
68 1866
96 8661
66 4581
31 3731
12 6874
57 9207
78 3980
14 2582
14 4754
60 2932
13 4846
61 6676
88 5301
28 2935
26 5510
60 7609
51 7095
81 9129
30 5470
23 2891
38 5457
77 3570
52 7363
67 5202
75 7143
70 1530
15 5664
58 2239
19 1156
100 8483
73 1827
97 6869
15 6316
19 7303
91 8451
66 5162
63 8111
36 4084
64 2055
40 1540
67 7674
74 3224
20 3170
10 7844
54 2030
11 5215
60 6877
90 4885
95 2911
62 9994
84 4744
72 9881
43 7132
93 4067
68 2838
90 8827
67 9286
88 2159
58 1538
73 4205
41 9042
19 5796
77 3806
48 4701
92 7636
66 2156
53 9991
39 5166
28 4313
34 8236
17 4355
10 7312
14 7932
83 7374
11 3476
14 7266
15 1622
45 2250
98 7361
73 2896
15 1020
73 5393
87 3791
49 2242
47 2986
65 5574
52 8855
19 6287
27 4531
83 6787
99 7729
50 5750
92 9780
50 9793
35 4355
38 2966
88 7369
100 8685
55 7876
16 5966
26 3983
43 1885
44 7241
38 1398
64 9066
91 8824
60 4986
81 4338
74 6820
94 6709
52 4346
66 6886
72 4969
39 1901
68 4878
94 1566
98 7859
84 2242
94 2965
11 6931
76 7476
89 3406
81 4399
91 5793
39 9247
20 2731
17 2395
10 2363
81 2250
22 5230
20 6480
99 8119
86 4544
71 7915
95 7228
16 6805
54 5883
59 5033
38 8360
87 9746
19 2436
99 7861
13 1173
95 2392
76 5180
22 9957
36 2463
63 4503
10 4608
63 7098
11 4689
52 5107
91 1344
57 6379
28 3475
37 9971
54 7761
73 1301
51 9475
32 2436
47 1157
54 6442
83 4111
77 2864
60 7435
14 4863
77 2470
11 3557
18 8389
68 4052
62 1274
95 3357
81 2833
41 3256
18 9179
55 2800
82 2582
94 3056
88 7266
52 8188
89 5469
90 1657
11 2971
25 8326
17 3972
87 9818
75 3808
52 2073
95 3468
83 4732
79 8987
35 1802
55 3766
56 5659
73 9261
98 5528
84 8812
17 9944
30 6537
92 5373
82 8969
99 5865
10 3676
28 5297
31 1392
13 3018
53 9765
85 2520
59 7242
61 7896
43 7103
21 2287
80 1488
58 2201
96 4057
12 5779
26 9465
39 6304
32 7670
81 8554
22 6626
28 9232
77 8526
44 8660
66 1214
75 2307
77 7726
86 8519
44 9332
72 5381
72 5118
74 4679
30 7008
64 7309
55 2809
39 9746
40 6351
62 2541
50 2664
46 2161
12 3165
22 3640
64 3675
16 6814
89 4407
12 3061
80 5432
21 5428
79 4116
18 8950
12 5829
72 5720
54 8630
13 3164
41 2331
90 1448
26 2544
85 4246
62 6217
12 1874
95 4094
47 6207
97 4619
68 3147
43 8392
48 8939
92 1256
50 3002
99 9167
11 8585
17 4261
46 5700
14 7412
24 8676
81 4342
18 3931
82 5674
82 3676
95 9293
78 5224
55 6644
43 9718
35 6310
82 9182
95 1891
47 2886
95 4463
34 2588
89 1042
16 8552
91 9843
44 9124
91 4292
35 3302
56 9222
19 8639
98 5512
60 6357
11 8482
97 2565
27 1572
49 3773
55 7563
29 1746
64 6963
76 3237
78 4918
38 9562
42 5293
28 9825
66 5242
39 2177
40 3813
43 2440
19 2522
93 4771
85 2704
55 4303
66 5437
81 2279
98 2282
80 7899
11 3207
47 5099
30 7350
22 1531
79 1058
22 1284
43 5144
10 2529
76 5985
29 1762
70 8075
22 4221
75 9595
27 9308
19 2786
84 5096
44 9702
55 5122
16 9448
57 7508
79 3798
35 9457
14 8127
60 5021
40 8424
71 4160
16 3096
77 3945
82 6411
25 5214
99 5825
87 3455
16 8696
16 6506
73 6391
32 4774
82 1254
64 1667
47 7428
94 1704
96 1238
86 4827
64 6766
40 8956
91 3790
67 4213
49 9862
55 2668
68 1866
30 8959
61 7201
46 1183
12 4971
22 9968
49 6948
11 9317
11 1450
56 9730
18 3015
77 2101
22 9025
50 2420
87 2832
62 7149
16 8334
61 7064
94 5907
42 4949
55 9501
11 1835
98 2106
94 2444
65 5231
87 4678
57 7333
83 3975
33 4355
74 9169
41 8642
82 4110
88 8986
77 7535
60 1214
26 8114
40 6639
59 6734
47 4478
67 1971
78 2378
87 1663
50 6290
14 4095
82 2513
12 9836
77 3081
35 5053
57 9708
70 7973
95 7765
90 1751
85 3205
63 1702
58 2825
63 1623
31 3570
97 9083
94 1169
32 9259
48 4207
67 3602
100 5402
41 6292
45 3998
15 1543
14 9181
16 7870
67 7798
71 6289
17 5427
47 3255
85 3919
98 8191
36 7721
41 8453
41 2450
70 9612
100 8545
38 2117
26 4577
95 2550
68 6186
75 1608
19 8567
89 8563
35 6646
82 4882
93 4930
33 8950
58 3371
56 5144
42 5518
85 7262
95 5134
23 3362
47 7624
28 9353
49 8018
75 2499
73 6683
34 1794
33 6447
38 2299
61 9158
70 9771
98 5953
72 7354
18 9167
10 9716
58 6549
28 2243
83 4631
67 5113
71 7650
47 3915
11 2552
27 6017
72 3906
30 3754
82 9626
66 9208
45 3594
11 5357
21 8269
62 4740
67 3351
87 6968
98 2413
47 2194
59 1124
51 3171
17 9003
63 3994
16 1488
74 8452
78 3550
30 2665
26 7576
43 2358
92 7416
97 2851
34 9122
25 2683
10 9224
62 5262
92 1159
70 2583
88 2580
58 1893
12 9237
31 2797
85 7665
84 6361
17 6509
30 1660
58 8936
56 4295
30 6823
26 6588
44 9304
90 9479
55 6401
57 6413
84 1315
59 5893
17 9227
24 8991
10 7663
27 8895
100 8401
23 3263
26 3480
14 8307
97 9032
26 8107
13 4516
30 2188
41 3790
15 3142
100 5645
25 9219
94 2034
46 5381
38 1691
95 7410
13 9406
22 8424
38 8045
10 1073
42 4611
92 5446
97 7480
72 5285
64 1603
84 9051
99 7942
85 3811
20 2304
20 3240
51 6694
73 3569
88 9659
51 8944
58 1309
59 4368
30 9003
97 4039
39 3477
40 1253
44 7131
68 6869
32 9018
72 8994
28 3034
39 5898
40 6071
16 2204
86 4406
13 4239
93 8919
24 8271
61 9291
62 1753
71 9948
27 1120
19 4669
90 3353
54 7298
88 6272
42 9478
31 4067
24 8021
62 7033
94 4228
38 4149
38 6208
11 9372
30 6801
11 8532
41 2325
87 7430
78 6176
51 7462
33 9932
27 8360
64 4201
23 8764
62 8215
48 8028
58 9574
33 5779
90 5288
50 5393
67 5242
12 5268
73 7040
55 8691
90 8707
17 7086
96 6011
33 9558
86 1646
77 1493
46 8116
94 1620
63 9390
66 9684
27 3174
72 6103
41 1828
69 9647
24 1207
14 2998
14 3259
58 6935
55 6447
16 3844
99 8378
92 6926
87 9559
68 2898
24 8734
74 2608
86 4232
52 4943
14 5086
45 7370
49 1891
62 4777
97 5993
67 2553
32 7912
46 8011
43 9064
93 1538
52 9702
16 2172
19 4908
94 4114
99 1766
84 6737
98 5767
60 7960
47 7845
33 9699
54 6031
36 7738
15 3301
100 3680
88 1232
24 7071
83 6303
56 3098
88 6245
99 9856
19 3835
53 1564
76 4385
93 2592
44 1915
69 7882
74 2669
27 1455
60 4531
46 8996
58 1344
14 1079
30 6970
16 9028
87 7616
81 8071
80 9308
89 2794
83 3588
50 5366
90 3156
60 3060
27 3352
93 6420
50 4134
95 5291
32 1418
68 6556
88 6120
39 3302
38 2860
60 6078
71 8379
49 7808
49 2204
100 6983
98 4555
40 5647
95 4193
66 5360
94 5410
82 9138
77 9737
35 9632
57 3358
46 8323
79 4464
45 7300
22 8372
95 7161
28 5521
35 7102
96 9570
59 2804
94 4284
39 3249
99 7463
63 9594
84 6106
56 1064
83 5673
85 5805
61 4445
82 3575
94 3594
71 3744
68 4249
22 1251
14 5652
86 5127
28 3975
74 4052
36 7768
74 2748
17 9385
75 7205
69 7792
69 6034
32 5883
79 1429
78 4893
65 8726
67 2829
14 2615
87 8917
15 3936
16 7740
60 8682
80 7569
15 1639
63 3559
13 3010
67 5915
82 6055
36 8954
71 8482
49 4731
25 7403
61 5610
53 6690
16 9274
20 6878
20 8766
52 9525
15 6811
30 3707
65 9889
32 4576
68 6966
83 4290
89 3956
32 9300
73 8859
89 9685
69 3174
12 4883
63 7106
33 2066
89 7020
21 1632
47 7459
87 2041
66 7791
76 5437
47 6512
11 5939
85 4530
38 2767
75 4536
16 4225
53 5971
36 5479
92 7855
69 8071
26 5174
49 4579
14 1773
36 5301
27 2254
69 1394
83 6060
56 5463
39 4543
94 2604
56 3702
23 4329
42 2819
26 5076
10 7737
10 2939
33 6191
58 2951
40 9239
36 7319
13 6902
36 8261
72 3105
91 2376
79 3641
67 7060
41 3409
55 7916
67 4642
83 1857
88 1439
32 7078
49 5387
71 9096
76 9930
45 1494
61 3292
37 8196
69 4881
65 9139
43 8317
51 8182
95 2346
99 2952
63 7138
13 7585
22 8525
42 1261
51 2732
89 7403
100 9788
21 6527
60 9436
58 5082
65 6692
86 8835
88 9872
19 6529
32 6262
10 1934
93 3421
81 9259
79 8407
53 6881
17 9598
41 9408
53 1086
63 4090
41 3977
86 5184
47 3537
19 5985
87 3889
14 8362
56 8861
20 1112
47 7939
54 3743
93 6605
92 7042
29 5960
53 2042
36 9668
49 5740
60 9027
41 1597
18 6278
81 3191
26 8883
20 5793
78 3199
75 8140
76 5690
37 1759
50 3468
58 9694
59 6663
71 3972
13 4452
32 6316
53 6592
56 9467
31 5641
80 7729
14 9612
61 1981
11 6568
80 3291
54 4855
88 1758
22 3212
30 4338
51 2735
47 9638
11 3253
53 5388
57 7145
65 2904
78 6234
14 5872
59 1561
99 7759
91 6050
83 2226
24 7165
65 8890
89 7238
82 3631
11 8385
98 1166
88 7037
14 3641
30 9944
51 9348
37 6923
21 8444
31 2668
41 1218
52 2004
70 9051
19 6506
94 7142
43 7782
38 5962
43 6908
69 3254
10 6389
22 7535
23 2171
22 4344
71 5974
70 7624
45 1165
16 3173
83 4560
69 1084
11 3245
61 2458
49 5948
32 7066
34 7036
17 2188
80 7837
83 9874
37 4821
96 3660
59 5142
95 5680
93 2222
28 8604
82 9506
98 4675
17 9762
78 9049
75 4827
16 8190
43 7937
50 7258
38 6190
99 2651
25 4071
80 6407
44 2114
64 2339
12 1079
47 9013
48 8568
37 9970
28 1270
28 6538
93 8807
61 6751
16 2417
22 1878
99 7233
90 7075
13 8164
88 2893
89 5477
38 3909
57 3053
73 2966
67 1573
66 1190
85 3601
76 6508
85 3270
80 8110
63 1268
98 4966
30 7045
57 9800
26 1847
62 8622
42 5835
30 5940
15 6239
72 9614
64 5978
99 1198
12 2284
98 8007
83 6298
68 5424
95 8949
96 9583
45 1125
85 1146
55 7633
91 7696
78 7810
23 7935
15 3353
50 7335
97 3764
55 5549
30 2543
42 2648
40 1095
18 2424
35 4243
81 9590
46 3895
46 2367
26 3403
29 9190
42 1949
67 5771
33 5212
70 8248
60 8364
88 8295
95 5444
27 3164
59 4973
38 7392
66 1436
99 3437
62 7185
37 3017
20 7663
67 5716
87 5165
32 6045
16 2389
30 8754
81 2706
70 5397
55 3266
84 8605
34 2652
40 4578
55 2988
96 5319
11 2794
28 2128
48 1855
48 5084
22 3618
77 4654
92 6091
30 8287
59 3366
47 3954
15 7527
98 8181
79 9761
74 1228
37 2444
50 6559
48 1603
72 7461
61 9526
98 8880
87 9079
89 9195
82 2231
75 7533
49 1095
97 8558
18 8339
18 8019
59 4850
81 4469
14 5781
98 9297
60 7965
10 7073
45 6693
81 9892
88 2345
28 9541
25 9446
26 6679
92 9802
39 2116
49 2600
79 4824
93 2742
99 5847
71 5449
66 3208
49 7628
70 5498
76 6219
19 2174
60 3077
46 6405
56 5631
37 9095
30 8072
65 6977
70 5760
23 4860
36 5016
51 7145
80 8935
30 9616
94 3653
59 4743
70 2813
46 9425
68 9731
57 4725
39 9577
49 8843
14 7286
10 6251
15 9305
15 1632
20 9383
34 6860
28 3077
47 5634
91 8537
87 4553
51 7509
34 6751
85 7547
18 8225
99 6594
85 8244
96 4918
27 7607
63 1917
79 5442
98 8948
82 1312
10 1227
91 9762
19 7754
88 3175
16 5817
93 8702
15 1412
23 4051
76 5156
51 3075
22 8464
64 7957
16 2024
36 2704
33 4399
85 5776
14 3797
12 9597
29 4174
46 1578
69 1799
84 6668
12 6152
62 1121
23 3095
21 4948
28 1077
64 5037
17 7208
10 3938
86 2518
93 4211
69 7690
87 3350
35 5259
52 3144
99 2949
75 3538
72 2799
70 9736
10 6236
50 2419
31 6632
93 2882
17 6920
79 5367
28 8986
47 2147
43 5389
61 2172
87 6787
65 1757
57 5749
34 7621
86 1149
35 7137
87 7050
90 1719
99 9543
72 4391
57 3424
97 6707
35 1082
35 3779
67 9810
18 5118
14 2649
34 2679
46 1254
25 1297
96 8075
94 5821
50 7105
89 5241
52 3212
33 8349
34 9537
97 5010
84 1274
90 7346
62 7337
81 2374
31 4148
18 5530
28 9964
42 8329
38 3129
97 5833
54 6693
19 4768
59 9996
34 9926
46 7747
95 8275
85 4337
94 2903
41 6811
15 6861
20 7472
50 5619
72 6527
41 8628
55 1050
82 7595
37 7354
96 6364
76 9697
41 7244
39 8629
38 7813
32 3670
33 8213
93 2313
17 5924
84 3776
92 7412
48 3262
93 5776
34 9935
60 9028
91 1331
72 7321
31 1397
69 7167
62 8593
59 7613
84 2764
37 8379
80 5604
58 7555
81 8248
36 1154
39 7673
78 9193
84 5978
100 9324
20 3513
42 1623
80 7897
20 3069
58 8395
20 3731
15 4393
58 9458
59 8303
63 7221
15 7834
31 8359
12 6437
67 9848
25 6102
61 1785
27 3882
22 3602
26 4447
28 2731
45 6494
52 1008
71 4990
49 1216
27 5944
57 2685
11 8825
24 1385
53 9294
56 3479
43 1694
53 8233
56 7411
28 7590
32 2332
52 9493
81 7947
98 9269
46 7861
96 4059
16 7815
25 8545
27 8113
44 8379
91 7256
54 2234
45 1174
33 7414
15 1968
93 3100
30 8092
46 4412
23 5903
30 2218
99 8292
73 8081
29 9083
67 4438
49 6801
69 9963
49 1366
82 7043
77 5336
19 9071
10 5910
60 7658
41 2433
60 9950
71 6168
58 1799
31 2944
92 2330
51 9414
20 4898
53 3860
52 9882
49 4399
89 8108
65 9301
98 4307
66 1862
13 8596
12 9701
88 9368
59 5224
65 8648
79 5765
39 2551
28 3255
66 6512
13 9756
54 5275
57 1645
10 1088
59 9578
67 9925
55 4630
24 2451
19 2302
100 3775
61 9179
92 3409
46 7287
100 9579
99 3321
12 6516
22 4560
87 7589
67 2080
39 5020
20 7368
73 6938
30 2357
18 6396
96 4403
11 6335
28 4421
89 8126
12 1564
25 2274
30 1158
82 5280
34 9001
51 9153
20 3045
40 3594
31 3430
19 9813
83 2364
49 5442
34 3181
21 8602
41 3920
37 2936
36 2798
95 2364
11 9357
25 7981
70 3794
81 5048
38 8162
79 1588
28 9533
55 5469
11 8285
98 1995
47 4474
93 3006
86 6584
29 2341
75 2570
26 5653
17 6043
56 4100
95 1647
35 5221
80 8480
23 1804
64 6574
45 9490
52 3837
78 8101
17 2995
87 2897
76 4290
75 3586
73 7373
41 3633
48 4571
88 5240
41 1734
51 1933
20 8542
14 4948
50 8999
27 4821
61 4083
74 8008
29 3558
93 2717
19 3542
44 8100
32 8902
78 4742
21 4365
21 4262
23 3700
80 4089
28 9002
27 5617
32 6149
23 1259
18 2044
22 9991
54 2559
41 2809
79 3246
33 6394
40 9587
31 9248
96 8134
17 9147
23 6483
83 7634
98 9739
49 8907
44 7580
68 1524
13 7656
97 2141
48 7000
80 7421
29 1807
87 8362
34 1885
11 7371
76 5294
60 3628
50 1264
37 5028
100 9604
47 9544
96 8784
59 3249
42 5158
78 3898
10 9098
69 5866
94 8600
35 2772
64 2264
10 1065
63 6510
78 7941
61 8645
88 7207
90 3365
96 5743
74 7629
22 5548
13 6703
83 8528
55 6352
30 5066
30 6451
11 8034
81 4661
29 8271
42 6051
21 9718
13 3924
42 4136
67 2949
55 3671
37 3036
99 4283
17 8714
76 1377
76 4706
19 4669
95 1570
49 8096
26 3961
72 4060
70 4339
21 6122
78 5053
96 7810
73 5755
64 3820
95 8005
75 3050
62 9861
72 3491
69 5483
41 3005
54 3222
87 2400
24 1718
10 4591
87 9348
63 5416
71 3930
70 6879
28 9439
80 6456
85 8718
72 2600
72 7327
60 7729
56 6931
77 7220
84 8902
19 3192
68 4315
80 9221
68 8300
75 8207
10 2255
91 3345
22 7587
82 6226
72 9374
37 3399
32 1730
89 9077
75 6573
44 9530
85 4457
77 7816
93 1237
58 3737
49 1419
23 6842
97 6195
41 5296
96 3478
31 4829
49 7541
34 4183
58 7378
90 8847
24 1405
96 7739
76 8588
28 1077
23 5309
92 3382
51 1706
27 5923
60 1339
25 5370
57 2601
55 1539
82 9274
95 1154
98 3692
54 2682
97 5209
95 5371
83 9916
53 8677
97 6487
74 5875
32 5611
76 1111
80 4891
40 6964
10 7937
25 8513
38 2139
61 2740
84 7009
74 6181
87 8366
69 6278
24 7591
10 6116
69 7965
38 2754
28 6009
85 6525
63 9484
64 6792
46 8683
14 6268
67 1590
17 9952
83 5631
69 3905
20 2811
98 6049
25 5813
73 7236
43 6368
34 6428
28 1474
56 1873
80 7397
47 7632
96 6415
44 9539
43 5994
30 3179
81 2387
62 5425
13 7708
28 6231
17 9025
84 2197
51 9667
38 1024
32 3624
79 3321
76 1398
62 1170
72 7241
75 4184
36 3124
72 2378
56 7211
39 4619
88 1830
54 5143
57 4092
79 7225
72 6089
48 7949
56 9774
52 6009
40 6862
28 5591
15 4385
80 3147
51 4151
93 8279
68 4482
66 6646
43 8103
10 8782
25 3447
94 4292
13 9325
55 3320
23 1173
26 6684
39 7922
90 2382
98 1600
61 5213
32 8358
11 9752
32 3443
84 1781
19 9608
66 1195
89 5843
62 2165
46 7255
60 1188
69 3353
79 7492
21 6442
42 1256
31 7526
60 7402
41 4189
97 2791
62 1543
55 4740
75 2415
99 3325
39 5020
66 1497
23 1831
21 1967
73 4055
50 2203
11 3526
59 3483
96 9125
40 6140
56 6770
92 6516
60 9314
99 3503
83 1728
23 9473
92 7706
43 5464
28 1800
67 4866
92 9409
47 6943
24 7354
100 3645
83 6361
14 1718
47 2927
87 5727
22 2428
80 5504
25 4121
84 4204
20 1928
30 8851
82 2863
29 6570
77 6956
62 2540
15 5559
12 9169
30 6528
22 3095
12 8656
52 7455
92 8997
24 3898
84 1968
32 4558
68 9120
37 2938
61 1736
17 1560
22 1437
99 7655
39 3037
22 4726
58 6949
20 6230
51 4754
61 4423
55 5579
42 6055
86 6189
93 2310
63 5124
37 7387
22 1188
88 6498
36 5783
18 7160
36 8664
92 2953
67 4152
38 9502
72 7858
23 3502
20 2374
85 9112
55 1332
64 6756
46 1027
57 9840
99 8149
76 8966
25 9073
93 4788
76 4721
10 3739
34 6093
36 8657
11 8389
34 8177
63 9326
80 2182
73 6097
54 3758
47 6254
39 9496
40 5160
69 3065
43 3548
37 9982
63 9894
87 5039
39 4959
40 1887
75 2345
72 5233
92 3841
67 6037
53 9222
50 7498
57 4973
78 3587
30 5228
68 5380
91 8002
54 4413
73 2736
14 4845
89 3928
42 9402
56 2480
12 7091
17 4405
42 6539
56 4032
58 7935
52 5336
82 8901
17 1352
39 1813
56 5418
43 7274
13 7637
48 6594
43 6086
34 6559
35 4656
82 1506
22 7626
25 8334
24 7243
38 4863
10 7484
39 1096
62 7137
18 7582
20 1947
85 3114
41 1198
67 2195
94 2652
94 5557
26 1202
59 9399
31 6299
69 7401
42 9233
87 2304
26 6299
85 4273
85 5930
22 7438
75 2078
61 3578
99 3077
23 8414
70 9046
55 8399
88 6342
55 5338
34 7471
73 1224
66 9590
98 7766
61 4869
18 4108
60 1771
99 6156
60 3973
34 1477
92 2863
82 9695
55 5364
27 2924
31 7831
78 4858
97 3356
38 2254
50 9607
64 9451
55 9884
58 3426
22 7874
83 6122
56 5646
57 2555
35 4199
20 8732
44 5918
38 9270
97 4878
54 3107
71 7223
56 1702
66 4735
46 9690
72 4233
86 7883
62 7852
59 4554
18 2674
50 5854
99 9048
34 2012
30 9802
53 4637
51 7832
80 9694
31 6791
76 9475
31 3584
68 1860
45 1105
74 4434
93 6507
11 6704
65 5270
24 4772
15 1756
73 4208
50 5529
74 5230
52 7248
20 4344
82 3350
13 6486
82 1617
60 7601
90 4109
26 9656
68 5141
19 3054
76 5485
51 2259
95 4244
18 7600
48 1114
16 8756
63 9912
64 2168
28 5069
95 2583
30 1115
46 9474
42 3584
72 8001
54 3911
20 7253
12 2270
97 4907
23 7242
30 8093
83 4082
15 5467
39 8727
64 8669
12 4435
31 5526
66 5297
76 1317
33 8067
97 8915
39 6744
15 2299
17 1987
13 1986
92 9541
51 4660
67 1865
83 5034
86 6723
56 9578
14 1374
43 2390
47 2315
97 2877
53 1514
28 8226
34 6553
56 2701
29 9283
44 8136
66 3562
22 7997
63 4010
80 2389
54 6270
37 3873
63 1293
39 1165
25 3921
69 4604
23 6364
66 9205
28 4379
38 6861
81 5604
33 1242
82 8211
93 2245
40 2225
57 3417
47 3787
32 5401
47 4799
29 9629
74 2739
32 7073
88 7432
28 9558
78 9985
95 3211
58 8915
90 9975
85 9919
73 6802
61 4032
26 7511
34 1377
77 7299
20 2368
49 2086
64 5276
43 6846
94 4418
90 9910
35 4874
98 7966
40 4019
17 7416
75 8254
89 4006
31 1853
24 7040
65 7808
82 9981
70 9389
16 2393
69 6938
97 1120
36 1355
55 7670
82 4880
71 1869
12 4595
40 4377
97 5961
99 6773
73 5784
16 7116
94 1769
96 5208
91 5212
39 4933
99 5233
42 5848
20 9771
44 1410
89 1562
55 3959
83 6077
78 9558
14 6526
58 4084
57 8022
64 2931
82 1965
22 8175
11 8503
76 6377
25 7967
42 6487
35 8492
56 7570
92 2999
40 4950
22 5117
56 8779
46 9399
29 1079
33 6533
26 8880
78 1017
11 7810
99 2186
73 1743
73 8106
90 9311
45 5628
26 9454
98 8872
66 5043
90 1812
20 2259
62 8311
10 7423
55 7271
13 8008
93 2506
66 9107
31 7542
87 8086
90 2421
10 6592
56 8494
64 3040
15 8477
20 9660
93 5507
73 2528
72 6302
59 2846
18 7022
57 7111
19 3587
53 9693
64 3507
66 6291
61 5264
87 5823
29 2839
95 9689
33 5421
93 1669
11 1609
86 8481
80 4097
75 7114
87 5008
94 6881
29 3593
28 9968
86 5971
71 7330
11 1468
95 5797
83 4959
28 8262
60 1742
76 5468
33 2610
32 6235
52 2859
92 6125
89 4981
24 4385
45 7470
29 9924
45 5486
48 7562
40 5273
19 9309
87 5449
49 9595
68 4686
57 8166
99 7405
71 1086
37 5295
80 1246
67 7962
16 5822
75 9469
91 4112
42 3003
75 2455
32 8872
28 6163
54 8807
82 3094
71 6554
45 8123
27 7327
10 5558
46 8023
94 8222
51 9319
76 6499
83 1427
25 6546
56 6954
43 3662
44 4373
50 7031
77 1371
27 7097
87 1853
38 5754
61 3560
83 3344
11 2438
78 9900
42 2851
71 1658
18 2843
56 3637
59 9769
74 4631
67 9886
28 6032
63 4914
71 2738
92 5398
25 8877
58 7117
79 2237
21 8485
88 6074
63 3004
87 8581
15 8763
62 7841
88 4072
69 7758
48 2199
76 4750
68 1468
12 4402
37 6367
83 1393
72 1892
30 9128
96 8844
38 6438
79 3185
23 9953
26 8524
16 6007
52 3553
42 9612
27 2914
32 2737
70 6194
28 6670
27 2257
89 5434
27 1345
78 4331
66 6859
68 1119
44 4266
42 2097
13 2409
18 4209
16 9656
89 1059
65 7216
49 5613
62 9435
19 6985
25 1371
50 5697
60 1321
97 1402
22 6205
51 9435
38 1841
94 6210
78 6986
79 6223
29 6548
80 5827
58 8231
64 8925
83 8093
13 2224
69 7106
32 7807
25 9850
45 3325
90 2842
72 4541
62 2741
51 9787
37 3601
91 4454
78 5040
49 6087
56 9833
91 1783
31 2553
97 5280
48 9234
47 7708
58 4219
74 3704
40 6089
21 1248
93 2348
30 6632
63 5358
32 7458
67 2943
95 1416
42 4338
99 3934
24 4204
50 1606
67 8905
87 4294
15 5609
100 6004
50 1497
72 2964
93 4199
83 3110
76 2153
79 4597
95 8332
91 9664
50 2505
90 2193
83 6773
91 7923
22 6626
10 6158
56 2800
80 6664
29 2787
32 1528
81 2847
89 1999
24 2576
86 6505
79 3179
69 4905
50 3381
90 1047
65 9432
76 3329
83 3184
22 7373
23 1164
66 9482
54 3828
78 6531
38 7699
89 7373
42 2011
82 6984
95 5054
38 4921
75 8668
60 8994
16 1625
79 6986
79 2862
68 5051
44 9001
24 6237
30 5922
60 6260
60 1582
59 5236
50 2738
85 7447
41 1231
74 7044
30 1272
84 5704
21 1924
22 4855
82 3635
58 4238
80 5790
71 7041
21 7115
44 3064
49 4254
50 2811
81 3981
88 2475
31 2626
92 7521
15 4513
95 2915
26 5606
63 6176
84 7276
75 5405
30 6243
34 7386
23 4527
86 3030
14 6306
98 8285
88 6535
41 7371
66 5332
13 1516
53 2320
91 4787
13 1723
48 9384
98 3179
99 4136
45 2478
100 6316
72 9776
81 5295
53 1248
66 7694
64 8787
97 4135
85 5753
12 9641
98 2065
60 4177
41 5873
64 3929
48 3620
76 4064
16 2928
65 8893
29 3656
10 4256
58 7467
79 7869
43 5183
79 7510
44 9104
33 1808
17 4391
37 6352
67 7508
95 8649
16 8232
86 8940
43 6776
65 1283
57 7946
67 5390
10 5536
25 9654
63 3895
13 6619
78 1642
55 5807
63 3923
53 1955
52 7348
35 4463
16 1199
87 4745
21 4016
58 5919
74 6213
19 8609
41 1751
33 2889
76 6754
51 1428
75 9533
29 9826
64 4153
68 8141
33 4147
35 3765
18 6211
50 3923
98 6872
23 7242
27 8304
73 3616
91 5079
26 7488
16 4880
98 3694
38 7418
87 2170
34 1954
14 2284
60 2533
67 3011
59 2932
21 1768
94 8331
92 1857
14 7459
93 5735
68 5181
28 8369
42 7647
46 5194
41 6912
18 4706
74 9134
83 3295
87 8044
57 8616
62 2628
97 7512
38 7425
12 2635
14 2789
84 7691
66 3154
17 7003
21 3421
80 4120
12 7331
93 7446
50 4074
17 7024
41 1569
34 4099
43 9585
78 4437
63 7471
97 4566
31 8374
15 3041
64 9549
84 6493
17 2324
81 9034
47 9030
72 1531
83 4575
74 4134
24 2555
69 6392
42 5628
63 5093
28 9858
57 3081
21 8476
71 5689
35 3407
84 3150
77 2342
96 5494
40 7408
74 1708
65 2279
92 4603
84 2993
94 4226
93 1920
57 5054
29 3234
47 7778
24 7452
73 4948
64 4435
78 1047
54 6258
92 4953
52 5836
96 7770
59 3762
48 4073
93 2472
57 4568
81 1271
74 4870
15 1638
18 7635
62 1063
96 4228
55 6955
84 8156
65 7278
47 9390
73 6609
20 3382
46 7819
31 6758
45 8613
57 2880
47 9596
27 2978
71 4119
30 6896
24 7905
41 6064
82 1276
69 3896
10 6021
75 7358
18 5322
95 5511
93 1571
93 8891
99 6803
89 9244
65 6972
52 6999
37 1889
82 5926
67 9070
93 2460
95 2623
38 9111
57 4697
94 6793
82 6448
28 4489
12 4849
73 5450
59 4188
84 9182
28 4890
83 4153
44 9644
82 1638
98 3563
19 4761
14 9368
23 7814
11 4467
15 4233
90 6843
18 4677
92 8577
29 6240
96 4811
64 5865
45 9300
15 6115
54 1257
59 6328
15 4682
14 3639
41 9396
94 9656
11 2340
54 5650
88 2762
20 9978
91 1989
35 4651
46 7257
39 1023
59 1921
84 6220
38 8381
76 2799
49 4779
20 9771
33 9682
89 3126
99 1775
55 1152
99 2260
73 1048
67 9594
42 4660
56 7904
83 2430
76 8571
27 2742
71 4720
96 2865
88 2096
10 5220
34 9333
39 2954
47 9321
11 8140
43 5777
72 6067
23 2804
21 9637
94 3236
34 4819
31 3513
50 2023
28 5991
89 8164
38 2012
96 6534
69 7914
80 2894
72 9734
43 8906
83 5517
23 8340
28 4660
97 4397
90 2974
43 9890
59 9940
60 4235
54 6838
87 1848
96 4043
16 6916
71 7701
30 3166
11 9243
82 1791
54 2659
99 2543
34 8488
66 5868
93 3708
71 1315
63 5967
13 9491
21 4311
86 4021
61 2103
23 4088
21 9908
36 5534
21 2727
40 7681
70 7254
92 6108
68 2348
28 2774
88 8959
14 6072
66 7401
46 5812
84 6244
38 4113
11 2914
85 4321
19 8135
24 1360
39 2644
26 5750
42 9010
91 5310
45 6035
80 3783
39 3947
45 2498
31 3252
34 6206
23 3612
80 4344
65 6409
30 5489
27 9778
78 8223
99 4500
56 7744
16 9725
11 2153
62 8653
73 6828
96 4678
36 4525
74 1138
63 5018
100 6113
39 9525
33 2530
95 5327
62 2497
18 6920
41 7748
41 9244
57 4116
87 9331
73 5703
57 5265
10 1217
72 6389
85 8562
86 8709
37 4618
61 4501
75 5753
70 4429
75 6272
14 3661
94 3947
21 7521
47 2815
65 2476
66 2473
19 5317
74 6172
72 3960
40 4823
74 5953
49 3130
63 3223
83 2197
25 9186
77 8364
81 6127
40 2767
55 9407
31 6543
73 6278
85 2794
95 3844
35 9033
29 9523
78 7719
85 6282
47 1959
59 6912
78 9165
19 2460
32 8513
81 3817
29 1705
60 4664
100 3185
35 1921
77 9189
20 3415
26 8489
29 1937
30 2770
87 9754
75 6732
31 4262
91 2104
36 9413
55 7011
58 6359
44 5062
24 1535
58 4167
16 3158
88 7987
40 1274
79 2737
61 8283
19 3363
22 9888
11 6780
30 1562
76 9999
14 8095
26 1236
43 3207
27 2737
42 2246
35 1005
24 7761
98 2345
10 8004
95 2818
35 7793
80 2057
100 5984
44 7199
47 8760
52 8357
24 7494
97 6673
54 4067
71 7465
84 9597
71 3872
24 7519
77 7595
34 9716
78 3196
33 6447
41 4334
68 2541
40 1114
83 6462
56 1540
31 4627
25 5836
34 4175
14 9701
30 3146
78 3238
32 8003
91 6624
86 5793
87 7658
10 2402
95 1538
53 8456
58 9265
54 7100
85 6982
25 5297
56 9328
65 1259
58 4235
94 2658
63 2561
39 8559
93 7494
15 4532
80 9737
61 5537
20 9894
35 2218
71 2306
91 6959
17 9792
78 4060
67 8456
43 2833
41 1615
99 4162
12 8409
94 6483
70 3076
20 3821
53 7650
47 6816
34 3151
65 1319
93 5323
59 8006
37 1412
21 4926
97 7004
43 8146
26 8317
55 3777
16 8340
33 2701
30 8906
68 6632
21 5298
14 5200
67 3983
12 2966
94 9612
51 5765
52 5062
57 3210
72 4960
38 7778
59 7753
79 4980
93 6689
25 4413
67 3743
35 9993
27 6121
91 3421
63 1260
57 8023
43 8301
99 8767
21 9531
89 8850
89 7471
67 8219
18 6614
98 2914
56 3301
86 7078
66 7711
39 4895
29 7844
17 3973
27 9936
11 8116
78 8065
18 1729
38 7255
13 5294
26 9608
44 4397
23 1089
53 2013
21 4029
68 6952
57 2940
51 3088
51 5767
57 2748
12 6637
34 9100
19 4842
32 4991
52 3083
11 9568
59 1241
75 5024
60 9598
98 8213
53 5182
77 7793
14 2292
88 7965
31 4873
29 6485
55 7286
22 1827
28 7218
42 9448
13 8467
90 5501
100 8949
95 5885
43 2279
60 6788
50 7880
90 3302
14 5057
43 8645
83 6622
40 6159
71 1775
98 6355
39 6737
30 2755
47 1601
69 5512
36 3864
45 6549
35 2957
21 5785
33 4439
88 2732
31 6634
70 2496
79 5353
68 7328
53 4716
51 4396
14 3903
45 2736
63 3522
71 4147
12 3270
89 5861
46 6744
73 1822
49 8043
56 4432
69 2464
14 1470
85 1794
44 9217
60 8813
77 7626
42 4949
80 6651
84 2346
17 1991
77 4319
18 5494
27 9441
78 9953
76 2957
90 6637
32 7311
19 6039
29 8066
36 5424
89 3576
23 6740
95 7933
33 7057
81 4606
26 2092
65 2512
77 8032
21 4726
64 6792
89 2973
13 9520
62 3438
23 6403
34 9598
100 9210
56 4989
86 7826
95 5442
53 3556
67 6167
54 2468
65 9829
14 1564
63 5851
65 8976
34 8920
20 8946
74 7108
94 3406
69 9138
68 2169
70 9094
36 4530
12 4709
23 5705
93 7452
99 5937
22 5908
91 2247
69 9143
61 3435
62 2868
65 7889
45 6395
35 2906
62 6059
29 7402
15 5863
74 2069
20 9699
38 3586
26 7884
58 7694
76 9377
85 2056
71 9218
99 5945
61 3127
31 4162
48 1097
87 7184
12 2061
21 2449
11 1527
77 4050
89 4554
89 9639
58 4365
94 9375
87 6552
26 5442
90 1728
48 3484
60 3265
43 5520
89 5887
59 5831
72 9741
51 7396
24 6977
12 4872
52 3588
63 5332
56 3183
78 3051
76 4729
93 2805
79 8074
98 3390
56 2956
91 9309
65 4724
10 1136
70 3857
19 2958
89 9944
71 8903
14 7566
54 7509
18 8727
94 1005
86 4820
46 3838
54 8332
31 2664
18 2016
42 7066
53 8525
44 5273
77 7381
26 7891
67 3052
94 7264
76 5539
28 9924
98 5807
80 6972
50 2781
54 4407
98 9719
