32 6092
42 4932
69 3222
45 9415
26 8993
40 3138
30 5179
28 4350
39 3678
73 5353
19 3593
49 1498
43 6738
90 6207
93 7660
48 7179
72 8428
54 6337
20 4188
69 2441
30 4685
79 1165
33 9923
91 8261
69 6636
87 5559
47 8178
79 7501
22 8704
93 4739
19 8608
42 9952
38 3482
67 7895
47 4338
87 4467
41 2833
52 2153
43 4807
67 9644
55 8907
78 6309
57 7583
81 7205
70 9089
87 3101
90 1350
73 9392
62 1223
86 5162
37 3932
58 7732
14 8487
70 1464
57 1516
86 7551
65 2406
87 8690
55 2389
65 6559
27 8066
49 4010
77 8281
53 2742
99 5911
67 2037
96 2273
47 6036
70 6182
72 7981
50 7192
67 6765
80 5882
78 4375
94 8653
48 1825
67 9858
57 8460
80 8321
57 7183
71 5388
56 1974
88 3561
19 3913
24 1167
51 4715
97 8898
74 2071
95 4996
20 6228
48 5958
15 3548
17 2637
66 2699
23 2048
13 9879
38 8367
40 8951
89 9800
84 3843
81 1356
20 7551
27 3937
16 2917
17 5507
36 8080
25 5752
83 7296
39 4518
78 8782
50 2481
76 8531
24 4798
21 5305
17 5417
47 1256
51 6445
96 2085
96 8962
94 3429
94 1084
65 8731
18 7410
21 7755
69 6789
10 1472
89 3980
82 7140
97 4677
52 6769
34 1904
23 2019
24 8163
91 1864
18 3220
40 2905
91 9415
36 8629
28 1086
62 9004
25 5580
81 3912
78 2564
18 8524
61 7403
98 7769
83 3641
50 9754
27 7523
53 8371
10 6514
13 6417
40 9771
73 3725
35 9894
63 8097
79 7793
38 9799
73 8799
67 9058
37 2378
41 3227
34 2548
84 6888
65 8988
30 5509
30 4617
40 2605
69 3261
21 6536
29 6081
90 8035
95 1456
36 9092
99 8755
47 4495
73 9773
63 4686
24 6492
58 9533
39 8413
31 2104
69 1915
43 8690
48 1231
52 2035
28 9920
11 7342
89 6015
40 9126
56 1777
88 6190
52 1625
98 7252
43 9925
93 7936
24 6551
25 4181
35 9915
96 2947
93 1791
96 3702
18 1065
85 4454
81 2259
82 2388
36 4370
93 6113
72 1610
42 8548
80 2713
75 5349
62 2519
83 4760
24 2979
80 1692
53 3768
53 8145
35 2030
44 3345
14 5326
16 3699
81 5950
34 1983
51 1326
89 7107
67 5901
81 3685
69 5146
81 2286
53 5972
18 7760
84 8746
84 1957
20 5900
64 5870
97 6544
87 2813
21 7981
83 6677
31 2808
44 5702
66 6934
33 2287
37 7333
99 7828
46 7040
57 2321
23 2481
84 4346
30 2291
52 5028
11 2011
47 5488
40 3081
37 6979
25 7837
70 3026
57 2861
72 1583
79 4729
27 8789
17 8888
60 3430
13 5957
70 5259
99 3960
20 1469
44 8242
74 5314
22 1069
12 4470
21 1175
81 5979
50 7859
84 4322
43 1486
16 9393
67 2426
87 7589
89 6881
47 4307
34 9685
58 5557
88 7064
12 8805
46 3790
15 3263
40 7843
92 1298
39 3881
44 2040
30 7753
62 4956
32 2452
15 2740
77 4570
30 5992
33 2693
65 3338
39 9425
22 1231
33 6238
75 2660
24 5883
22 9777
97 8327
10 6357
71 2167
91 1318
23 5876
94 4929
63 7845
23 3060
67 4663
45 9646
84 1743
14 9843
31 4226
31 4508
45 3744
91 3181
25 1745
38 5707
89 8831
27 3494
66 4126
83 2464
62 9984
70 8541
10 9295
90 6053
71 8561
70 5186
13 7179
100 5466
57 5282
30 8038
75 7761
25 6416
54 2285
21 5084
45 7795
55 9408
28 1910
28 3323
41 6398
30 3914
62 5832
78 2480
86 3645
32 2225
43 3761
84 8070
64 2440
79 7284
47 4402
32 5774
56 4801
82 4932
68 8685
81 9613
61 3031
47 8305
10 2927
48 3365
85 5058
22 5996
36 8582
29 3486
57 5767
73 8454
10 8211
16 4222
78 5637
56 2619
50 6463
53 1568
51 1935
96 1648
33 3002
94 8182
23 3474
94 1162
71 3403
60 4030
36 2550
93 8693
87 2037
46 4076
91 3886
38 6292
53 1154
10 3860
11 5542
57 1344
34 2571
24 8438
27 4156
99 4154
73 3054
59 2490
100 8664
52 2910
31 8000
58 4965
93 8381
71 3207
45 7660
67 2315
24 3800
87 9833
74 4277
73 1930
35 1200
21 5412
61 2604
33 3989
94 8719
65 6478
70 4757
82 2461
86 9153
29 6908
98 6040
70 5413
22 1731
89 7677
44 6443
69 7671
35 6628
53 2419
52 6595
14 8812
52 5703
58 5258
68 7566
44 7043
75 5854
64 2635
81 7742
24 5874
37 9888
27 5988
96 9314
17 8918
80 4812
41 4605
28 5414
67 6222
52 8914
66 5173
16 8732
16 7308
16 1621
97 8421
25 3883
39 8864
67 3304
19 9677
36 5671
68 8168
20 3413
11 7826
20 2254
15 6040
23 7470
76 8831
89 8667
21 2722
16 6521
31 3800
54 9120
60 5665
84 9616
66 1210
13 9601
20 4506
28 9228
69 3232
66 9804
41 2637
54 8003
80 4578
84 2156
23 6900
43 1849
45 1392
18 3604
26 7881
70 6584
97 3751
30 1456
57 3591
28 9082
53 3620
42 6615
24 6910
42 2470
79 3698
48 5231
67 8759
13 8703
45 6207
39 1172
25 9778
18 8930
64 1829
47 1413
87 8211
39 5553
22 1742
96 5304
16 4901
43 1310
26 8300
37 5130
77 9647
18 9053
18 3955
21 7519
43 2767
23 1845
64 4703
23 8623
94 4962
60 6885
82 6290
74 5921
39 4392
25 1427
81 4408
47 4048
33 4740
78 5968
48 9850
81 4965
98 9936
23 1023
75 5868
74 4559
73 5559
67 7152
50 1897
36 7410
86 3926
39 9741
95 4294
47 9844
78 1888
21 6155
49 2979
77 7413
71 2975
69 8090
79 7879
29 5838
89 2987
11 2849
56 4409
100 5040
33 3463
49 3265
41 2144
70 7137
93 3018
95 1962
80 4450
67 7520
54 3140
61 4289
76 8521
67 8993
51 3099
47 4750
58 8061
38 8051
64 1588
33 7763
66 3257
10 8685
21 8078
50 5921
24 6216
12 7877
24 5646
49 8138
37 4234
44 3863
28 4416
32 6073
30 5447
36 2503
92 7001
82 6938
66 3967
45 8542
60 6854
54 8046
62 6451
48 7498
27 1568
95 8097
84 8485
48 4208
97 8747
81 6307
85 7594
79 4391
32 6882
34 5957
81 4725
56 9290
49 5517
60 9076
70 1598
52 7805
56 5649
72 9380
45 4212
54 4366
61 5932
98 2271
21 3634
46 6502
55 3147
30 2087
31 6263
68 9166
54 7791
62 4936
69 8812
24 8381
17 1296
54 3040
34 5028
41 1844
34 6207
68 4728
37 5518
98 3083
19 3547
33 9767
48 5072
99 1714
36 8617
15 9507
93 1403
39 8124
15 6407
96 3736
74 7139
26 3254
21 8176
90 3461
84 3522
98 4433
42 9431
72 1839
19 2551
44 9492
32 5697
57 1485
66 4079
45 1345
34 4446
100 9264
43 4895
15 9274
10 4308
42 2464
80 4417
32 8544
62 2403
57 3172
55 5186
32 7922
92 6692
93 4198
30 1722
35 8364
13 2586
59 9217
12 2732
90 6977
84 5767
70 3184
90 3058
32 1021
56 6540
47 9542
88 8186
45 9232
55 4207
51 5944
41 6054
58 7777
56 5569
48 9452
40 3991
50 9547
25 5632
31 5532
13 7243
65 4877
67 3211
52 1067
74 5883
68 8249
60 7993
94 7278
88 5652
59 3900
47 9187
100 8846
32 7722
60 5427
84 8454
17 3507
99 7110
97 5778
56 5373
81 1142
71 1715
28 1744
26 1381
26 5726
49 4518
50 2614
25 3938
21 5931
61 8682
24 6160
19 1166
51 1110
45 9468
72 8741
22 8196
30 5230
31 1000
72 4210
35 5195
27 8146
30 2614
26 6969
62 7728
14 9036
49 5255
74 8316
76 4536
33 3727
77 9632
52 8116
97 7728
14 6555
37 7261
73 5736
36 2516
39 6990
61 9043
43 6255
48 8396
82 3022
20 3150
97 9322
49 2652
59 4073
83 7344
12 4809
90 2058
34 1420
90 5809
71 8732
68 1556
86 2910
23 9406
87 3520
75 3478
68 1136
96 7059
54 5466
22 5564
51 5783
88 1449
21 4005
41 5733
73 7282
87 2760
31 1072
75 8942
80 7161
90 9847
88 5059
77 4088
36 5705
45 9326
96 4147
89 4100
69 7070
92 7938
39 3773
92 1069
54 1157
76 9022
17 6425
15 9578
12 3266
91 4847
80 7499
39 6834
33 6654
98 6276
91 3564
36 6631
49 8359
14 9872
66 1339
47 4053
10 5007
73 9165
55 2830
38 3829
36 5707
76 9602
33 3730
31 2828
28 7137
42 4392
77 8063
16 2628
97 5105
70 3964
48 1830
49 3783
47 8283
58 6868
44 9407
58 5994
81 6426
78 9976
40 7861
81 4150
94 7383
62 9728
37 7918
29 7942
84 7615
77 1015
72 4618
94 5087
98 4657
24 6729
83 3073
41 7509
39 1125
93 7355
13 1263
97 5292
61 7196
91 4159
12 9807
74 4533
10 9793
12 4966
52 5147
34 5957
63 4865
75 1655
98 7978
59 7932
31 6531
72 7160
81 1933
25 9951
73 6536
29 6243
63 5545
45 6956
75 1404
89 4138
19 3865
33 4660
62 9489
32 5111
75 4901
83 4757
100 5420
68 6193
13 3738
11 9296
11 1185
64 8568
40 5947
99 2698
85 1551
54 1209
35 2004
100 6851
86 3328
16 1639
22 5794
28 1398
46 3640
69 7494
26 9835
47 4268
49 7880
37 6911
11 9883
76 6224
16 9424
16 6548
84 5401
42 4426
29 4454
73 1736
14 8995
12 5729
83 4718
39 7243
16 9782
100 1198
59 3502
78 5511
77 5056
19 7651
26 6041
41 4880
77 1071
76 5802
62 8009
32 9169
13 5211
71 3747
68 2620
59 5701
25 7078
76 8475
68 4805
38 7598
66 1258
48 7354
35 5061
90 8345
100 2831
85 6146
65 1391
11 4869
18 1267
18 1012
64 1927
60 9890
11 1763
58 4877
58 5012
91 8578
71 9255
99 9026
100 6889
36 2826
74 7171
78 9825
87 1110
81 4851
92 3005
46 4812
63 1892
63 3835
43 8845
55 4406
41 3626
43 3257
50 4086
68 9861
39 8235
88 6087
62 8471
79 5927
82 8689
12 9641
23 6230
75 1583
64 5225
26 7151
97 8987
13 8291
59 5514
67 6221
40 9048
21 9191
87 3086
66 6785
56 5279
96 2771
46 8788
60 1486
93 6267
85 4013
44 2354
19 2902
72 8702
74 2470
88 4889
86 6545
89 4980
39 4780
47 7017
58 1067
91 8679
20 4632
36 9892
82 8344
10 4519
65 6551
43 6134
12 3854
81 5033
33 7153
25 5537
32 2669
88 1948
63 2323
10 5673
66 7378
90 6361
62 9096
38 6404
69 6030
99 1432
47 4552
77 7541
49 2327
45 1872
68 4303
60 7115
36 4183
72 5173
37 7550
49 2243
62 7590
78 8391
32 8737
94 9419
13 8578
98 8334
92 7702
74 9196
34 4865
77 2779
76 6832
17 4627
38 7703
88 3604
80 8633
86 5984
33 2400
74 8447
65 9494
32 5061
94 2295
65 7259
51 9568
19 8935
23 7618
90 2532
92 1336
18 5029
41 2464
49 7524
72 7238
54 9938
58 9815
13 7131
35 1790
92 3282
70 1575
16 9699
18 2027
44 2165
81 9342
38 3461
54 9059
93 4410
61 4246
86 1801
80 3381
49 2933
95 6158
24 4494
57 4795
16 5359
42 8449
96 4327
52 4372
68 9811
63 4750
52 4955
53 2218
45 2179
13 6500
33 9405
83 3027
79 8229
13 3241
86 9381
82 3439
54 9486
67 5478
23 6643
65 6153
22 1329
91 7634
68 6914
40 7999
41 3433
14 6256
89 1863
71 4948
89 3352
56 4189
29 1504
14 5180
34 6417
87 4908
61 4578
26 5936
40 3880
33 9326
42 4160
34 5704
84 8539
84 7531
25 7431
70 8815
98 9898
100 3512
23 3144
60 8999
59 5124
66 4586
97 8135
33 4428
66 5420
57 9801
40 7091
20 4596
96 3871
37 6452
69 8754
43 3260
92 6598
52 2872
32 6891
97 8099
84 4464
25 9726
14 2228
95 6707
85 5308
44 1814
69 5452
56 6606
78 2230
93 3113
83 9186
80 4099
18 2066
86 1101
35 4006
11 8783
91 9653
10 8705
53 7376
44 9123
82 8396
62 2706
22 3859
34 5141
39 7800
99 6892
62 4572
64 3527
80 8325
68 1730
19 4109
24 3592
66 6672
92 8348
39 2522
29 6022
28 6568
45 9139
71 8969
16 9588
65 9955
45 8014
100 7370
41 7964
92 9466
84 2714
50 5952
70 3347
66 5922
92 7759
14 3080
92 2211
48 5581
96 8497
18 8214
90 6593
57 6818
92 1935
50 7422
42 5021
46 8961
79 9215
12 9462
37 5548
79 7679
78 4687
45 3311
90 5785
17 8788
71 4044
46 5489
85 3859
63 3415
56 1876
99 6201
31 6229
46 8918
59 5442
59 5344
90 6356
30 5113
33 7443
30 6309
41 8530
68 5624
31 3169
35 5432
14 7028
53 7121
10 9175
56 8032
53 2650
90 9939
24 4703
82 7108
80 5806
77 1734
62 4350
100 5480
43 2187
78 6292
84 4507
20 6774
54 9490
61 5482
76 7043
98 6695
100 9440
56 5193
48 4239
24 5044
82 6204
60 7875
50 8640
47 1478
22 9697
30 1990
69 8436
38 9780
85 7494
25 9193
21 5530
12 4527
96 1175
16 8943
55 6367
46 7617
27 8803
58 4102
93 2786
46 8459
26 1267
54 7504
26 5898
71 8364
18 1245
50 3356
26 3565
63 6385
97 8032
29 3142
83 7902
86 7903
84 9812
26 4396
70 3355
15 1360
34 6497
68 9840
86 7342
21 6401
35 9413
39 5420
99 1628
69 3788
11 6117
69 4569
63 8951
24 3970
72 4824
31 1943
60 8069
100 2685
58 1801
87 5723
93 4390
77 4255
45 6405
89 6502
13 7349
55 7049
73 7769
17 9713
35 9234
59 5709
73 5318
61 3538
69 3365
71 9882
89 4365
52 8160
87 1637
35 2031
14 2553
38 5355
34 3715
26 2849
72 2001
63 4533
92 6056
10 5538
69 8213
100 4393
99 5853
33 7640
37 2377
75 1026
91 9538
41 8182
76 7359
99 8776
56 8685
42 7167
44 2144
15 3248
69 8067
32 3117
46 5981
83 3466
34 4979
88 9854
30 3107
59 1672
28 2236
25 7561
12 9457
27 2782
62 6301
100 4343
65 1131
81 5103
86 5605
17 8440
47 6071
89 7565
61 4492
80 4408
32 3163
78 7260
95 5776
50 9157
29 3040
49 6064
19 7777
76 1955
12 6220
21 5126
29 6387
15 4864
96 5805
35 4468
43 5074
22 2632
57 9956
49 7399
37 3513
96 4142
86 8981
100 4558
31 8029
78 2283
70 1368
68 8708
30 6170
37 2308
45 2850
95 9577
78 9842
34 2530
75 5657
78 5175
96 7500
59 2268
92 4113
31 3610
77 4025
14 1337
34 4114
71 8123
77 2380
41 9743
29 9200
96 7356
61 1015
52 8625
87 4133
26 2333
97 1515
40 4625
62 7266
19 8720
51 7201
40 4263
61 3867
10 8058
38 2812
52 8519
70 6674
34 6277
79 3577
75 5249
36 1506
36 3326
99 6785
90 2700
49 5149
35 9270
46 8593
58 1380
79 7262
52 8590
89 8699
51 5844
70 7232
16 1156
41 2483
40 1589
56 6529
96 8807
39 2722
71 8558
80 9496
66 1367
46 4168
18 2885
50 3955
96 1893
100 9403
83 6634
61 3436
98 3770
93 9503
88 2009
30 3184
47 8659
94 2817
47 6159
90 9499
51 3343
39 1726
94 6370
79 7757
94 1003
73 2623
78 3950
77 4871
75 2155
31 9332
19 8623
53 2771
18 4311
68 7240
29 9652
36 6891
97 9885
99 5238
66 2481
46 2021
69 1786
33 4884
42 9965
99 6099
82 6816
42 9148
21 2109
99 3587
38 4889
19 6909
60 3947
68 7421
16 2221
61 4253
65 3750
14 8886
49 8537
57 2790
83 9117
75 5380
99 5942
36 6835
31 9746
94 6343
64 1524
61 8337
77 6113
52 7389
58 1673
73 4968
61 1299
77 3445
64 4805
83 7199
21 4291
21 1922
86 9165
63 7360
72 5106
75 5863
65 1971
97 9036
78 7486
51 6360
57 8951
84 2970
59 1475
31 7861
39 6018
56 5162
61 8163
75 6343
47 8940
30 9007
36 5569
61 3778
18 2410
94 6661
46 3807
41 9725
56 6759
55 5692
69 5268
85 6959
48 7349
42 8546
29 5588
61 8691
83 3679
12 4592
33 4825
16 7338
82 4380
14 1898
68 3656
34 4029
78 9621
26 5293
97 2853
17 2322
90 9899
39 5698
19 2181
71 3676
35 5333
75 1069
29 6452
56 1683
10 4767
37 9055
46 1076
46 2378
16 4059
65 1290
74 6005
36 2726
89 3375
87 8417
51 1340
100 2935
65 2587
73 8577
37 4008
73 7383
63 5071
49 6372
31 5015
16 4877
56 1067
97 1825
59 9360
94 4478
50 6089
72 6023
34 4911
62 7270
38 1544
48 5772
77 3501
90 8398
65 2036
78 3372
20 4438
17 1550
67 5084
24 4785
51 7226
38 9182
93 4685
87 8523
26 4237
68 2531
73 4819
92 7730
18 3189
26 5030
20 3310
65 9374
29 1953
55 8009
79 8826
12 9624
84 7424
78 9975
38 1510
89 8158
18 8970
94 1382
48 6652
35 1841
82 1716
21 8791
64 7857
73 8792
19 9954
24 2826
13 5240
14 6572
12 5686
58 8405
78 1104
97 5693
68 6165
82 1022
90 7306
49 9791
77 4729
40 5627
81 6128
18 5211
60 2565
64 9078
30 5007
70 6866
61 5742
61 2981
12 1136
40 3687
14 6264
37 5132
18 3048
85 8335
47 2012
13 1415
98 9614
11 4150
97 1002
28 1719
68 5247
22 6272
49 7277
15 7787
19 5136
44 2051
70 6879
81 7756
76 7557
90 8211
83 7769
33 5840
30 3300
58 5726
81 9600
25 5939
52 6743
26 8476
88 7387
97 4270
57 8387
53 7536
60 8850
78 7403
86 8806
28 4604
19 6672
93 2311
10 8551
13 4050
48 6490
69 6754
48 7492
75 7303
94 4336
42 1618
20 5119
43 6328
85 8223
41 7306
51 5865
44 6986
23 2701
23 4606
41 8245
46 6999
62 3634
43 9038
36 7705
99 9720
68 9522
11 4822
55 4464
45 3145
32 6864
16 2061
76 5041
54 5433
61 7899
56 5484
20 7086
91 4582
69 9756
87 2315
62 9236
36 5031
69 7158
74 4813
42 3450
14 1364
82 7709
25 1537
58 5866
36 3730
35 8254
60 2447
62 6428
43 8435
41 2982
16 8684
93 5982
46 8956
63 5268
81 2930
24 3727
13 6647
39 3201
28 2525
44 5710
53 3376
43 3992
70 5018
69 9386
64 8191
11 1271
30 7749
77 7474
82 6072
11 1869
37 3945
51 6902
24 2617
78 5440
66 1259
97 6174
85 7659
49 2250
93 1611
82 3631
14 4099
87 9474
55 3597
100 4237
11 6075
84 4367
36 6034
24 7213
79 1279
31 6205
92 2696
100 2656
28 1986
70 5640
26 8173
55 7012
99 5322
43 1238
31 9459
57 1507
16 9726
79 3613
98 3992
10 8029
29 2539
37 6907
62 3504
26 9510
60 8510
93 6707
42 4143
25 4696
89 3204
93 4440
52 6593
64 2360
31 6120
76 8847
68 9383
55 7365
68 7681
42 6371
75 1708
26 9753
65 8572
39 7273
10 4694
68 7088
70 6743
73 3427
63 4538
82 2343
56 7063
63 8870
37 8169
97 9701
14 4958
33 9131
29 5766
55 3572
21 4428
83 5100
73 7321
18 7566
13 6713
78 5006
92 9383
62 9530
28 3286
65 9151
76 3941
33 1963
56 2010
45 2537
78 7692
50 3160
84 5960
36 4754
41 1712
92 3150
92 8171
99 2779
81 7896
86 1920
91 5988
53 2958
23 2282
69 9264
46 5606
79 4005
58 2611
62 8697
42 6567
26 9089
89 4689
95 2534
46 9027
64 3080
46 2848
88 7535
70 7456
75 3278
20 3090
93 9678
42 7847
98 4530
57 3261
82 7413
21 2200
89 7837
66 6505
17 1256
44 3424
98 2864
77 6943
99 4771
34 9382
63 3021
23 2296
46 6916
77 7442
95 9972
31 2366
55 6174
56 1586
60 6904
58 5113
89 1175
99 2460
19 7356
59 6430
39 5911
40 2992
59 3952
58 7448
40 1421
61 7803
91 1331
76 2305
21 9465
42 3841
12 6181
26 5782
34 2653
31 6727
56 4419
91 2413
92 7879
84 7774
84 5967
42 8938
29 1054
81 2757
20 8779
100 7729
85 4179
50 2051
47 2869
98 1575
65 9324
14 7725
34 3417
95 1831
30 5774
49 1660
47 2709
44 4250
44 4370
57 1802
65 5151
53 6856
38 4945
67 8822
55 6142
30 2858
29 5476
65 3989
89 8501
84 2125
74 8650
13 6525
50 4247
53 2986
61 2910
78 5815
47 7137
61 4844
42 7734
69 2348
22 3324
82 9310
10 7634
26 1620
58 5127
35 4480
15 1036
87 1506
67 3563
72 3589
38 1291
53 1859
63 6892
66 3351
38 6034
89 8268
87 1822
11 1950
31 4236
46 4486
68 1958
65 9517
79 7725
22 7533
97 5688
56 5817
74 5982
47 1443
85 3618
84 9394
64 3998
80 8357
28 2292
67 3372
54 9984
44 3409
72 4662
60 7833
36 1869
93 3064
45 5071
91 9475
72 5054
14 5049
66 3029
59 2810
23 8721
64 8717
74 8128
46 4565
55 2223
38 3093
41 6406
76 1197
55 2112
24 8409
16 8974
92 7362
48 3497
41 9176
48 2065
34 2945
44 7945
98 1205
52 2850
51 9154
63 9583
25 3897
27 6694
99 9597
92 3794
82 2177
42 4588
54 1121
22 4061
94 7577
67 8822
71 5926
50 5267
38 6986
50 1180
79 2673
60 8137
53 9824
64 4422
35 9344
44 1405
98 5862
18 6777
21 6449
50 4072
42 6833
69 4446
66 3566
11 1303
39 1699
64 4745
19 6757
100 2719
50 1020
63 6421
68 7263
65 8186
24 2524
67 7581
53 7536
16 7800
29 2506
55 8234
14 8577
64 6778
28 2762
72 7199
25 9961
27 1478
49 4604
54 3466
32 5434
49 3062
91 9269
31 2739
86 4863
13 4767
38 7981
56 7355
12 4182
31 2893
32 2721
43 9881
42 4735
34 2971
87 8946
53 4020
83 3734
78 2574
95 5152
30 2204
62 9586
44 5584
37 7018
98 4770
96 8447
74 4916
66 8620
85 9621
88 6318
50 7205
75 5626
80 6500
29 9945
48 7677
93 7153
37 7234
80 1082
15 6862
76 3057
80 7366
21 6717
17 9502
49 8415
94 4626
31 6081
89 8765
31 6625
50 1880
37 6824
39 4844
25 1837
11 5317
54 2324
21 8055
14 7190
98 2996
41 2816
26 1942
91 2068
61 4558
34 1276
93 3271
98 8409
53 6090
71 9838
63 6822
25 4106
76 6407
71 6923
94 6019
66 6514
19 1193
22 6539
79 5820
13 8148
50 7465
48 4338
64 2280
93 7210
19 2787
18 5521
38 7188
10 8082
40 5297
40 1826
30 3590
38 4073
46 4621
88 2543
33 7983
38 8835
29 3552
75 1725
16 2399
19 7712
47 6915
91 4147
96 5558
73 9287
85 5149
11 8939
43 1026
21 9162
32 4710
12 3206
39 9961
57 3201
84 5034
38 6208
80 3117
76 1571
57 5151
36 8789
32 4854
12 4181
90 6154
79 9436
53 1205
85 1518
48 6138
90 6888
53 5037
26 4218
53 6777
74 2855
54 9919
10 2244
54 6222
82 7038
77 5512
29 1193
67 3053
27 4310
42 6490
96 8738
97 6938
31 3398
90 6439
98 5776
16 1568
41 9436
96 6250
32 7072
19 6776
43 4327
82 6105
43 5099
31 9767
34 4022
74 4707
52 4093
66 8259
28 2314
43 5295
55 6480
86 7382
41 4490
70 6035
60 8580
93 3392
10 2875
20 6054
94 5534
52 7072
41 4475
23 5915
91 3645
24 9915
14 6575
45 2195
26 3876
84 5779
15 9464
56 9770
90 5274
65 3052
14 7653
87 4431
47 5136
97 1425
46 1438
25 5187
59 2015
35 5625
31 2651
12 9951
54 5389
41 5396
96 1140
23 2925
28 1729
100 3868
31 2565
42 6508
24 5238
96 1974
100 2221
12 7642
43 6341
31 3561
59 3849
91 9843
57 6143
31 4073
57 8752
16 1756
19 5947
50 7688
61 1148
72 4437
82 1363
75 2169
21 4490
61 9301
98 7527
18 7550
72 1579
52 5838
100 7518
29 7485
69 6602
85 8488
85 3355
38 4457
94 3625
14 9443
32 7436
12 6783
85 1665
43 3234
20 7042
81 8614
54 6503
22 6600
61 2057
81 1820
19 9790
21 2595
22 6897
59 4886
66 8693
37 1984
100 5249
68 1021
78 4755
47 7445
68 4856
44 7682
22 6899
17 6813
79 2055
23 6239
68 1003
68 1644
60 9733
14 6070
21 1233
33 7877
25 6449
96 5488
55 3374
23 5934
58 1749
58 2403
56 5053
81 2103
18 5630
13 1994
63 2725
29 6866
48 8936
50 9594
16 2564
22 3215
23 2631
100 7054
58 8178
73 8997
61 9319
82 1753
90 5313
82 2324
62 8218
92 9742
53 4029
60 7822
75 7421
83 5564
89 5563
96 3192
12 7215
92 8803
26 6147
63 9423
13 7144
61 8601
58 4847
90 8309
60 7712
45 3133
55 6842
52 5381
72 6006
20 7958
56 3175
60 2643
20 4921
42 9341
73 4013
60 1993
46 6409
80 5460
31 7968
64 3725
48 5627
33 1161
44 8609
33 2316
31 6250
94 4551
87 8461
17 9766
13 1983
13 3375
92 1597
49 3267
25 8929
100 1319
96 3067
97 6950
81 2930
85 2051
85 1436
17 9480
73 9522
31 3955
76 7330
27 8474
74 2392
35 4365
77 9327
37 9162
45 2729
51 5188
42 9749
24 2567
96 6653
46 5744
77 9324
14 8057
72 8397
94 1370
28 4828
28 9511
96 7739
13 5913
30 5895
94 3766
98 2970
61 3630
81 6547
73 8415
23 3330
46 8212
79 8586
99 9200
95 4065
87 9056
36 2895
77 2322
41 2913
45 6875
28 8271
46 4999
70 3814
31 6467
51 3137
82 9343
31 6435
39 7651
95 1858
77 9309
49 3840
80 8062
40 3656
14 8978
100 7330
55 5015
78 9199
58 3499
18 6873
91 6314
93 6382
49 7104
38 6390
64 8319
31 6274
25 6132
80 4395
60 6433
94 6028
42 7494
86 8387
26 6089
83 4768
64 3532
13 7466
74 5039
28 5222
96 3371
50 5379
73 8263
14 1396
24 5594
30 3321
25 3456
62 9608
37 8312
13 3524
88 4376
82 4434
33 4997
61 6069
11 7431
68 2356
26 5491
69 5609
33 3344
59 4368
25 1774
51 2889
96 2138
37 4149
36 1553
23 4752
41 7996
70 9227
15 1647
63 6205
40 1010
69 1547
60 3104
77 9348
84 5913
49 4870
67 2690
49 5477
21 6566
28 5397
50 6531
18 4163
45 5003
45 8969
80 7039
10 2257
74 8912
26 1232
57 2007
19 1580
21 1178
17 1604
81 5907
83 5016
85 2825
69 8967
75 9246
73 9048
22 6686
12 2192
22 2363
90 6548
55 4652
78 2482
23 8067
25 4044
66 5992
11 7772
32 7931
27 6210
58 6114
80 3425
96 5576
71 1715
60 8580
28 2510
96 8661
82 9507
28 8417
89 8640
21 9181
67 7315
66 4774
10 4109
44 4781
60 4729
43 7591
10 1491
51 8460
88 1686
32 2739
89 3758
13 6366
87 8933
15 7616
89 1216
21 7242
21 6356
81 8760
84 1256
20 7254
58 8492
52 8032
47 6284
48 4257
69 3830
13 4300
93 9143
70 2630
98 6640
63 1842
78 9575
13 6256
29 6446
42 7773
46 5000
55 8620
70 3552
65 8367
69 7136
24 6828
69 9251
47 3568
52 3254
90 9886
95 6481
27 9855
64 6514
80 1562
86 4202
21 9342
43 2103
65 2327
35 6980
96 1150
51 5968
25 1739
20 2544
50 8649
43 7582
91 9221
45 8261
27 4346
19 6196
12 3813
23 8495
37 8021
62 4228
24 7192
62 9247
15 2383
15 1708
43 7106
98 4722
95 1142
20 1401
79 6228
53 8586
56 3675
69 1254
22 3811
42 9645
25 7190
35 2401
72 3631
40 3954
20 9119
51 6012
66 4272
51 7928
35 5472
47 9780
37 4009
48 9048
73 4470
28 5087
75 3080
33 7544
39 4633
64 1595
91 2330
87 3552
62 6247
96 7655
50 8639
75 4024
15 8434
84 7086
66 6251
54 3729
64 7350
37 8023
88 1728
38 2672
80 1014
66 2942
63 1168
11 4750
96 6264
84 1725
93 2294
59 1691
81 5285
37 7368
76 2663
19 6567
98 9411
34 7852
29 3720
71 8899
59 1869
67 3057
39 5724
82 4572
51 2474
64 4652
26 2539
48 4934
64 1647
51 5761
68 1069
16 7778
97 5189
16 3600
72 7611
31 4698
52 8027
80 9726
38 2349
33 2698
18 7865
10 3873
61 2964
57 2063
31 1759
61 9759
80 9450
35 3183
93 4465
59 5796
51 3501
12 3043
73 9807
25 7894
20 1575
47 5803
46 4250
69 3689
79 8841
26 5489
61 2182
29 3523
91 6355
62 3119
22 4365
43 4360
19 1958
23 9246
17 1567
82 2781
41 3047
67 2299
87 5754
77 6678
73 8566
68 6784
72 9964
19 8111
22 8570
75 1850
43 6916
35 4688
86 5371
93 1412
78 1880
40 5716
24 6651
43 4761
23 8696
32 1469
20 4502
86 1626
36 7928
29 5573
19 8743
37 9881
30 3588
88 9653
84 2911
24 3775
98 5621
93 5649
47 6958
25 8935
82 7031
61 5278
22 8149
93 4794
32 2089
60 5272
14 9248
19 1262
62 7913
35 3233
32 4668
90 6618
29 3031
31 7887
14 6865
22 1775
44 1979
55 4479
19 9392
73 8159
83 2740
34 8436
56 1393
12 8930
14 9741
24 5590
45 9595
39 1150
35 2333
98 7537
22 5991
94 9219
30 6096
73 3508
48 1348
27 5523
43 6808
42 4249
22 7167
98 1942
23 7970
100 4690
16 2978
60 8956
99 7644
24 8462
10 8629
26 8674
42 8643
42 3223
91 6899
95 3317
59 6408
42 9629
66 8121
19 6590
70 6618
44 5133
99 1478
59 2769
83 5274
26 2065
11 6543
85 9502
75 9524
30 4392
43 3798
41 9508
75 2570
78 5269
94 1548
76 8684
25 1935
96 1223
56 7761
81 5665
82 3011
41 8699
66 5029
81 4001
100 9398
28 8446
53 4095
10 5738
89 2205
97 7435
35 2912
16 2442
75 1635
38 8776
65 5393
30 7964
56 8863
46 8968
37 2853
70 1666
26 8038
48 9514
39 5235
82 6589
94 3942
86 2166
32 4515
34 6658
52 6400
16 2128
14 9663
51 2184
37 7763
73 3772
70 4475
43 5252
26 5159
89 7222
83 3943
82 1232
14 8500
88 2501
32 8741
10 3394
39 9432
42 3128
96 7365
20 4278
11 3059
12 4482
62 7884
80 7172
91 3362
59 7836
97 4435
45 2421
34 6453
75 7478
12 3266
21 5560
40 4411
88 9461
13 6858
48 8039
14 2587
50 7851
16 9443
86 4299
81 9491
67 8252
42 8926
92 3721
83 5234
59 1948
32 7554
32 9887
12 4882
42 7795
38 6580
82 8959
18 3206
55 2248
99 2680
80 5679
94 7449
54 8279
93 7996
35 4478
62 5499
88 5979
10 4462
70 4857
88 1205
12 2432
23 4775
73 8674
54 3469
24 1113
91 8307
99 5369
89 6613
94 3974
68 7916
71 1553
36 3512
53 8844
53 6116
24 7104
66 3516
70 8239
30 4367
82 7565
65 6962
30 4162
39 2497
72 2709
