71 1387
57 7776
40 4159
95 5683
15 4635
37 6166
62 2334
53 7276
13 4425
10 4392
14 3974
24 1584
55 1517
97 7034
94 8115
26 7875
87 5114
34 4812
54 5027
91 1911
86 4417
35 3267
89 6479
67 2452
91 5597
32 9659
92 3282
21 8094
91 7767
35 5293
88 5088
98 5995
27 1515
14 3203
68 2577
33 4606
54 9172
79 3848
47 7863
27 6567
56 1799
36 3222
36 9638
85 5172
23 2097
91 6071
75 2072
84 2463
20 4643
53 2966
47 9637
83 6991
81 8777
30 2268
17 7471
67 8216
31 9914
22 4020
89 2718
68 8074
60 1255
50 6761
88 5486
71 4505
100 5994
92 6490
35 2676
59 6862
20 4487
39 7099
46 2089
96 6534
99 7480
61 4302
36 7393
47 7406
77 7262
52 7276
40 3870
81 4182
52 4690
62 4051
39 9098
44 1392
17 8790
60 5466
95 7323
70 3762
34 3733
77 4892
36 1116
37 3163
73 3707
41 3909
32 4513
28 9540
32 1129
33 6176
61 1862
56 6860
29 8733
78 8689
22 6583
48 1149
34 9290
80 4048
96 7340
10 9388
31 7181
100 7035
31 4307
13 8253
63 8391
57 8828
33 6462
94 2375
30 9603
63 3596
26 3665
58 6645
84 5079
99 2996
87 9504
54 6607
85 3079
58 4018
73 9217
44 4353
71 4481
25 9203
97 5058
28 1499
29 2390
31 8818
61 8430
45 5347
35 4863
96 9574
25 7183
84 5453
18 3547
78 7619
63 9433
55 1525
24 6658
12 5559
97 7281
38 9425
18 4869
94 9406
36 7942
51 6469
30 6264
45 6275
22 4190
24 1839
58 1998
32 7840
60 6629
95 6786
86 3162
85 6570
47 9977
38 7060
13 8514
81 9345
94 9777
96 4054
98 8717
98 1923
31 3337
90 9409
21 2615
81 9459
21 5435
43 3143
77 7792
22 1924
62 6379
57 2969
47 5282
39 2800
23 7878
59 7978
25 2491
16 6864
69 4929
61 5919
64 4244
88 6182
75 1364
37 5491
79 7848
30 7585
85 5695
73 9276
77 4249
11 2196
64 1738
39 7730
19 8360
62 2234
34 5512
66 6145
62 8358
38 3156
14 7570
33 2435
46 4564
72 1683
84 4393
37 4524
32 4740
42 9225
26 6686
56 5880
69 8189
60 1714
79 7431
55 9062
99 9089
37 5099
58 4005
90 2045
99 3760
65 2720
80 5046
22 4588
26 7900
71 5622
53 6267
14 6387
20 5319
40 4562
68 1202
72 7674
15 4563
71 2826
40 3172
93 8498
64 9522
19 4446
75 3540
69 2337
91 2874
70 2479
36 2967
47 6467
84 5901
75 5108
20 1029
87 9574
99 2474
83 3229
43 4715
53 7854
52 4056
85 8764
93 2465
44 5256
40 7048
59 7711
38 8074
19 6628
94 8089
37 9084
47 8910
30 6040
89 3922
84 4705
33 1347
16 2142
50 5131
38 4014
55 7492
91 2838
83 8358
40 4306
57 3566
94 9943
73 4590
70 6752
72 1157
15 6670
11 4072
84 5186
19 1787
62 9506
24 6633
72 6510
19 4160
43 7729
23 9941
29 5430
46 7071
39 9233
42 9867
86 3368
42 3419
24 2476
38 6699
13 5076
47 8283
77 9767
89 9564
56 1310
10 4913
86 5083
42 7694
99 5620
15 6857
47 5982
82 5272
81 1659
96 2904
58 3939
69 7553
91 1598
38 8403
74 8058
63 7711
78 1788
57 8686
47 4677
93 3940
64 3742
40 1605
77 3458
18 2038
44 2413
47 5836
94 8272
72 5207
61 9870
48 1028
10 8797
82 7419
69 5723
76 5645
74 7446
22 8124
60 2962
46 2005
10 7664
92 3207
85 8355
44 7753
75 1536
88 9183
90 2543
96 4317
96 5404
60 2800
60 8348
21 3699
32 6576
34 4878
61 6470
99 6530
83 8491
97 6941
28 2932
40 2035
27 5250
87 7888
68 9554
39 4193
13 5931
74 7567
66 9031
71 2899
94 7301
99 1333
90 4518
78 7589
89 1979
26 1977
15 7182
27 3105
82 8971
70 9743
43 7607
80 2685
19 5777
40 8065
47 8079
43 5238
100 4545
56 8571
85 9499
16 3254
32 9604
60 8815
64 3916
79 1120
92 3868
67 2845
51 8215
27 7801
41 8949
61 1116
83 6901
55 4844
60 9536
60 1187
11 9385
66 7506
32 1185
22 5343
65 9657
70 9430
28 1139
70 1781
84 9300
58 1893
16 8115
31 1476
96 6825
99 6326
55 3970
39 9032
86 9941
16 3249
39 7420
16 1887
99 9825
85 7633
81 8742
84 2620
12 6511
13 9404
56 7708
95 6914
12 7331
39 2080
11 6269
67 7562
32 8146
27 3534
99 9638
20 4332
45 2897
93 2487
43 2936
17 9265
59 3000
62 6038
83 4626
19 4628
37 9425
16 6615
26 4803
59 5409
21 3170
93 7622
80 8994
19 6689
35 6085
51 2535
40 3938
39 4644
35 7743
33 3689
48 7717
77 8093
30 2275
15 3406
68 8696
33 3596
51 7635
42 5108
30 1664
96 4250
21 1172
52 2919
45 1563
66 1810
14 3519
81 3211
58 4871
35 5711
14 7872
41 4726
42 7671
71 8318
41 5695
65 6774
49 2475
77 6823
95 6766
49 7659
12 2501
42 2956
39 2470
70 7899
27 5567
86 3159
96 3808
26 1334
74 9459
16 3197
40 8546
69 2375
36 3561
22 5430
87 2169
54 8876
60 4506
21 5953
42 6452
19 3060
73 7081
69 6226
93 5875
12 7065
81 6524
75 8291
23 1663
89 3331
31 8218
20 3328
29 4417
95 1322
44 9338
58 8736
20 6337
87 4006
11 7323
70 6170
34 8223
83 6026
67 6601
52 2674
100 8684
82 5021
87 9849
79 1492
39 5633
94 1903
26 5212
87 3521
29 3679
15 5735
73 6741
37 5997
78 7558
93 7711
45 9732
11 6648
100 5848
28 8562
87 4781
28 1296
59 1148
23 6726
71 4092
60 7265
37 6919
37 3490
19 4612
76 9716
64 8879
19 2199
32 5231
85 3945
11 8098
39 1658
20 6897
89 6145
66 3580
63 4659
51 2322
100 8489
68 3034
55 4863
76 6588
39 6669
73 8981
12 1075
91 4657
89 1325
100 3902
28 7498
82 8689
39 9082
66 4521
91 7082
60 4002
43 5200
67 4476
35 6543
71 7780
66 2297
90 5205
74 8221
56 2002
22 9962
33 8114
25 6318
71 1901
24 5422
62 7301
49 4121
37 2902
51 1833
76 1003
40 8409
77 3551
60 2507
35 8790
99 9404
43 6243
35 3959
57 1582
23 6028
44 9577
50 4625
45 1573
38 4313
39 2667
51 7609
82 2057
56 9518
12 4841
91 9280
49 6235
59 6341
54 1803
82 8601
19 1305
20 5622
71 7544
36 7026
92 4264
20 5055
12 1956
78 2804
49 4496
89 6722
69 6293
34 4280
29 6260
63 5261
25 2958
35 5761
53 9230
51 8346
95 9836
42 4116
95 5241
69 9188
46 2530
24 9961
63 6706
62 3180
49 1100
61 1489
86 5595
82 4261
86 4372
62 2011
17 3879
52 4467
71 6248
56 1771
52 8351
52 3368
38 9182
66 5365
91 6022
17 1401
11 8258
32 3866
24 4004
83 5447
97 7270
99 4854
69 5868
76 5578
66 7179
11 5364
36 8702
90 1600
63 7118
49 2324
41 5289
22 6187
22 7073
26 5070
35 4860
48 8419
25 7466
62 8682
70 5389
65 6474
84 4100
37 4286
51 3713
91 1809
52 4410
77 6142
70 1573
36 9950
57 3780
16 1497
97 8255
66 3479
61 2002
47 3608
16 9152
69 2510
52 6768
13 5046
17 3517
66 2827
17 5983
61 6117
94 7099
31 7155
81 7885
70 4754
29 4886
71 3186
21 6097
91 8221
47 1333
76 7443
54 3077
40 4077
84 1166
56 5384
80 6154
76 8467
15 3421
29 1696
36 3224
84 4096
95 8866
68 1998
23 6618
61 9217
24 4326
99 3413
46 8707
75 2890
43 5260
46 8076
27 2076
35 1161
93 1968
50 4714
97 6952
96 2568
77 7314
27 9718
37 6408
12 1869
97 1113
28 8337
76 9226
19 6250
83 7419
82 8396
61 1027
54 6890
30 6764
38 7026
48 2551
42 3848
11 2589
94 8399
72 5758
97 7755
51 2976
36 4202
28 3716
81 9240
40 9181
59 9226
25 8235
84 7585
12 2966
54 2201
95 6686
88 7537
96 7151
40 4497
17 6585
43 6336
12 4012
98 7126
24 4613
83 7538
35 1722
60 3596
90 3207
68 1732
61 8126
33 4840
42 3969
98 5060
30 2986
14 1441
99 4237
79 1765
58 8433
72 7995
77 2023
68 2645
44 7315
21 4047
55 1713
56 2860
41 8408
85 8186
53 5106
60 9577
14 2400
66 4169
29 7883
83 8132
83 1167
44 4858
65 5865
78 3075
90 5745
44 8698
92 2703
96 4908
71 5962
95 9931
18 9104
23 5650
47 7452
47 9148
40 7055
60 7017
100 5252
31 3779
20 3546
29 6267
74 8069
97 2844
33 8246
19 8769
91 4422
39 1624
33 9522
43 5688
31 3056
60 9064
48 7610
54 2345
50 4242
72 7970
25 9557
42 2663
40 8112
14 2080
63 3526
19 1479
40 1684
79 1490
48 7734
50 1216
34 5666
56 4686
50 7609
50 6702
41 5750
94 5639
97 2445
44 1482
38 2288
41 8693
17 4839
38 5126
75 7645
73 4919
20 6458
40 7393
18 2155
67 7185
48 6706
64 1324
34 1099
84 8456
32 1355
51 5264
99 7334
59 7600
78 9283
85 7729
96 8368
31 3204
83 9109
62 7922
73 8924
90 1391
73 2081
100 8975
42 4437
82 3610
14 6290
96 6185
25 4939
22 6004
82 3613
10 1127
81 8630
75 2118
40 5025
75 1951
60 1646
56 2369
90 1945
14 4680
55 4054
41 4006
39 6726
10 7881
86 5404
12 7990
53 2580
14 3088
79 9641
80 9322
27 2001
66 1508
96 1377
67 6602
40 8636
85 5608
49 8250
74 9796
66 3445
43 7659
37 6185
34 6243
97 9200
24 7662
25 8966
67 4946
66 1074
45 7028
12 6850
26 3743
34 9673
18 2760
25 3551
84 9359
81 7601
36 1585
67 9943
69 1461
59 1313
81 8569
73 3896
41 4055
20 2435
90 5359
16 5267
58 1272
46 7906
60 4183
48 1329
56 7826
51 7276
49 4167
83 3366
90 4900
99 6014
45 2654
22 1392
53 5319
83 1942
18 1392
64 9749
80 2362
67 9844
32 7030
83 1522
56 4437
46 2563
88 5182
84 1562
39 6654
54 4002
62 7910
59 4446
44 2562
18 3508
60 7017
58 6788
75 9643
65 5919
21 9580
55 9894
17 6022
38 5154
