38 4668
23 9250
84 6082
71 3065
71 5481
82 9767
43 8439
23 3920
46 2915
94 2918
53 3518
32 3664
53 7203
87 9489
74 1728
40 2215
13 5319
92 9562
96 9161
90 1127
71 4009
22 4689
56 4603
90 2267
50 4118
25 7569
89 2081
49 8186
25 6318
14 4829
48 5989
60 8926
72 2222
61 7233
85 1794
52 1310
29 6694
79 2960
56 9372
93 8199
20 3641
73 1653
62 5357
73 5839
29 7794
43 4857
96 3361
80 1000
20 3377
56 8592
77 6482
73 6658
44 9026
45 7680
49 8090
18 4514
93 5766
74 1077
100 8868
93 3682
37 4207
29 7325
90 4708
48 6742
16 1234
20 6456
39 9113
35 4718
100 9402
80 2776
55 9668
24 8556
56 3329
53 8033
82 5120
73 5815
19 1528
67 9225
50 8787
37 8245
68 1201
41 1789
88 9516
74 1776
51 8397
22 9404
75 7886
66 7837
31 4080
21 3730
84 2558
28 2725
24 6079
73 6871
47 3798
60 1911
56 5358
97 7021
41 9792
65 7875
94 1599
46 4631
24 4708
64 7366
20 3466
31 1054
50 5449
94 7117
16 1684
47 9749
35 2188
26 7763
19 4186
14 2251
56 1966
79 7134
15 1391
83 8577
51 7720
94 7866
14 1418
46 1903
70 6272
57 8841
33 2615
12 5260
36 2896
17 8724
27 4590
22 6444
73 1430
20 3001
84 5852
33 3666
39 4121
19 3462
62 7331
81 7969
30 2182
17 3255
22 7678
65 4748
10 2315
16 9825
39 8260
27 9776
69 2779
100 9945
90 3260
17 5687
66 5089
53 2854
95 7751
86 6822
85 3944
48 4738
32 1182
65 8232
13 9105
53 4258
60 5450
45 1464
49 1902
61 6757
10 5955
55 8649
59 7386
83 8913
33 5862
13 9827
93 8414
41 9695
77 4428
92 9576
88 3430
70 2754
99 7008
20 1762
61 2323
82 2971
55 7091
74 5548
23 4664
72 2383
45 5077
35 4140
33 8689
21 2716
34 1096
30 4893
55 4544
97 1673
27 4227
49 1093
91 4363
73 6199
66 9399
75 4044
63 4540
31 6636
29 5078
41 6445
85 3602
10 4108
54 3974
87 9627
32 8754
98 9781
26 4996
45 4736
85 3870
47 6824
31 9662
30 3291
37 2142
90 1145
13 4094
33 7193
35 5344
49 3620
49 7319
45 8752
18 1643
47 5866
43 4910
65 4862
49 5318
42 3189
74 3718
99 1832
52 9955
32 6821
100 8100
29 7836
47 1309
72 5927
22 7825
15 8091
33 5725
73 8850
62 3849
30 4235
88 5362
40 2339
62 4155
83 1449
52 2543
67 1538
89 2208
58 8411
55 3666
39 3792
55 5614
96 4459
25 1399
15 6877
26 8570
30 4814
79 2426
41 2133
15 4243
93 7003
65 6437
83 7298
63 9099
19 8036
34 3493
83 1833
83 5551
57 8595
53 2228
38 4889
79 7721
62 2159
69 1708
93 9402
67 7095
88 3704
92 9166
14 3415
97 4372
29 2225
24 5546
69 8189
73 6987
40 9387
77 6330
90 3468
33 7239
51 1105
95 1424
83 7861
97 1376
28 3930
100 6176
29 9817
19 3072
99 3183
32 5784
62 8527
94 3490
55 7928
64 7069
87 7646
19 3635
23 5971
53 6584
94 3306
81 7305
91 3532
93 6682
39 3040
54 3605
65 8739
95 1026
52 9944
98 1055
89 3096
28 8629
49 5793
54 7762
72 7441
63 8245
74 7012
48 3670
82 9479
31 6155
31 2589
98 3948
42 8742
52 2366
65 7557
84 7933
29 6979
48 3389
95 4950
70 7589
76 7853
76 5514
47 9130
54 8517
66 5737
80 4570
59 5564
85 2818
34 2264
81 5621
84 9480
60 4144
54 9188
65 6324
42 7258
47 5717
56 1545
41 1157
31 1458
70 3883
39 1004
99 7722
37 8802
19 1188
35 2547
75 6447
76 7385
17 2163
57 3360
56 2002
68 8706
76 1698
85 3412
91 1773
16 3474
100 7811
81 2214
70 3869
71 7665
28 8260
90 7950
87 3330
68 4895
34 7330
67 9899
66 9364
95 4968
60 2059
25 4330
51 7989
75 3753
26 9359
89 8608
94 3942
59 9022
54 1933
58 3083
79 9235
78 7270
57 4503
92 3371
67 4166
44 8584
65 5672
94 6693
63 8773
37 2958
98 7957
39 1703
20 5842
53 6099
46 8479
74 5782
10 2660
32 4532
80 3085
72 3393
30 1509
80 5253
22 3875
64 1578
10 5795
25 5394
32 8040
77 1009
14 3605
77 8348
10 4467
87 9552
61 8985
66 7748
40 2358
63 4591
98 2787
28 5281
78 2781
85 7323
18 2561
47 5270
71 9738
35 4318
16 1829
41 8452
68 9090
96 3110
63 7991
82 2548
16 1742
70 9731
58 6641
96 6164
61 4133
16 7647
30 8725
69 8261
50 8101
75 6271
91 8207
42 2766
15 9712
84 5939
57 3034
12 7170
12 3908
100 2869
99 2681
88 3270
87 5924
36 2566
49 9331
99 7125
71 6836
62 8945
40 9701
49 3931
32 9480
19 6481
29 9259
53 5380
88 8138
18 3826
35 7013
61 4831
24 4260
52 7319
13 2346
63 7042
100 1691
81 5625
10 4885
49 9409
75 7207
73 9329
61 4409
72 7597
78 2806
36 1782
23 8982
28 1935
69 4023
22 1397
31 5069
11 2902
41 5805
75 4740
47 6848
99 3743
76 6246
84 5214
56 8233
54 3052
39 4372
43 1925
34 3759
14 1016
28 1817
100 2491
60 1987
43 3060
53 2119
29 4865
100 1262
33 6581
73 5977
31 5307
63 2216
17 4755
16 8650
77 8241
95 5482
64 7290
98 4465
49 7416
72 10000
14 4233
96 9897
12 9944
70 3204
58 1733
32 5886
39 6884
53 6219
49 6149
43 6292
18 1354
92 3597
15 4034
13 1251
87 1263
36 1114
63 9462
35 3212
37 7139
91 6665
94 1940
66 5854
27 4703
49 4252
27 3766
31 9748
33 4023
93 8200
27 1200
23 6367
19 7969
95 4979
24 1570
94 5051
32 5786
27 8963
22 4253
80 1514
18 7198
75 8264
18 9666
42 2576
70 2972
20 5680
50 3546
26 4440
53 6482
58 8292
44 8503
50 9970
21 6510
60 4989
73 3081
98 6253
93 8239
36 5715
27 5534
16 1560
96 3326
43 6887
57 8628
10 3874
48 5787
46 3639
65 2811
12 2564
100 8499
90 9794
95 7543
96 5939
13 2977
16 4754
57 7214
70 3502
57 3454
70 2897
31 3218
38 4453
79 9505
11 1187
97 1059
23 3027
48 2313
90 8091
99 7498
81 7080
55 6637
46 3379
62 7079
95 8330
87 1397
32 5898
43 8531
86 5578
36 4229
35 4079
17 2831
42 8092
72 7321
12 7037
60 8470
47 9118
70 3198
58 1275
36 8713
29 6887
44 9360
10 2181
59 3796
57 6321
71 5674
11 5683
37 7584
59 1639
16 8194
14 3494
18 6652
61 2837
80 9620
65 2576
97 7357
26 8828
82 8290
12 1324
97 8545
97 5289
42 9063
77 3517
98 4876
50 8129
26 6038
10 3007
72 4782
35 7503
58 9878
78 3593
99 4613
63 7568
41 4274
92 3905
47 5602
50 2341
30 1406
31 9082
37 2337
13 7110
41 4336
52 1485
87 3554
53 9936
50 3607
77 1396
12 4423
39 5067
31 3735
23 4670
31 8654
60 3233
95 3579
47 3057
43 7739
100 1088
50 4534
90 3590
26 4572
62 5258
87 3893
46 4652
40 1006
33 9624
30 3056
43 9948
16 4066
43 1862
74 5865
51 1317
25 5373
31 4577
30 9716
26 9498
86 7056
41 9853
71 6520
15 4711
86 2127
80 8058
70 8617
37 6870
26 6566
86 7581
37 2349
70 9325
46 1407
48 2914
44 5217
71 4705
25 9753
49 2112
80 3666
43 4192
66 4111
93 6262
15 3727
21 2971
61 4705
14 3904
13 3693
52 6302
78 8402
58 7329
10 5584
31 2446
100 1860
13 9280
58 9995
11 9114
91 8594
10 2104
37 8332
72 5747
20 9727
98 2191
93 9782
80 8735
83 7305
19 8000
82 2940
48 9756
10 6692
59 7763
52 3564
50 5249
70 7816
28 4537
70 4146
15 2510
83 7724
87 2319
27 7016
19 7937
62 5076
35 9612
61 9227
65 9166
77 1648
24 7718
87 4202
13 9844
98 8437
90 3259
50 4078
86 3451
68 5595
38 6579
81 9526
30 1133
100 1052
11 4808
69 9473
39 3905
50 5020
88 2702
45 2644
32 3767
65 7462
32 5689
53 3858
98 5838
43 1204
90 6156
78 3316
84 1206
94 5596
55 2535
95 4599
25 2212
78 5220
57 8490
20 1881
32 8093
19 3553
80 1922
77 8375
97 5855
13 3940
54 4008
86 6552
84 6432
12 1647
92 1320
12 9734
55 7218
62 4018
23 8154
88 4386
92 5412
97 8636
81 5931
92 7211
23 3962
26 8413
65 1566
18 2927
41 6950
70 2564
98 1300
68 9027
32 1446
99 8774
49 1187
78 4469
33 6438
77 1550
78 7997
39 2089
63 9828
49 8667
13 5570
81 3707
84 2058
34 3955
52 1001
15 6060
24 7231
89 4685
14 1140
28 7896
80 5579
77 8772
27 7058
12 2442
45 3006
36 1515
71 9023
76 7152
83 4509
64 2102
87 8356
98 4776
28 6485
21 3091
23 2163
58 2231
11 8033
60 6736
96 3787
82 6527
27 4433
100 5983
57 2949
30 6603
32 7915
84 5388
100 3353
56 7378
56 7333
63 4590
21 6614
30 8245
66 7706
44 3254
86 7898
80 5425
49 1516
14 9488
26 8044
88 2537
70 3592
53 8776
42 3229
100 8989
62 8718
27 5013
92 9222
69 7117
89 3316
60 6852
38 1973
40 4298
82 4856
98 7257
99 5258
55 6012
76 9783
51 7278
77 2443
100 6830
49 7066
91 1287
39 1355
12 9631
73 2940
39 6621
87 4447
43 2265
21 3584
86 8244
41 1865
86 4795
99 1019
29 7271
79 2275
97 8757
58 4058
99 4586
37 4670
63 7647
92 9562
55 3959
75 3964
53 8589
52 9829
80 5442
53 7574
92 6826
47 9839
11 8508
17 9608
57 8194
44 3399
79 3479
61 9104
92 8966
56 5205
68 7660
87 5507
47 5015
62 7363
24 2420
66 1186
58 9420
88 1082
63 1973
67 9720
40 3207
23 6055
77 4027
53 8652
20 4263
69 3963
71 2997
34 7489
29 2019
11 7397
65 1933
51 6632
42 8729
37 4280
84 1276
21 9128
93 8425
29 3545
46 7260
90 6122
39 8178
14 3174
85 2096
47 8327
84 5564
91 2416
55 5161
14 3563
55 5690
19 9549
44 9262
44 5622
43 9289
90 6132
40 5130
53 6975
31 3989
66 7880
12 1381
38 1079
68 3879
60 7709
66 7063
62 7274
13 8719
99 1022
92 4087
40 8758
38 7012
33 8322
64 5636
81 5540
74 8173
30 4291
97 8971
93 8876
62 6778
33 4483
82 2473
35 9461
18 1141
84 7093
49 8239
58 7124
42 5149
89 8220
13 5775
12 4815
63 4999
70 5653
58 2978
35 9328
84 2932
41 3638
62 3094
22 8293
91 6530
49 9069
57 7573
23 5644
33 7503
66 8621
10 4329
11 8307
18 6658
10 7852
78 6306
81 7659
16 7904
14 9041
60 7418
45 1180
92 2258
77 1669
96 7393
47 5180
51 1045
82 7162
35 4844
100 9405
85 7576
85 9157
71 9565
16 4613
70 4213
85 4631
89 3353
43 2139
80 5274
76 1940
54 7694
33 9411
45 5672
39 7936
26 8267
12 2326
17 9691
81 9539
86 3171
54 2225
24 2159
17 5999
36 9316
32 6622
37 2382
80 8260
79 7392
41 5435
90 7284
70 5661
40 7528
55 1059
17 8579
99 1904
78 6838
13 1130
97 6611
86 9178
75 5236
46 5997
80 7300
79 3165
73 1822
61 7440
62 5045
91 1045
31 6896
47 7205
80 3688
18 3937
80 5351
99 7937
11 6033
43 5761
43 5690
73 7290
44 6705
78 4110
63 5114
86 4956
52 1252
47 2011
39 3654
23 6143
84 4076
11 9730
27 6877
99 4572
21 3869
61 9588
42 7682
59 8105
35 9569
60 7643
62 7676
29 9164
14 7681
93 1421
41 2642
46 8819
68 5655
44 7641
98 7567
97 8933
76 2936
53 1233
89 4641
65 5839
27 3883
74 3256
49 5976
80 6478
42 7861
28 9376
90 1352
74 5340
59 9501
60 4700
53 9197
32 3392
46 8619
45 6314
62 9967
82 9981
38 2585
93 8081
28 8603
86 2144
61 9930
72 9568
58 2831
22 7706
42 2285
89 8322
88 3763
56 3254
77 3980
21 6626
18 3469
69 9566
16 7616
49 5081
56 9076
80 6181
67 4103
21 5180
19 9636
25 6280
66 4010
28 4365
74 4684
10 4877
66 8007
78 6191
82 4189
44 1437
38 2581
54 8282
54 5069
56 9538
88 2161
37 2425
34 7664
27 9468
60 9484
51 8228
33 7551
54 3681
10 6743
74 1113
100 7906
100 9844
66 5292
70 8476
55 5388
94 8431
99 6281
70 6787
100 4049
50 3299
81 1335
96 8507
59 5403
30 6679
89 5328
50 1594
10 8418
85 3269
35 4359
94 1590
73 7846
42 6668
24 1378
35 2937
23 8649
42 7659
35 7172
16 7987
92 1574
24 9763
74 5420
28 6271
54 4874
82 9849
90 2439
12 2974
29 9761
60 2773
81 5137
44 1894
17 2952
68 1090
42 3247
75 5028
77 6310
21 7491
52 1621
32 3475
33 6996
16 3098
71 2506
22 4670
77 5298
75 2269
44 6747
95 8825
18 7924
39 7889
36 1647
81 5164
31 1471
100 6107
32 5719
83 7694
32 3925
87 3302
86 5906
43 4557
35 6383
16 9122
32 7602
85 3131
64 8962
32 6683
10 2552
93 7500
38 2433
23 7212
22 3041
15 4861
81 8025
23 4530
35 5968
56 9810
73 3805
40 8263
63 5904
98 5551
100 6946
95 5701
67 9289
96 1560
85 6255
36 1262
79 9431
28 8029
44 2585
17 9358
100 9061
79 4072
37 9671
59 8577
74 1076
31 6248
90 2270
17 7980
30 7141
83 2943
99 7835
54 2055
39 5527
83 4996
85 7282
38 4796
74 4557
17 8040
71 7285
38 7441
93 5019
64 6352
75 3643
69 7827
14 9796
34 6342
21 6348
54 9452
43 6553
28 2662
62 9157
32 7349
96 7054
31 4136
61 9923
91 6173
72 9422
58 8793
31 5533
55 9505
10 5727
32 5038
67 9180
87 3119
57 8860
21 8088
60 2837
67 9698
62 2641
82 3094
10 9187
56 1596
87 4181
90 3852
49 5078
75 9467
58 2231
66 3658
49 7875
23 3238
78 5782
60 6535
20 1725
25 4097
60 8469
58 2759
65 2987
91 5391
34 1791
80 4405
75 7367
75 9787
83 5008
33 9768
85 9119
75 6257
29 5123
30 5963
46 9152
19 4392
10 6232
79 2637
98 8527
43 2124
30 9322
44 9459
60 7384
19 8011
98 8652
67 7696
97 4442
98 5921
30 9099
22 1556
33 2287
44 2036
47 9479
14 1022
87 6809
76 7417
28 1504
96 1668
93 8430
46 3311
68 3170
27 6922
39 3563
79 7559
99 7607
29 2214
100 6493
76 6947
71 1575
26 6466
52 5022
62 8737
62 3677
55 2375
10 4242
34 7500
43 1896
40 8665
84 2773
93 1666
80 7082
70 2328
73 4547
24 6102
48 1488
47 3895
40 9595
14 6776
27 3039
61 3139
37 4222
53 8551
39 8031
50 8011
92 4617
75 1952
58 9909
43 7177
54 7934
93 4903
36 1225
87 6757
55 7743
98 5928
20 6515
16 7587
74 2846
71 1808
41 3526
94 1255
29 6543
37 3270
83 7553
97 8749
72 1457
80 1440
42 7031
77 6969
23 1975
96 6284
22 8464
59 5449
86 9658
78 3206
98 8219
73 8178
100 4974
96 2474
66 6710
46 1625
12 2462
75 3150
85 2366
87 4217
98 7900
23 7279
19 1071
32 8149
75 6542
95 9344
75 5485
21 2622
62 9391
46 5512
96 3545
77 7020
19 2546
33 5620
85 5485
51 7446
98 9278
72 8550
66 4474
65 7511
44 7422
90 1967
49 4127
67 2705
50 4504
49 9029
16 2014
36 5211
99 1224
17 8060
17 2865
34 7711
41 5254
75 9838
58 1509
37 6558
100 3515
17 7217
40 6008
88 3106
46 6886
14 5460
67 2900
64 5458
59 6552
18 6888
29 1408
65 2266
81 3579
23 1679
37 5876
59 9335
87 7792
21 3076
62 5082
52 7651
28 6247
67 7308
87 5586
33 5988
47 1991
39 1406
93 1635
57 8934
25 7992
42 2843
65 3704
93 7035
39 9240
59 8226
36 1970
44 3423
12 9906
99 4923
37 8868
47 8843
20 6697
59 4871
58 6169
15 5582
70 5830
11 6349
52 9466
76 8057
79 5288
95 4787
81 9797
25 3685
84 2895
74 2611
71 5704
69 9204
34 7378
55 1738
21 4044
78 4954
89 6010
58 6189
78 4097
93 2647
17 1685
20 6963
22 3157
31 9347
48 1576
24 5989
96 6538
89 7591
28 9807
50 5702
53 1947
69 7018
63 5620
91 9787
96 2846
14 5355
75 4739
67 1098
35 1175
78 3760
17 2671
77 1275
76 7230
68 4888
84 3257
65 4689
34 3097
70 6923
31 4204
97 9840
51 8150
94 1235
15 2697
68 5124
63 2259
89 5616
58 8389
48 5865
43 4764
35 3738
91 8430
78 5235
97 9594
39 4893
63 8860
38 7186
58 5323
30 2257
44 8083
10 2492
55 8098
29 9959
85 1399
20 3659
75 1096
56 7949
77 2109
86 9110
20 6298
74 1094
86 5477
81 9728
86 2394
29 9706
99 7758
46 7373
50 3510
62 7257
57 2425
39 4112
56 8985
34 9858
81 4475
74 3291
42 7205
84 6734
17 3633
32 9908
13 1323
61 6792
55 9105
84 1046
50 2461
80 3674
33 3012
36 8453
17 6017
70 7527
29 9212
14 8218
90 8893
14 7842
94 7597
24 8862
34 4305
70 8159
88 5840
40 5736
43 6083
30 7369
21 2415
80 9944
87 7370
68 1285
86 9332
59 6688
86 5797
24 6027
97 7587
48 5552
72 5622
30 3648
62 6201
23 4198
77 4402
45 1977
28 4857
21 5786
61 3144
46 4848
67 8808
19 5270
25 6798
24 3749
61 1316
43 6839
16 9066
34 5296
41 9646
69 5086
81 6639
19 6339
64 9103
59 5004
99 1096
58 3178
64 9014
84 3127
87 7471
89 7721
78 3609
88 1099
71 6626
90 2275
88 4061
20 6410
37 7013
38 8421
22 6122
20 6934
46 9064
65 7012
71 2676
21 3459
72 5423
70 6852
27 7375
95 8834
84 5170
86 2762
88 7392
13 3155
76 2005
66 6274
19 5552
12 8600
12 3465
91 3304
73 1389
35 2252
65 3297
87 5788
28 3936
48 6198
29 2831
10 4712
64 5966
91 9025
49 2046
38 7286
92 7384
87 8949
31 4114
56 9041
17 6223
98 1552
95 2299
92 2069
78 3953
80 8187
29 2089
71 2853
80 3578
26 6989
40 6285
73 9648
97 6531
88 4124
58 3902
39 1036
62 3721
31 1465
66 5806
63 4458
65 2450
61 3475
20 8344
17 5740
62 7352
88 7440
59 3166
47 5238
16 8259
21 1627
45 8321
46 4252
75 8371
48 8653
84 5501
27 5848
39 2336
57 1883
76 9091
55 1782
94 9442
59 3191
88 4584
20 9467
99 4633
99 7059
87 7787
59 6071
20 6675
30 1635
100 7570
59 6452
15 7750
16 8083
53 2352
17 9573
94 3366
93 4275
16 4058
47 9907
51 3569
58 4074
73 1164
91 9211
51 9461
81 7881
36 4050
89 6823
43 6078
77 8419
12 9872
11 4536
41 7103
72 3499
90 2068
27 3052
93 8831
40 7584
30 5659
66 4944
30 1424
93 3879
44 9610
88 5602
97 3491
30 7962
50 4468
23 3326
72 2459
86 3760
40 3566
57 4752
11 7744
23 4576
27 7441
96 4493
55 9561
77 4745
30 8650
55 9238
48 7132
67 2228
52 9123
92 7011
72 7942
71 2655
53 4278
83 3108
15 1721
37 6143
93 9783
74 9382
49 7087
68 3150
87 3757
37 8757
66 9246
43 4644
49 2404
43 8860
73 2845
25 3804
52 1474
23 3280
23 2098
54 9321
53 2912
30 4836
32 5912
14 7903
82 9319
40 4842
47 3884
13 2278
99 9453
84 9881
15 8462
48 8043
90 8116
76 6305
41 3745
60 5339
49 8216
30 4089
19 1797
83 3637
86 3399
76 5438
56 8481
59 2438
97 5958
90 6881
60 6487
51 9326
45 4469
33 5979
71 1101
84 3987
98 5865
34 1642
73 2338
24 6165
19 9138
69 7064
73 1047
53 9098
46 2975
29 9081
55 3773
61 5404
41 2284
19 1865
45 3456
56 3640
68 1535
71 7994
45 8612
12 5291
36 2547
66 6802
48 3590
68 2128
57 2340
80 3495
64 9979
20 5725
63 8622
91 5042
21 1398
55 4561
12 5478
77 5043
53 4391
99 2501
64 9926
41 8340
23 2069
14 3508
53 3326
53 1697
100 9836
31 9330
88 4009
60 7616
99 7350
74 6776
21 1238
51 7994
69 1468
51 4247
58 8730
36 7771
16 5792
32 4680
58 7710
72 7958
56 3957
79 7738
56 7932
62 8104
75 8592
26 3394
69 4832
15 6257
28 3103
43 9987
85 8405
82 7468
13 4416
90 8141
32 9790
71 7843
23 9655
52 2272
87 5029
85 4734
95 7337
11 7609
39 7501
96 9351
10 2887
96 7214
62 4298
15 1232
65 2077
57 7036
38 6791
65 3963
95 1548
48 6633
89 8884
34 6301
100 9559
87 7432
47 9256
20 9362
36 3081
48 8086
30 6748
72 2938
56 4776
42 4520
47 9220
36 4057
87 7486
71 6300
29 9513
40 3008
81 8862
70 7613
87 2367
59 4947
51 9674
74 3946
31 9211
44 9670
56 4533
70 6666
29 7408
44 2742
32 5225
82 5132
49 8389
12 5768
11 6536
97 8943
39 1393
65 6893
65 8102
66 3940
79 2732
22 5662
86 7882
83 7016
80 5188
90 2892
50 8330
73 9742
88 8423
32 7300
27 7982
48 5619
31 4583
64 2999
42 5924
74 5565
73 6412
62 7553
32 6507
99 7174
51 3945
86 8681
40 5252
78 7776
23 3561
45 6169
94 8864
86 8482
78 7797
63 9113
39 6603
79 2283
92 7819
19 1434
82 5615
49 6549
86 6650
39 6579
69 5051
43 1606
35 1094
39 4747
98 1496
89 7211
55 9999
65 1309
32 7679
65 4283
11 7736
30 2096
27 6190
30 7687
72 7537
47 9153
83 3639
11 8381
29 3363
75 9033
69 5224
54 5070
67 4981
91 6216
68 4970
50 5935
28 2292
89 9778
40 1283
75 9670
41 8683
32 8627
22 1209
89 3542
63 4724
43 7766
27 8628
92 7818
11 7702
75 4060
68 8884
15 2702
88 6194
96 6157
68 6048
96 7232
68 3987
48 1944
80 7466
61 5846
62 6107
95 1048
98 2972
93 8473
64 9642
13 9655
87 5775
92 9347
89 7514
66 4215
29 2914
63 3043
31 5313
54 4883
13 1388
12 4993
50 4456
68 5300
91 7967
32 5805
32 6959
31 5988
57 6091
81 9101
88 9338
65 4505
82 9899
99 9069
100 9532
22 5725
32 9935
72 8496
34 6018
26 1536
51 6387
86 1864
41 6762
16 7958
100 5905
83 6855
100 8437
43 9512
75 8628
74 8329
62 6056
33 6883
94 8327
24 4695
71 7348
38 6850
26 4933
38 8927
48 9152
18 2282
19 3303
55 2206
64 3141
76 3707
83 2107
50 4171
70 5211
24 8059
36 6618
17 9443
37 8452
90 7775
36 6782
42 3105
61 1192
66 5889
15 5995
93 4824
17 6302
34 9127
26 2759
50 1160
70 5593
68 1230
99 2615
32 1253
81 5269
74 3529
48 6011
44 6391
73 7632
34 7519
59 8331
15 8500
57 7620
71 1674
77 2905
46 4364
65 6127
25 2686
14 8229
63 9550
77 5878
94 7989
43 2113
51 6540
47 7758
75 4423
97 1927
18 4806
86 9976
38 3367
13 4448
46 4607
11 3860
24 1743
46 5776
87 5386
99 6775
30 3980
37 7880
25 7401
44 4086
40 3037
55 5744
25 3161
64 4985
30 9951
79 8243
29 6239
61 5793
66 2818
76 6598
76 7364
61 9218
31 3330
14 9911
66 5212
46 6476
37 2013
70 5112
80 2875
85 5024
88 9875
48 8984
65 4460
20 1662
94 8176
53 8441
84 1520
43 5481
84 9380
52 6116
20 6294
35 1513
92 2909
87 9150
63 4969
61 9116
18 6230
71 3997
91 7306
51 7518
80 8412
22 2230
21 5300
38 9574
83 3823
30 8687
14 1536
56 2009
33 5313
27 3844
14 3996
34 9609
68 9575
52 5961
52 2200
20 4649
85 2675
15 9328
63 5170
99 5076
83 8002
22 9582
49 4753
10 9785
91 6336
98 6158
23 4463
15 7317
48 3040
27 7051
97 9877
60 8470
84 2689
45 3748
28 9362
20 3893
11 7607
88 5591
13 4497
42 7505
27 8105
90 6878
56 9618
65 9831
58 4418
67 1390
13 8677
56 4861
57 4909
16 9509
84 4716
30 5584
90 2685
35 4969
76 8271
62 5043
37 8119
62 1296
23 3506
63 4102
39 5198
84 3743
37 5338
34 9745
78 6535
71 8334
25 7881
23 1102
40 9178
14 6761
25 9475
41 1180
10 4295
89 8090
49 5563
24 2876
92 2625
13 7177
23 4293
66 3086
70 4954
11 9670
62 7760
20 7956
58 4644
56 6863
51 4217
11 3601
79 7931
48 1122
63 7597
34 5536
15 2259
15 9469
84 7428
39 3370
10 4685
93 5312
61 5850
79 9467
36 6093
91 5675
85 4071
65 3214
26 4427
92 2447
17 8044
68 1046
79 6471
26 8186
95 7336
12 8713
57 3612
43 8263
75 2601
14 1131
62 1813
76 4333
33 2584
16 2222
33 5525
79 4099
78 2737
93 4399
26 4231
67 2070
51 1176
23 3231
29 8429
90 7881
38 2462
40 9596
97 4226
96 2283
22 1602
53 6687
94 7915
36 9742
44 9762
55 9416
59 7240
58 3109
48 7678
37 5885
61 6403
66 7666
62 3421
61 6112
33 6749
88 2572
38 6032
41 7147
22 3758
82 1233
52 8106
80 7359
88 3081
69 6196
82 7380
80 1783
77 9959
25 8554
82 2638
45 4492
75 2307
34 3514
33 4267
52 7189
75 5283
60 2662
91 3092
66 9841
47 4317
56 2466
97 6599
72 9050
28 3837
14 9850
25 2884
64 3731
95 9813
12 3437
19 2717
87 7660
33 4335
28 1471
38 7923
71 6946
44 9985
32 6968
27 3343
47 3948
45 2101
67 7187
97 4391
90 2508
16 4584
85 4185
53 3882
79 5673
12 7351
67 3600
54 4764
53 8700
88 8445
35 4337
68 5411
85 8001
56 8039
57 3258
97 1422
47 6143
25 8410
12 8337
25 1983
95 7346
24 9712
72 6748
39 9870
77 4646
94 1294
18 2650
78 4511
31 8807
42 6271
96 4718
62 8917
82 3269
47 5073
11 6675
43 8110
63 8900
42 4179
59 4092
93 4890
29 4574
28 2818
89 8019
63 6730
77 7722
22 1245
83 3515
60 5554
28 4529
56 5706
93 7973
38 4655
52 1528
16 9975
25 2078
66 5634
25 3020
94 2735
89 2099
19 8967
75 4775
55 8332
15 3514
17 8361
18 6259
10 7629
13 5681
65 3678
51 1154
44 8971
28 9255
38 9839
36 8193
14 7071
21 2755
68 3466
12 9716
66 8745
39 8183
67 6433
94 4656
72 3364
18 7381
34 1478
44 8985
72 9497
76 2350
32 3933
44 5707
41 6040
93 9367
88 4571
12 5640
92 4667
79 6457
50 6345
49 4918
62 4811
24 1574
97 5173
45 7930
80 1961
98 5271
98 9505
99 9544
24 8951
22 3159
53 6461
94 1237
65 3993
100 7371
59 4284
18 8080
87 8564
69 9997
14 4940
78 4946
45 9982
34 7724
81 9519
18 4931
95 6640
85 9168
28 6793
85 9832
91 9747
94 8001
97 3890
80 3523
64 3684
48 1898
93 1293
52 7212
94 2594
19 1917
29 1775
57 1583
19 9308
32 2125
71 6761
73 8011
20 1525
25 2408
63 4603
24 4689
92 5378
92 4152
76 1340
53 2778
56 4553
74 3476
69 4907
82 2394
43 2187
65 5407
47 6253
67 4845
55 9158
18 6539
61 7955
64 3627
65 1637
73 9054
58 8871
82 3227
43 8797
52 5166
83 8278
67 3138
89 5809
69 5928
54 9479
94 5639
86 3220
33 2405
49 3191
89 7960
73 7725
40 2758
66 6736
64 2240
56 5059
23 8578
10 3012
11 1309
89 5280
43 4207
47 3916
31 9274
89 6757
55 9088
78 5406
89 2191
20 3105
31 6565
30 4055
13 8378
92 9188
31 8394
31 9964
60 2522
80 5172
17 3742
19 9211
77 7933
26 7558
59 7054
77 3642
24 4207
43 6386
88 5429
33 5186
42 3556
90 2934
24 9613
93 7450
29 6961
36 8138
78 8690
14 3202
57 3334
71 9924
44 1777
76 9434
65 2365
95 6310
23 7898
22 3511
54 8327
59 9535
12 4363
100 5754
69 1847
33 6481
42 5154
36 3163
10 1626
50 1818
15 7371
60 6389
13 9952
17 7332
28 7524
33 2452
97 8111
58 5516
10 7820
55 7417
30 4435
49 2926
64 9901
25 2888
72 8309
29 1039
42 5741
25 6189
98 2774
74 6819
89 3591
15 6560
77 3732
26 8849
80 7066
69 7295
91 2093
27 1956
67 8406
61 1796
74 8693
97 7443
33 1892
43 5225
100 4283
89 3521
52 3248
41 5843
15 1630
19 2335
100 7638
67 1451
10 5043
47 9673
70 5700
38 7464
73 3891
42 6487
100 2483
19 7106
28 5530
42 4699
88 7893
68 8698
28 5522
60 4802
76 9500
46 1525
70 8608
81 3314
42 3031
24 3265
83 2143
44 6870
58 5315
79 8501
81 4984
65 9470
70 6061
90 6139
52 2531
97 6371
14 5983
78 6676
13 5281
81 9214
37 1372
81 3072
93 4014
85 8665
66 7830
18 8961
87 6319
57 6116
30 9760
51 9192
36 3823
53 3686
25 3433
32 8602
96 7460
96 7155
53 4072
21 6401
77 2782
64 8025
84 6210
17 6127
76 6819
69 3739
10 1401
30 5118
74 2381
66 6823
100 2629
26 3046
69 8299
41 6632
99 6245
80 1912
15 2439
100 6443
47 6755
68 9524
23 9672
82 2750
67 2429
10 7165
92 4655
13 8737
41 1244
33 1555
91 1093
40 6050
41 1036
77 2296
75 6642
66 4344
11 7367
82 2815
95 8212
65 7739
87 8962
34 7813
60 9896
41 3460
34 5689
35 2028
90 1836
32 9971
56 5866
47 7080
83 2863
48 3030
57 2312
32 3968
82 6132
18 4347
91 6563
85 3095
51 2958
97 3276
47 2797
53 1395
53 1520
19 6446
63 5433
80 8310
23 1724
64 2894
90 8889
85 8269
22 6166
17 5576
24 2493
66 3576
88 8836
73 9184
84 6797
47 1205
84 9041
58 3969
80 8215
27 9389
22 8045
26 4830
59 3751
80 7233
26 3141
84 6588
91 2838
46 5581
48 8356
65 7145
91 3329
39 7878
16 2869
66 4561
94 3524
20 9010
48 2785
55 4325
62 3936
72 3518
38 6214
54 9624
69 1451
96 6233
67 5741
77 1470
62 3351
58 9813
82 7518
39 5805
80 8033
47 7933
69 6168
53 2204
51 6076
26 4471
62 5525
44 3655
68 8761
49 7785
58 5260
46 5577
36 7559
19 7911
63 7446
53 4895
27 5201
98 6121
83 5326
88 8512
21 8671
94 1339
48 6088
12 8633
35 2272
45 2721
54 1136
44 6754
25 2181
84 7750
32 8688
77 7144
55 3398
27 9477
99 7296
90 6315
75 1650
34 4944
31 1088
74 7796
97 8853
48 8731
27 9396
40 3262
46 2092
96 1094
33 7078
80 4167
49 3543
50 9935
13 9120
68 1809
93 4211
23 4672
82 7609
33 1078
19 8809
20 3029
54 2276
30 9540
32 6919
59 6307
38 4326
65 7282
62 7452
53 5892
56 4218
28 9492
34 4726
91 5377
47 8356
72 9241
55 4157
77 7287
82 9472
20 8984
19 6057
38 3215
60 3032
36 2171
78 7018
83 5942
90 1943
51 2241
58 9870
68 5314
92 4163
99 7290
35 1556
15 1808
87 9562
26 3419
26 8641
30 5686
51 4472
15 2131
79 2274
53 8724
47 9392
13 1036
94 4204
39 4909
28 4806
46 6689
73 4793
88 2722
69 7597
49 5287
61 5854
74 1235
74 7110
73 2987
95 8892
64 2770
70 4260
94 6015
22 1382
50 8465
30 6681
29 5659
85 3284
51 7199
50 9476
53 4698
61 4588
96 7078
48 9662
46 6525
90 5996
17 9082
91 9955
37 2916
72 9207
32 8375
66 4057
42 3590
74 2180
69 7781
36 5289
39 1793
79 1923
49 6949
29 5343
77 2388
72 3083
20 3278
77 6178
32 4322
39 5270
85 2347
56 7002
99 7176
53 3774
75 3094
71 3992
84 4886
70 7437
33 1417
70 3491
95 2064
43 7413
17 1969
31 6102
16 3155
92 2853
66 9436
90 8213
28 2400
69 4291
92 4528
70 7093
52 3065
79 2625
81 9580
23 2567
36 2489
73 8445
93 2522
21 1906
12 5662
28 8368
46 8833
87 4428
17 4226
73 6133
69 8469
71 9180
67 6865
49 4952
38 3796
20 4911
45 7865
19 3119
57 5079
38 2961
99 6281
56 2070
24 9785
32 6264
76 3287
79 3695
83 7394
62 6366
46 6343
12 5543
51 2571
78 1297
19 9058
80 3452
20 5620
88 2336
64 8041
45 9698
22 3888
58 7094
95 1217
96 3996
43 3543
16 4079
85 5744
45 5859
71 9651
17 4503
74 6933
35 5174
19 7560
90 4634
27 9999
32 3327
23 9719
33 3891
86 6286
24 4358
20 7557
47 9577
89 9900
61 1758
24 4975
99 2258
34 9219
99 4927
100 7091
91 9816
70 1032
83 7233
16 2249
95 4317
54 9623
59 6560
10 7543
40 4647
57 1124
34 4708
33 3299
63 1575
52 5786
12 5041
72 4818
56 7688
45 5001
66 6096
87 2964
86 7550
12 7710
26 2807
35 7119
44 7166
73 7045
57 7414
37 2517
76 1947
47 9559
79 4966
51 6057
63 5905
48 8443
15 2225
37 5723
30 1658
54 6543
38 1715
76 7044
30 9361
28 2552
41 3322
74 5426
78 5800
73 9477
14 5242
39 6311
62 3477
68 4855
38 4860
99 3808
29 3408
15 2875
12 5542
90 6018
19 3959
89 2164
63 3157
62 5165
93 4588
52 2815
10 1399
54 5237
52 5914
30 1494
25 1070
92 2146
50 5977
100 4736
72 1596
17 8809
32 7131
15 6671
39 6896
22 7552
66 1450
23 2519
87 9678
30 6369
88 3067
21 4553
66 5077
93 1669
22 3422
63 4065
91 9622
29 7816
30 9689
39 6406
75 5155
58 9954
13 6764
39 1262
35 3810
62 2130
95 7133
95 7204
55 8617
89 7493
28 7617
14 6061
57 6010
83 4888
75 2976
36 7050
16 8761
66 9388
80 7383
95 8128
69 3084
28 2322
50 7016
50 2725
11 3323
76 5507
16 1960
33 6983
71 9838
27 8694
28 5388
90 3501
50 8451
38 8316
50 5986
31 7034
33 1343
88 2196
91 8372
20 4500
100 2552
53 2078
66 1588
39 2585
36 2030
81 6432
15 5992
88 1384
93 4032
38 1952
71 4881
42 7929
13 1715
95 4284
29 6013
79 3817
90 4386
61 8465
75 1735
65 6646
51 7606
42 8783
60 3623
41 6295
13 1198
22 7023
74 8049
90 1005
61 8987
68 6095
97 7964
24 7501
74 8234
65 2652
95 2021
27 7557
35 3990
56 4946
37 1921
57 3260
20 3542
33 8340
55 1588
42 4773
60 4854
72 7788
15 9463
51 5119
64 3082
26 8560
17 3065
95 7152
75 3802
52 9330
92 4869
58 9676
43 4314
84 8965
11 1701
85 2624
32 7719
27 6486
17 5223
55 5495
17 9449
48 3556
15 3657
36 8703
22 1480
82 8744
63 4995
42 9379
94 3414
28 7678
57 9622
54 1986
59 9825
38 5887
91 7545
36 4467
100 5671
27 1758
43 8897
56 1878
45 7543
17 3677
85 7139
25 9407
12 5264
41 6725
62 9445
50 5569
82 5051
66 8130
52 3603
57 7440
56 2606
65 7703
96 3885
12 7672
22 5877
53 7779
12 4898
30 8024
58 7523
53 2792
42 4104
88 1368
22 1603
39 6029
75 9030
84 8274
31 8528
69 8878
31 2611
76 8653
55 6564
50 9633
19 4585
92 5288
73 8185
25 9845
18 5800
64 8854
56 1005
42 3909
18 8977
36 6594
46 1683
13 1898
53 6221
60 3161
46 7622
69 7907
74 7748
30 2088
86 7425
39 9083
63 2289
46 2274
17 4883
70 4602
66 5556
30 6348
94 3124
51 1885
85 4018
40 9392
90 5761
68 4440
37 4531
72 6732
26 8990
76 4446
86 9975
75 7902
93 6318
35 7644
88 7931
58 4341
81 8183
25 1061
75 9004
95 3842
54 9378
70 7729
97 7322
82 3387
22 5381
53 4921
97 3675
60 4872
33 3109
52 2760
15 4298
82 7225
94 2579
28 6159
27 5875
14 1072
12 1274
21 1196
60 3173
60 8688
18 3591
78 3420
13 7683
74 8567
89 3466
49 9561
42 5057
43 1370
80 6562
89 8937
59 4347
18 3456
38 7682
51 5655
20 2938
74 6535
67 1294
20 3202
11 4794
80 2615
91 7350
91 5897
49 2361
55 7743
50 3300
19 5715
54 6916
63 6126
96 9841
51 9467
73 2229
13 7550
24 5164
70 1016
72 1028
70 8424
46 5487
35 6603
83 8836
53 4646
18 8329
22 2333
19 2829
96 3389
80 2742
94 5734
76 1791
12 3599
66 5283
70 7201
87 2111
43 6013
75 6540
94 4697
76 5474
11 9688
98 7702
28 1921
59 1810
12 7684
20 8058
56 1956
84 6713
35 2700
82 3090
50 5579
56 6400
48 6706
22 5673
39 2520
33 2924
74 3727
66 7662
23 1255
60 5135
15 2170
43 3206
15 8598
46 5143
78 5107
49 2757
36 3816
39 2596
27 7598
19 6655
69 8247
36 6361
51 5077
100 4396
23 8484
42 8915
81 5516
86 5259
78 8455
27 5895
62 1205
64 2483
37 3963
100 5593
34 5454
73 7236
41 6356
89 6668
12 6281
99 4707
15 7740
93 2125
10 5833
66 7847
99 6761
52 3624
69 6202
48 6019
64 6613
100 9732
73 2047
65 7942
78 1156
34 8711
37 2167
43 6970
60 1431
72 4261
62 3769
88 5442
27 2216
45 6164
81 7636
48 4610
23 7657
20 3910
21 8707
95 9618
15 9385
35 9606
74 7984
77 3258
83 1098
84 3827
83 3305
18 2857
37 2599
64 6630
41 7162
28 1256
63 8801
41 7243
70 5925
92 7927
59 2133
84 5541
50 2451
94 5354
98 5062
86 1241
93 5513
19 9916
64 8671
80 6037
23 6952
16 6159
98 1771
61 1585
17 1723
18 6879
45 8168
85 2013
14 7054
35 2866
80 8826
10 4255
94 1726
10 2462
76 8432
42 7588
81 3980
35 3180
15 3542
30 2894
97 1370
88 4335
25 8407
37 5892
41 7676
82 5763
87 5075
45 9643
85 1789
98 7512
59 6263
62 1329
25 7078
15 2312
42 8707
91 8090
60 1201
100 8384
73 4295
52 7351
81 6316
25 9622
40 4616
81 7685
44 1293
55 4617
62 2037
47 7866
94 9993
41 7720
71 4239
12 9676
85 9664
89 4159
97 2025
41 7107
32 6397
94 4018
14 8516
48 3272
57 3858
41 9187
26 4911
34 6914
16 4902
21 6997
95 9850
62 2190
86 2184
92 3831
17 7966
68 2309
71 3333
24 2881
18 7092
72 6983
48 6852
85 1131
28 1650
95 5017
89 2476
41 5425
84 2960
60 6385
40 3419
58 6388
80 4516
14 5528
68 2743
93 6042
26 5731
21 8438
50 1083
95 5425
50 8909
40 4913
87 5105
12 3234
100 1729
26 6507
68 9579
61 3703
47 3029
42 5801
14 1776
24 9091
35 6574
56 6328
78 7717
71 6042
16 5195
77 4909
83 3904
41 2125
22 2703
93 4997
12 8744
47 2718
20 9346
96 1689
49 4411
92 5856
28 2080
36 5803
89 7168
75 6561
21 6426
28 5050
72 1711
45 6681
92 5644
95 8984
18 8905
81 7282
76 7147
65 3405
74 3122
100 3738
89 4952
78 9440
78 1356
95 9884
25 8179
37 1798
17 9472
72 8776
46 6322
67 8140
31 5686
66 9069
60 4459
36 3472
53 1499
68 7583
91 6173
13 7584
59 2669
15 1520
21 3366
42 8606
18 9475
77 2091
95 5072
54 5504
36 7965
23 2510
88 7512
24 3205
69 2910
90 9868
51 8152
88 6619
70 2859
78 9137
19 9420
12 2615
20 9690
26 2085
56 5831
39 5568
53 2962
39 9929
74 6330
46 9567
47 2214
10 1184
30 1643
28 6233
66 8391
70 1093
14 4831
59 6023
85 8423
89 2493
48 1844
43 7712
82 1043
25 3398
41 6743
78 7790
91 1574
44 4996
66 6501
87 2922
81 9045
24 4722
82 5967
93 4781
17 2235
70 3387
24 9733
91 9551
15 8260
55 9970
24 9861
44 3772
17 8549
60 1349
24 4616
67 9379
83 1816
87 3412
94 1941
37 8179
95 4169
53 5401
77 5996
35 5615
42 2770
14 4986
14 9225
96 1067
45 8053
46 2151
52 2905
96 9020
72 3150
99 2645
91 5647
73 2037
36 5524
23 5183
22 4520
15 5535
94 9917
41 2365
74 3849
82 4815
37 8458
18 3231
91 6117
78 3312
14 3088
39 5015
43 4791
49 6973
84 4281
48 2026
87 8379
44 7393
15 5925
54 9744
81 2303
98 9007
96 8659
86 4072
69 5109
40 6482
71 1736
94 3949
68 2328
69 6569
24 1268
77 6634
95 2500
10 2226
26 8575
53 3301
95 5385
48 4187
68 1250
88 9475
100 1430
74 3343
73 7570
30 8200
73 7337
13 7389
79 9120
65 8025
73 1496
78 9526
93 8768
40 2107
95 1889
51 4581
30 2253
15 5541
22 9667
42 4674
44 9326
92 8001
97 8192
24 3456
44 1168
30 4460
45 2886
65 8371
63 3277
18 6234
71 9686
72 9449
97 5867
85 8207
59 8632
44 7397
49 3476
56 3483
95 4881
23 1719
42 2658
73 4876
42 7272
10 7618
81 3464
61 2505
87 2251
96 6761
13 3040
67 4089
29 1587
69 9064
25 3490
26 2459
69 3223
23 8852
61 9117
10 2127
70 3754
51 7474
47 3231
68 9478
88 6341
40 2872
60 7799
99 2694
15 8091
58 8572
10 1758
57 2441
74 2927
100 4290
11 1525
32 6465
23 7206
87 2190
27 9277
73 1886
72 3467
52 8335
94 4944
65 2662
57 8084
14 9888
32 8470
35 9093
46 1182
45 6746
91 3918
27 4585
93 3327
63 2953
91 4335
24 3627
98 2815
30 7705
24 2838
56 2381
54 6408
48 8932
25 3553
72 5950
100 9043
98 8962
28 2472
57 4842
99 7947
23 8661
69 3252
14 8340
44 6005
82 6842
97 7804
90 6646
82 4418
37 9809
17 6219
100 8976
24 3314
21 2642
51 8813
40 5274
34 1874
57 4804
78 6917
80 7028
26 3256
10 6488
19 5172
11 8606
12 9543
94 8987
54 2996
93 8892
96 8074
42 3573
18 8034
58 1223
10 8713
96 4863
77 4931
64 1900
20 2056
63 9067
70 5252
43 2246
14 3402
21 1233
99 4986
93 6248
66 5001
56 6252
33 1960
81 2592
79 1315
84 8311
92 4519
64 3615
22 3406
44 8692
40 5710
15 3266
23 6774
55 3919
90 4676
50 9190
77 2737
30 8122
31 9156
41 4929
96 8436
57 5387
46 4991
60 7037
55 1275
15 5282
44 8787
31 7543
28 8295
93 6970
92 1412
26 6003
72 1657
40 3636
100 9428
53 9852
91 1511
87 5049
70 5594
96 4354
95 1243
62 2537
46 8051
53 7087
67 5913
77 8288
97 3805
77 4540
30 8089
22 1985
26 4487
42 3291
63 2186
28 1891
68 3710
82 2463
48 9406
11 2230
41 6463
60 5108
63 5078
39 7121
27 5838
25 2836
72 8113
34 7194
86 8236
53 4988
21 1991
27 4599
76 8914
42 1589
74 5075
10 2716
42 2471
87 9268
26 9162
47 3127
26 3624
15 9064
18 6440
92 3483
10 3607
23 1102
75 2005
27 5543
31 7477
17 1571
44 8884
45 4911
19 6650
23 2135
59 2823
11 9612
93 1523
20 8011
15 4171
83 5085
13 8661
12 8643
96 3089
76 5802
25 9381
91 8567
88 5314
39 7663
60 4107
71 7053
74 2084
93 1808
71 9593
84 8791
71 2166
15 1395
51 1767
39 7214
51 1977
93 7767
53 4957
15 5770
38 3328
91 3890
66 4143
29 7126
56 7604
49 8605
15 6259
58 5602
38 1422
92 8870
80 2695
78 4618
10 4793
41 4974
34 4560
95 8791
18 5100
60 4470
28 2621
46 4602
33 4438
17 2970
58 6847
74 3046
41 6771
37 5964
29 5831
99 2442
86 9461
73 2789
40 2728
66 4471
61 4445
100 2664
77 2715
39 9497
74 3873
52 3750
26 1835
92 9304
61 1050
57 5623
15 8316
64 9409
21 4241
85 9668
49 1484
49 4544
66 5975
94 2717
22 9922
17 5968
70 6172
64 2460
39 3345
75 3716
48 2820
25 6149
95 4419
82 3813
92 1623
53 3666
84 2804
64 4813
64 6002
22 3239
52 1430
83 2852
28 3034
46 4171
64 5658
78 6774
71 1734
65 2238
77 7863
27 3861
35 3364
27 2114
89 7500
22 6000
30 5216
70 4425
12 8759
42 4935
61 5989
38 3458
25 1642
59 2292
40 5336
70 2748
74 5258
45 7313
76 5380
77 3103
51 2707
24 4270
54 7314
91 1655
81 2951
83 5565
73 2406
25 5668
45 8293
55 8021
16 7038
20 7096
76 1443
86 8602
73 6887
84 2697
59 9533
64 5160
96 9789
78 2937
66 2837
53 5312
62 3497
84 4522
59 2424
19 8859
68 2814
64 9408
85 5434
28 4393
90 5452
56 5718
46 8890
79 1889
28 3134
44 5481
49 8049
33 4823
47 3197
44 8760
88 6454
51 9383
48 8438
85 5884
13 6606
81 7631
84 6430
53 7274
14 8202
71 4263
67 7385
28 9315
23 5738
11 3402
81 5571
26 3889
85 2262
67 5840
42 4892
56 5590
85 6957
81 6603
21 2814
13 6159
37 9749
14 8173
68 2358
23 5356
65 9624
43 3199
79 8136
10 3827
88 5075
11 6333
86 3503
68 7798
68 3539
99 8919
31 8257
28 2449
99 7327
49 5986
73 6004
18 9829
13 6253
58 7182
79 9994
98 2309
62 9445
54 1234
44 4013
43 9799
59 3535
83 3274
53 1685
83 2052
42 1834
15 1761
65 6782
91 8115
21 8358
84 7078
64 9283
100 6096
95 2018
48 5457
22 2875
74 1105
41 6257
60 9224
45 4202
14 8262
54 4748
14 8431
54 8643
92 2954
51 1828
42 7180
82 8003
88 1770
46 3739
50 5847
69 3494
93 6072
76 7352
82 7920
65 8844
30 3350
82 1977
53 8291
70 8987
68 2821
29 2501
71 5933
22 3617
26 3857
82 8144
31 1059
87 6332
44 5615
69 2541
70 8300
91 7096
64 6632
51 1838
87 6134
47 4132
95 7259
42 7309
32 9154
37 6084
78 9362
71 8002
18 5909
25 8808
98 1434
51 4127
77 5715
54 4612
92 5813
63 3971
83 2966
36 5783
72 3943
25 6807
37 4859
17 6170
38 1493
89 5388
53 7370
56 3234
51 4524
48 8978
80 2278
93 7189
81 7950
24 5407
96 4383
29 6902
32 6167
70 7869
62 8225
100 5822
42 7376
15 3346
41 4664
36 5967
55 6075
42 2991
35 1979
14 8215
49 2471
17 7566
20 6965
42 9655
64 2123
21 5787
51 3013
50 7340
14 8556
71 9730
62 7111
74 6858
43 1260
37 1973
77 9040
55 6769
91 6033
91 5120
70 5385
43 3332
13 8433
70 9601
55 1458
83 1469
42 3436
34 4806
30 3853
99 3345
48 4691
43 7550
91 4374
99 5170
36 3559
65 1974
92 4049
83 6804
33 2382
37 9316
36 2694
63 8254
51 7669
40 8349
64 9071
39 2869
61 8837
10 8000
18 4997
31 3357
69 6137
61 8066
25 6366
72 1554
87 6330
90 6668
20 5786
75 9310
67 1558
85 2501
18 8884
85 4508
17 2895
99 3832
51 9106
15 7735
83 6158
83 1941
48 9349
93 6526
33 5513
72 3904
33 8554
23 6053
50 6409
56 7772
100 3448
41 3892
98 4628
59 2648
46 7529
29 3064
18 1593
52 1225
59 7677
84 4858
54 8907
40 3870
61 6027
40 4718
30 9488
49 1090
98 2007
27 5514
61 1907
35 6676
95 7994
80 1326
78 5342
68 3880
81 4462
91 8114
98 4010
14 5736
68 9025
15 4384
79 2834
42 9342
73 1623
95 2557
23 4384
33 5444
27 5343
48 6674
74 5264
46 8465
63 2855
80 7512
63 7235
46 1612
27 6388
95 1999
39 3700
63 3366
78 2135
79 5202
92 4756
69 4548
10 4815
73 7561
83 7275
51 3976
72 8419
75 9208
66 6234
100 5008
61 6537
28 2369
57 5128
44 6420
57 6391
26 1664
92 8472
20 5889
69 5883
93 4007
21 9848
26 4942
55 4971
17 4594
52 6999
42 3457
85 9144
52 1152
48 9620
91 5998
100 4440
22 2412
48 5152
53 1409
44 6420
73 3371
45 7381
79 9167
46 6126
63 2883
50 7635
21 5381
24 2612
78 6338
45 7525
30 4806
70 7861
30 2101
77 9780
30 7021
86 2341
93 2847
39 9388
95 9501
41 3302
37 2853
23 1033
59 3460
36 4435
10 5385
60 4235
33 1837
76 2710
71 3333
47 3890
26 8850
89 9928
91 7788
58 7621
62 2486
19 4618
100 1592
10 1316
45 4537
100 8943
30 9547
61 2458
71 9258
91 9476
50 6732
15 8102
10 9328
45 1823
74 3399
69 9599
80 4799
57 5158
24 4443
41 1495
11 3674
35 2320
73 8777
49 4848
50 4915
95 8873
54 1246
56 1847
23 7099
55 7962
49 5774
66 4881
74 5200
49 5787
11 8101
63 8739
13 8964
36 7628
20 8304
20 8092
67 6799
46 6109
31 1679
75 4411
35 6423
12 5633
40 4361
19 8208
83 3436
70 6739
55 9737
17 4281
92 2256
47 1230
27 8236
74 5919
66 2162
37 4901
12 7324
26 3823
81 1451
21 1842
14 1869
87 1169
86 7531
92 9304
47 5248
21 3605
30 7578
28 1995
25 2568
55 2960
33 8545
48 6989
32 9249
56 4697
62 9047
79 6847
70 4055
20 3453
93 4292
53 6122
40 2331
19 1102
60 3408
94 4081
52 4070
75 8181
96 6138
71 7421
32 7615
10 4004
66 7720
35 8543
26 3815
31 8230
19 7300
91 9191
55 5317
59 6873
38 5273
63 4495
55 7590
40 2488
59 4448
74 2977
26 5146
96 7776
20 9329
31 9555
28 8036
46 4950
38 8664
64 3505
27 7262
53 7254
13 8829
47 8634
23 5998
79 7573
24 1977
91 6900
54 5868
66 1762
99 6865
97 4872
51 1679
83 7128
38 4050
13 3496
47 9491
56 2641
60 1940
58 3102
12 4128
98 6003
70 7982
85 8282
81 3233
42 2609
56 1624
31 1887
95 7816
41 8644
30 5728
56 3619
81 4700
16 8242
72 3573
44 5185
35 8674
48 1646
84 3304
70 9943
74 6277
48 3035
59 2749
19 8128
77 1491
32 6558
42 9030
23 9151
69 9517
35 6647
11 1923
83 8333
27 2500
16 5184
21 8538
47 8962
11 8810
100 9806
79 3857
97 4191
33 3169
75 6741
51 9340
94 7549
69 8395
96 6720
54 3900
54 5885
35 3003
65 2832
64 3638
50 9926
78 8197
35 5633
95 6293
64 5778
47 3536
58 7610
85 8017
79 7354
90 8991
28 5245
72 8076
75 9059
77 5333
99 1741
33 5524
78 1643
76 8248
99 1118
94 9768
47 2106
10 1451
66 2745
15 1743
10 4625
82 2299
34 4606
55 1800
62 5321
52 7577
75 2721
82 7575
29 5610
38 5607
47 9877
18 1410
34 8534
24 2520
34 4519
49 5993
79 7529
13 1960
16 2970
69 5325
62 8919
86 6508
56 3992
34 9699
89 1978
66 5258
57 5814
82 9117
54 6541
90 4718
50 7054
53 8286
22 3943
94 7310
61 5755
28 3528
30 7781
94 6327
79 3501
17 7782
83 1173
97 1410
78 7417
22 7798
40 2062
64 6597
71 8961
95 9885
60 7053
35 3639
47 3621
26 3383
57 2484
76 1941
38 2306
25 4817
46 4994
49 5118
68 4040
66 7151
66 5706
19 3932
95 3013
47 2518
14 5577
49 5830
75 6760
95 7540
36 1825
89 1305
30 7987
30 1550
13 5247
49 6448
76 3490
24 2670
89 6922
37 7106
64 4425
57 4215
82 1735
42 7753
42 1499
44 5852
88 9579
11 7195
37 6499
76 3590
48 1791
87 5063
63 3839
85 2476
20 7989
10 7746
51 2794
98 9066
57 6350
40 9295
81 9205
19 2383
56 2399
54 9281
86 9201
57 5111
50 2231
23 7104
85 8715
56 9746
58 7932
67 6712
50 7684
17 4215
71 1121
90 1371
77 1023
35 4463
42 1150
51 2014
10 1026
15 9842
74 4942
92 6782
61 5083
82 7201
78 8013
76 2047
35 1222
12 1168
67 2388
82 7813
77 8138
41 8185
23 8250
45 7541
56 6413
61 5516
91 4566
89 5578
57 3857
85 8244
79 5101
36 4602
20 10000
44 5289
61 8030
61 7843
58 4860
42 6475
74 3943
27 2667
37 4236
66 2403
53 2226
35 2413
64 7426
53 1826
100 7522
44 1970
14 3702
55 3186
62 3993
60 4898
66 9139
57 5145
58 6687
31 5823
42 4042
40 9943
65 5181
29 9870
98 9975
89 7797
77 8601
37 5182
90 3037
42 6892
94 1191
76 4112
51 6831
89 3799
75 2867
76 7441
17 7095
51 4411
42 2677
44 3586
18 8916
12 7818
58 2885
34 6602
20 9361
91 8239
91 6873
79 8394
35 4180
48 5154
95 7920
87 1561
45 9754
15 1804
16 5987
35 7537
16 5984
32 7273
88 5709
57 9064
76 9289
34 8921
25 1152
45 9521
90 5892
99 8581
76 7788
89 5469
15 1382
77 3469
31 2792
43 9954
86 7388
82 1611
49 2558
63 4426
68 1437
43 1796
46 3973
39 5610
39 2945
81 8016
11 4398
88 4579
80 1317
44 3795
48 8493
25 6980
11 7785
45 3104
76 1336
63 9044
97 5802
93 1175
47 7412
23 3685
46 5285
58 9814
36 7302
53 7857
24 9941
45 9863
73 2035
42 3617
99 9670
49 2722
44 9350
84 6323
95 1900
18 8949
37 2408
72 1399
85 2466
37 6046
37 6662
25 6052
45 8465
44 3338
63 9193
67 8830
10 9482
54 7052
92 8259
22 4008
99 2185
41 5164
57 9692
46 5046
49 5652
98 7786
100 4874
81 5079
31 5455
83 6638
31 9389
100 4830
77 6575
32 8781
95 4708
97 4395
62 9925
71 7662
24 1680
49 3807
21 2775
60 2142
64 5435
60 1572
35 1290
83 4009
37 1754
40 5391
47 2555
51 5188
56 3505
22 1587
40 3208
27 7416
58 5765
22 9055
99 4166
37 4602
74 2117
90 8562
37 7211
27 1247
76 9185
30 6293
60 9943
96 9262
83 9811
46 7440
74 4325
38 5085
14 8499
96 1440
32 4816
50 7174
25 1084
72 5125
53 4228
84 2340
30 2734
87 5441
10 1849
54 6769
58 5750
74 6187
85 5181
63 4766
35 6028
70 4911
55 3274
46 3745
44 1266
61 9243
57 5272
61 4916
13 8659
36 7867
98 2789
73 8333
67 4868
27 8092
48 4518
36 3597
18 5335
91 3785
57 7064
73 1526
22 2331
48 9400
36 1250
98 1628
24 6237
60 2876
31 9420
83 9382
78 4925
66 4122
37 8584
16 2612
77 3338
47 8488
71 8348
29 8689
43 7796
83 8458
42 7500
49 2599
78 1244
80 1750
55 7778
68 3693
42 2056
49 3326
87 3438
83 8482
97 8606
97 1550
14 9816
72 6153
14 7989
89 7284
55 8535
68 1919
78 5961
37 5925
39 6941
91 9313
46 2892
86 2962
40 4443
91 9323
25 6347
41 1197
22 6064
28 6743
85 6099
23 5670
83 1218
46 6504
80 5909
50 9337
29 2216
97 6036
26 1459
51 4729
25 1677
25 7006
20 5491
93 8665
94 6166
15 2631
30 2007
85 8259
44 8808
10 4192
38 2101
48 2668
13 2220
39 2251
13 5812
91 7034
88 1181
80 6520
13 9809
33 6120
88 9737
71 3178
96 1664
44 1847
37 3732
15 4702
17 4531
78 6596
90 5795
47 4589
71 1889
39 3010
89 6829
23 3534
92 3134
43 7666
60 3122
77 2641
52 7309
42 7135
49 4728
64 6540
53 2352
57 5539
70 8128
57 8631
72 8622
15 9086
66 2865
61 4843
26 5760
89 7252
94 3168
51 7307
49 5502
55 8873
33 4889
58 3624
18 2652
84 9006
58 9851
25 6581
95 2903
89 4102
16 8624
59 4956
29 4514
55 3597
32 5404
16 7591
35 6815
63 9701
38 8193
98 2740
71 8000
36 9165
72 7787
29 8568
37 8974
50 8831
100 7204
80 3157
50 5128
35 9449
81 8696
48 9155
30 2635
95 5249
41 8409
71 8383
86 1505
23 9686
40 7275
57 1970
25 3825
70 6381
87 9052
77 2297
92 3616
72 2158
76 3321
93 3861
22 3218
37 5115
40 9538
69 2780
87 8803
69 1801
50 3868
25 5734
99 4197
67 6017
23 6941
91 4454
79 4680
56 1552
32 7758
20 5658
40 3615
89 9127
52 2532
16 4423
87 5263
50 2699
17 4843
60 1603
97 1872
36 1679
67 2106
20 3611
29 7152
94 3351
73 3159
75 7158
39 8174
56 5900
12 4890
17 9460
19 2105
79 8718
73 4060
62 1218
69 7460
16 4251
11 9959
39 8356
26 9768
28 7976
88 2418
84 6764
41 7867
92 6778
98 8424
52 3707
22 6954
11 6163
69 6264
10 6444
74 7642
67 1588
75 8325
48 8532
98 2466
17 7818
28 5785
62 3439
50 7561
47 7228
75 6550
52 9778
54 3651
64 5086
44 4329
73 2559
37 6977
34 8251
39 1940
89 4658
74 6042
53 2663
36 4773
16 3890
84 9684
19 2457
43 6562
32 4912
10 8841
42 7142
66 3757
73 3741
34 4862
85 3843
18 6117
16 1402
85 3439
46 9958
57 7546
62 7870
11 6123
33 6344
66 7165
61 4881
97 8970
71 7076
48 6837
77 3204
20 6063
94 4260
96 4697
35 3391
58 4216
78 1422
56 1017
38 2206
38 4384
90 3883
63 6215
51 2406
30 7650
83 7836
83 7973
69 5829
76 8155
42 1356
79 1214
95 7153
81 9342
27 5490
33 1155
92 3093
77 9160
36 5630
35 1283
52 6083
35 3382
88 2649
32 4538
23 1853
24 5324
19 7071
10 6287
21 5280
97 6779
72 9289
63 3324
35 2748
79 9784
38 9520
44 4357
34 1404
76 3929
16 8799
74 4325
77 6515
26 4714
41 1241
43 5408
33 8210
77 8143
28 2208
40 2356
66 1821
96 3890
52 1807
45 2115
24 3666
21 5651
89 2252
27 2279
34 9752
79 9531
27 2908
77 9533
79 5194
83 9544
50 2702
84 1129
56 8712
30 8348
31 7804
58 9593
82 2480
50 5091
99 7354
26 8890
95 7913
93 6092
47 3083
12 4433
89 1856
63 1862
22 2822
24 6151
15 8756
50 6737
87 6805
69 3145
98 5054
44 1516
15 8702
75 2311
36 5922
35 9573
45 5916
61 4502
23 6367
45 8115
66 7335
65 5920
16 8237
77 9831
98 8831
64 8684
65 3590
14 9468
30 9888
38 5490
21 8981
42 6021
54 3838
47 4954
59 1901
50 7312
36 5560
18 8744
86 9308
73 6312
65 5023
90 7926
38 7812
96 4722
47 8060
10 8995
49 3772
69 1974
16 4096
26 9652
53 3545
51 6450
57 2549
95 2659
42 6640
88 9325
81 9084
78 1221
66 2333
37 4738
55 2209
65 7906
63 2237
30 2049
59 4831
57 2645
65 1655
84 8280
46 2164
66 3562
82 1654
10 3725
94 1078
60 7043
58 5654
46 7553
89 7827
92 8228
60 1436
29 6883
45 9057
82 1913
38 3722
12 8788
97 1672
19 5738
33 1897
30 6665
13 3560
17 5531
19 7014
63 3264
77 4097
14 1930
32 7145
95 4318
24 7708
22 8684
87 3355
87 3374
60 3123
15 9367
98 2126
62 6225
25 5238
17 1127
87 8635
68 1581
67 3138
19 3704
12 7716
41 2234
22 1385
94 3880
54 6203
55 6948
73 7245
66 1846
95 6970
62 7039
54 4082
57 2841
40 4107
56 9565
10 2746
77 9469
35 7620
62 4577
46 3161
36 7392
49 5807
69 6818
83 3197
24 9078
42 5951
85 5531
25 1124
93 7130
89 7318
97 9171
33 6819
39 2599
83 5965
30 6616
64 2400
25 5208
64 3727
10 6543
41 4552
77 3361
89 6616
53 1472
13 4141
30 7876
46 5014
56 7631
32 3018
32 2684
61 8857
17 7842
68 9854
69 9614
10 1050
94 2123
94 4005
24 2308
31 2900
53 4776
24 9877
60 8252
60 4896
29 1139
16 1801
42 3464
89 7420
88 2418
48 6225
24 5863
54 2818
85 2638
66 3109
15 1235
23 8077
74 5002
11 2345
59 1381
62 9421
61 4672
81 3710
23 9653
12 1668
42 8525
91 2935
75 3262
52 5017
15 4984
59 4955
81 9832
93 1840
51 8649
70 2168
49 5538
96 7071
29 3806
94 9712
91 9232
61 1351
83 9919
35 8744
30 7549
91 9106
51 9679
37 4353
66 6014
14 2736
15 5804
82 9942
90 9653
58 5845
48 1898
67 6287
13 6381
60 2586
48 8306
64 6255
67 8337
44 2366
31 5864
54 2995
47 8164
84 5606
46 1149
75 8859
22 5061
25 2153
79 1761
15 8826
57 1067
94 7473
97 1022
34 2483
91 2810
27 9714
75 2716
28 2273
74 4562
94 4082
31 7745
55 8244
26 2884
90 9483
29 9971
22 1382
86 1607
98 2788
23 7379
95 9571
72 6887
66 4640
73 9703
71 3998
73 5471
78 4363
95 4447
43 4980
41 1686
35 8538
84 3039
76 2879
25 6568
87 5323
37 7444
75 6110
53 9812
31 9159
58 6974
19 5404
88 7091
39 5645
90 4444
94 8210
63 2321
72 6977
30 5265
41 7898
73 7957
43 4407
29 7621
52 8682
15 4653
76 7770
78 9075
18 6328
93 1896
44 9345
55 3323
93 1186
93 1275
72 7074
65 2236
18 5352
28 5176
93 6834
48 2392
79 3931
99 5153
18 2316
82 3508
48 1654
27 5671
44 3999
84 1205
64 4936
43 2569
65 7835
72 3367
82 7790
81 2018
50 3228
79 2065
27 8199
15 3270
99 7676
58 1439
50 8392
44 2834
56 9637
77 3326
47 7945
73 5860
70 5368
66 6797
86 5087
58 9761
35 6228
28 3628
96 1798
36 2688
75 6177
54 8450
94 7204
37 9353
31 5395
95 4895
15 3468
76 9356
69 9341
23 6353
87 3398
15 3069
97 8176
91 4625
81 3861
78 5063
44 9383
29 5902
37 5269
60 5724
96 3101
97 2606
12 8492
73 4628
15 2215
75 9051
35 1762
87 1604
94 5710
67 7180
98 9643
21 8029
90 7209
35 1138
72 1224
45 4485
97 5158
19 7937
68 4005
40 7717
23 4378
15 2894
82 3612
64 3316
49 4720
73 2272
54 1127
64 5488
60 3982
32 2284
67 4400
16 9181
18 1220
96 1570
71 4010
74 9901
27 8251
68 9962
28 3540
75 2996
61 7536
63 6296
40 6562
47 3306
97 3612
58 2196
44 8131
36 6152
57 1491
77 5943
97 3918
67 1694
14 3355
68 8745
39 1813
45 4533
73 4943
20 3035
19 9812
83 3582
60 1337
22 1320
99 7932
14 8322
97 7828
47 5761
59 7612
52 5395
98 3419
75 6796
58 2791
45 4544
19 6911
45 4499
17 2886
20 3760
97 2127
54 7919
11 9864
34 5200
20 1698
16 4460
13 7523
73 4269
54 5769
11 4784
27 3508
97 4705
48 3942
23 7269
68 5910
41 1305
20 6579
73 4238
21 3344
77 5175
49 2717
64 1921
88 5075
47 9355
50 4387
26 6951
28 6503
41 3016
15 6441
92 4104
15 9473
91 2554
34 9595
29 3184
21 6780
14 1360
33 2123
14 8417
49 9581
70 1420
11 5542
48 3360
51 9782
22 3676
17 9115
85 1438
46 6240
62 7893
66 5671
76 8486
40 3326
31 9596
61 2578
45 3979
99 1382
33 1191
20 2516
97 3495
12 4739
19 6532
62 3862
62 2848
70 2855
93 4028
72 5244
86 9482
96 5766
83 6278
28 1174
61 6217
60 7315
10 8545
82 7572
16 4433
92 5060
90 9922
95 8293
81 5150
72 4329
20 9667
29 5680
91 1104
55 9195
29 3710
56 8506
81 2012
54 4381
29 9391
12 9117
75 4980
93 6264
50 8176
69 8362
65 6867
14 2894
61 9638
11 7415
98 2364
96 9769
74 8319
27 6303
12 3417
21 1835
10 1544
79 6447
30 2245
20 8080
71 1380
65 8771
64 5691
78 8848
77 1328
35 4515
64 9419
86 9141
23 2502
52 5093
14 1734
71 1963
60 3313
64 7550
72 1899
77 1136
46 2581
38 5225
75 2559
94 1647
23 7533
51 9345
98 8629
41 5468
45 3049
27 8116
40 3937
47 6328
93 7798
72 6614
69 3006
78 9598
12 6143
42 4800
100 8791
38 9809
23 9172
23 6250
39 1500
77 2413
12 8126
65 2621
31 7891
46 8664
10 3849
16 5327
75 6669
24 8660
60 2576
60 1110
11 2830
65 6963
76 9052
52 8007
19 2562
14 8424
59 8559
53 8002
86 4821
12 3847
17 9281
91 5603
99 8729
42 5435
42 5747
16 9612
58 3693
57 4544
49 9693
63 7849
87 4860
46 6088
54 6610
16 2240
100 7252
68 7750
52 6455
35 1405
93 2535
20 8939
65 3359
23 3054
56 2301
53 1072
53 1639
31 6340
98 2948
54 5420
58 5567
14 9437
38 4694
26 8959
60 5120
70 8808
87 2837
85 2587
91 9544
55 3716
43 4643
24 2530
67 7640
18 5870
57 9895
90 3982
40 5812
28 9898
18 1358
22 6617
62 3748
52 1778
57 1942
45 5780
76 7217
64 3670
99 1185
66 3885
100 9220
34 3419
54 9440
24 1143
58 3441
28 3615
88 6966
56 6089
80 3542
28 8676
20 2266
95 2566
34 7357
79 5003
69 1930
44 2693
84 5234
47 6733
87 4547
49 6380
63 1239
38 7294
96 5376
13 4958
76 8777
35 8873
54 3499
11 3920
57 4910
29 2188
88 3502
77 8498
18 6087
23 1438
28 4291
13 3559
74 5036
97 8632
90 3627
10 8468
45 7684
42 5349
100 7782
45 1946
64 9935
26 1586
27 6606
21 1890
55 4392
95 5816
100 8023
67 5594
82 9774
50 9297
22 3098
81 4809
64 6096
45 1637
10 6407
76 5504
34 6593
70 6089
57 9203
23 8501
23 6094
48 9159
49 3158
59 1706
93 2338
14 8876
49 4032
63 8384
77 9495
17 3252
68 8523
59 6143
59 6768
38 4097
82 4974
72 3599
50 9358
29 7330
65 2611
70 7352
34 6472
40 4131
52 5287
29 1558
100 8149
59 3082
41 9108
17 8582
85 9502
28 7544
57 5325
85 4387
62 3783
28 9165
30 3666
18 1179
68 8990
31 7956
39 5112
97 2173
14 4554
93 9761
84 9512
73 6887
83 2072
48 3674
80 1391
91 1999
94 6190
62 3225
24 7151
80 9476
48 4737
51 7531
71 9420
25 7429
19 7024
10 2074
82 5799
36 4321
10 3547
56 3017
85 1312
74 3613
31 6453
18 9972
12 6145
51 2624
54 7831
64 5917
29 1938
41 2404
79 2545
17 5506
91 7338
66 2119
41 2713
57 3605
89 3852
22 5496
43 4164
70 4664
82 4567
80 8077
47 8529
28 9422
53 7848
53 5101
43 2392
84 2897
55 1184
62 3392
52 1004
39 7042
85 7769
69 9621
25 4942
46 3648
88 1861
78 9714
29 4345
51 5720
45 5687
32 7298
67 4931
56 8659
99 8305
97 6692
75 3989
91 1851
93 9231
33 4306
16 8919
46 2418
75 9053
11 8036
28 9348
88 4617
34 7750
46 6229
82 4718
22 2134
31 3895
34 2378
24 3227
55 5027
56 1617
65 6012
57 5455
27 7040
95 9446
44 2984
26 2815
17 4305
91 4179
28 4898
26 6296
28 2987
20 6121
100 6502
28 8722
83 5431
96 1394
22 9781
14 6774
62 5084
56 5215
87 3308
85 8156
33 7280
45 4988
99 7195
16 3728
10 1587
58 5896
40 8318
92 5871
26 6274
37 5910
48 9264
25 3647
16 2165
75 8808
95 9017
87 5577
10 1849
100 6023
28 7509
40 8618
57 4941
95 3981
40 8470
83 1343
54 5337
94 3303
28 8950
75 9425
65 3424
90 2333
93 3936
90 7636
93 9008
94 3752
76 9180
75 2658
76 8470
90 2541
93 2319
59 4585
27 4865
44 7938
82 7838
60 6296
96 2230
28 2598
78 9521
58 6408
80 7492
26 8544
41 1495
57 7068
72 6475
79 5245
44 7899
91 9070
19 4281
27 7300
29 7174
79 6991
14 5451
40 4771
47 8180
53 9626
31 2047
56 4961
32 4692
99 3444
72 2986
53 5718
56 6494
10 5261
91 8858
39 5895
90 7032
60 9832
53 7160
18 6846
82 2422
92 1462
87 7374
85 9999
36 5701
48 5753
51 1686
10 9075
44 8804
62 4479
31 6905
70 3051
74 9763
52 9005
25 7409
61 1115
15 8738
12 2394
53 1903
91 1478
61 8346
85 6324
14 4600
84 4001
98 3899
64 1437
11 8550
38 8830
48 7065
42 7671
73 4427
34 9065
61 4518
13 6342
40 6327
47 8440
48 7087
24 4470
64 1749
74 8561
25 6126
33 3788
69 8174
57 6771
42 8630
52 3388
54 3359
28 1972
60 2690
38 5921
79 3589
52 9154
97 7172
63 8297
65 9794
73 9950
93 4807
20 1732
45 4256
44 5581
33 2959
46 8932
24 4810
91 8524
83 9597
38 1610
49 2014
86 3982
62 2089
28 8165
25 2162
65 5128
15 9945
98 3541
70 3775
98 8873
95 7936
78 1322
98 3951
27 9481
62 3048
40 3208
49 1002
65 5869
45 7387
87 8620
36 8013
67 6245
85 7168
45 8865
45 4535
49 2126
26 8429
10 8587
30 1967
41 2603
94 4970
98 4927
11 6871
83 1425
26 5759
30 6947
91 4335
55 6060
43 6694
74 5414
93 3691
36 8061
51 4152
37 1086
77 9010
60 9999
17 7389
53 4019
38 3186
15 5974
26 5069
29 6755
97 3978
69 9682
32 1115
94 3641
35 8076
36 4013
39 1881
24 9673
74 9507
61 3219
58 5315
60 8649
19 1495
67 8615
81 4884
14 5883
78 9385
31 9400
37 6612
73 5514
53 6191
52 2632
11 3666
96 6824
86 7200
30 6706
97 5972
78 4996
85 2314
78 8113
87 5026
37 1932
61 6621
83 4978
99 4013
24 2075
40 4518
62 9878
99 6119
22 2583
48 7790
68 6066
37 8978
22 9599
40 4143
74 3898
49 1056
56 3816
18 5191
65 5197
36 6824
97 2701
88 1851
22 7634
71 4366
75 8116
97 4403
86 1076
45 3366
80 5475
94 3685
20 3515
71 7068
81 2921
11 3723
100 8489
58 6345
32 7494
23 5145
96 4775
34 5117
39 3383
38 1468
40 1941
69 6533
79 3193
95 9331
70 3105
84 1677
62 3333
96 3008
68 9271
77 8857
59 6923
59 4241
84 8820
17 2461
18 2440
10 2413
25 9998
85 5027
16 6844
29 1964
54 9803
56 4798
47 8081
33 6256
16 3278
80 6409
69 3112
36 6896
67 9262
56 9506
36 7431
84 7360
36 3693
98 6437
32 8732
96 1080
26 2309
91 3934
25 1734
64 3665
15 6332
79 5107
19 1241
95 4838
66 6339
74 6784
100 3950
97 6524
52 1315
80 9503
26 8740
67 6297
80 1839
10 1506
53 8111
80 3594
45 1556
36 7807
90 1789
77 4253
98 2327
50 9859
86 4430
23 2233
100 8549
97 6519
48 3326
81 6362
49 9917
48 4855
47 1603
15 2149
98 9441
38 8346
51 5643
69 3369
81 7720
59 9925
24 2271
92 4591
70 5609
53 5208
89 2302
19 8542
92 9154
24 5889
52 5291
32 3115
23 8659
92 1072
17 8267
42 9536
50 9899
56 3993
66 1708
57 8302
24 5866
91 6689
53 9739
97 8285
23 6228
23 3199
61 8907
95 5953
56 4095
22 7746
21 3814
23 3613
34 9617
87 6722
12 3354
35 7409
77 1845
33 3039
43 3918
44 6667
13 3997
76 5828
35 6116
96 6181
67 2729
16 1399
70 5909
14 2398
73 2725
67 1278
80 7151
21 8630
29 1845
22 4629
64 6532
20 4685
53 3903
32 5233
90 7811
35 2787
52 1995
20 5456
18 8380
12 8668
13 8798
45 4378
29 3356
30 8057
64 8015
47 9233
14 6474
42 8380
80 8162
45 6408
95 9008
30 7956
59 4583
69 2126
96 9210
21 5322
96 5932
84 6761
16 6055
14 2083
92 7285
79 4176
29 1653
13 6527
51 3830
61 2506
63 8077
94 3909
51 9827
92 5759
58 5082
81 3362
13 7512
43 4337
10 3628
71 5415
22 1199
29 1745
86 9728
28 8017
55 2961
27 7409
78 2231
96 6011
67 6713
30 5183
10 1595
74 9695
33 7687
19 5097
15 4885
95 2058
97 7038
87 8606
74 5927
54 4052
37 9979
21 4260
98 9798
91 1588
61 8211
93 8811
74 9156
21 6030
85 3244
13 9888
100 7073
91 2626
79 5179
66 8490
21 4249
15 5056
67 2444
70 7870
88 8455
13 6349
97 2444
47 8187
33 2779
24 7373
75 2962
72 4944
66 3262
54 1874
58 9180
11 3584
65 9354
18 4788
50 8062
44 7307
39 5730
20 2646
63 6609
73 2981
82 2987
75 7814
43 3854
66 2454
29 3673
72 4989
23 2918
73 4881
57 2643
57 9377
19 3644
89 3829
82 3111
75 3512
68 6089
70 5240
77 9271
95 3905
33 3947
74 8825
72 4938
36 8072
61 6892
59 6195
78 5936
54 6251
16 2604
85 9542
61 4569
75 9650
100 4914
19 8549
46 4264
69 4020
12 7091
48 8189
43 6956
16 8149
26 9371
95 4461
12 3027
81 3184
68 2077
70 2859
27 8327
21 3529
21 2994
80 7209
41 8064
66 7778
65 1546
68 4379
64 7797
36 7307
52 4731
62 5467
20 7706
36 8040
53 6891
96 8673
58 1581
17 1713
84 5774
64 4456
50 5411
64 5541
29 6562
68 9736
55 1312
41 3111
62 7176
25 9495
33 2086
47 7567
89 6103
89 1556
61 1339
73 2497
85 3856
19 6248
66 1106
94 8053
27 9222
95 8874
74 5764
14 6777
97 5239
70 2488
94 8651
92 9533
48 9663
46 7535
77 1414
99 9979
34 6728
74 3000
43 2721
74 4950
81 3557
85 9503
52 4790
87 9640
43 4739
12 5965
71 9146
14 4945
18 4423
59 4943
93 4390
91 2736
34 3924
68 5654
61 8626
77 9468
75 6094
27 1136
88 9039
24 4749
80 5798
36 5750
18 7081
19 2970
60 8058
60 9161
65 8972
12 7524
82 7304
65 2798
33 9613
23 7000
63 3024
73 8676
42 1853
61 5232
14 6836
11 8623
98 6552
19 1391
99 6672
56 4462
69 9689
74 2345
42 5480
18 3709
97 4718
91 4415
56 8491
84 7926
39 1425
82 8946
66 5983
90 4778
54 6662
65 6175
40 2662
42 4884
82 8152
83 9134
69 7415
87 6715
51 1294
96 9029
58 5221
100 7403
98 3158
17 1030
17 9924
20 8581
79 2832
54 7429
44 1475
72 2792
97 9671
30 6328
32 9280
28 4405
31 2708
13 6771
12 3481
28 8469
76 8184
43 6262
14 1095
33 1547
72 4145
98 2249
15 6420
50 9566
10 2253
65 3192
40 9283
36 1999
17 6175
14 2337
50 6560
39 8575
18 9640
90 8461
39 9292
44 5252
57 7545
74 9229
22 7257
83 6805
65 8627
81 4504
97 2407
17 8329
84 4739
90 3795
28 8414
20 7620
11 4150
65 6778
60 5975
93 7801
19 5339
47 4182
35 1544
94 1335
65 9695
80 8040
27 1918
70 4222
44 1865
36 6903
35 1965
66 6935
36 6405
86 4452
48 9345
97 2361
68 4199
40 4363
28 5850
20 1145
38 7239
35 1629
24 5702
72 5775
71 8587
35 6354
62 9528
93 1087
53 1556
50 2377
30 4617
77 5486
33 5923
28 9021
100 6237
55 7213
32 1281
42 1936
45 3477
26 8731
78 4488
83 2449
81 6073
65 5888
69 9513
67 3141
60 6760
46 5105
58 5877
13 1430
59 4402
42 9356
40 3730
28 7405
99 3371
29 4324
92 4680
50 9150
20 7378
71 1213
18 2257
82 5824
80 9292
48 2482
56 1759
37 4489
11 6906
16 5178
67 8579
35 6301
14 5001
11 4241
11 5939
49 2624
37 7279
26 7473
88 4898
89 8271
52 1423
54 1690
91 1336
64 7959
38 8527
49 4885
85 1520
64 1081
53 5258
92 3961
24 7837
60 8388
73 1297
100 9788
19 7620
53 6324
77 3072
96 8682
98 9087
73 9858
89 5445
41 8841
42 2826
48 8543
50 4968
71 7430
100 8108
56 8891
22 6830
54 6001
26 1063
58 5094
10 8689
29 7832
17 1310
46 6045
48 7068
59 8026
67 6081
78 2805
65 8130
90 7707
41 6450
91 4587
31 1212
22 2694
64 8697
16 2899
95 4622
98 4983
80 9561
47 2204
70 3315
95 4014
66 5701
82 1597
88 4443
19 7069
34 6837
56 4660
99 7350
91 3701
65 7861
19 4162
16 7201
60 9854
39 6362
59 4192
53 2860
33 6300
63 8692
13 8328
63 7356
90 4268
49 3604
79 6811
37 6942
29 8380
58 5269
74 5482
14 5426
39 6188
65 9342
36 7318
51 1229
37 3962
25 1498
92 1741
93 1769
69 8886
23 6564
35 7439
41 7568
28 2211
16 5864
56 7681
99 2267
68 4353
48 8164
26 6498
44 2491
57 1187
68 6246
59 7835
60 9793
50 8661
97 7282
54 1349
79 5027
40 8944
68 3150
54 1878
27 1783
46 3842
25 3414
60 8807
32 8648
69 9738
33 4875
15 6508
59 9022
84 2793
42 9581
98 1841
27 4390
100 8852
77 6259
79 8336
35 9023
32 3128
92 3972
59 5844
44 1652
24 2804
80 5883
27 1811
28 3656
41 4341
99 7765
69 5415
39 4486
11 9341
73 9807
74 1818
43 8254
70 3649
84 4563
51 8169
53 4116
77 8676
68 8568
95 1506
63 4175
65 4690
96 5782
42 9449
58 7770
85 2574
98 5854
74 3664
78 1625
98 2204
69 2106
57 6337
33 2171
86 9906
100 3321
73 6837
14 7963
94 4219
59 6560
39 9952
12 3717
16 2584
23 7689
47 7719
51 4917
81 4395
92 6814
88 1097
95 6225
96 2703
56 6283
56 8828
22 5191
45 5679
66 1974
65 8930
65 7515
45 8529
57 9246
42 3193
31 8520
80 6934
23 9483
24 4925
33 7166
88 2669
67 1142
34 1160
42 8597
30 9570
59 8087
15 3078
97 6872
77 8236
11 3130
20 5283
50 6604
37 3764
40 8879
76 8350
55 8081
13 3075
23 6804
100 3709
97 7564
25 3331
64 5951
42 2842
60 6036
75 4763
95 2456
81 8547
61 8346
36 1964
60 9000
43 5157
49 2354
48 9644
40 7675
74 3516
70 3769
100 1862
22 6550
77 4861
54 7971
35 7826
18 3377
53 1156
83 1908
52 8065
53 2804
41 4042
10 9890
98 2419
90 3321
49 3449
40 4792
74 9089
33 8035
83 5957
33 5926
94 6758
21 8861
77 8415
49 3963
22 6097
30 1064
54 7656
61 3750
39 5653
44 8950
78 4323
57 6790
89 8518
25 1467
100 4059
13 3720
44 7481
70 5665
40 8205
34 6485
93 5842
21 6528
22 7821
46 5861
51 1799
36 5079
77 8611
51 3851
59 5037
15 8952
18 6510
94 7789
17 3681
36 5255
51 4195
71 3657
72 7481
25 9915
21 6385
22 9734
52 3412
22 9357
90 2640
16 9312
56 9576
24 1309
81 7209
21 6063
88 1633
38 5425
66 5897
10 3155
38 9267
59 8496
81 5101
85 1771
81 7141
83 9285
43 2701
65 7657
82 6486
33 6489
17 2112
94 8389
32 1121
38 8563
39 7821
100 9755
15 9326
27 2140
97 3645
59 9416
37 5198
21 2550
23 2783
81 4174
16 5770
97 8562
43 3146
28 1599
82 9884
75 6932
63 9153
90 3439
37 5671
11 1961
27 8761
10 7117
10 1237
25 3220
26 6151
41 2622
26 3876
87 6977
15 6446
87 9190
61 7198
68 1184
84 8824
65 6495
72 5852
14 3716
20 3448
86 2239
10 9579
59 1662
90 3549
26 4542
58 3405
49 7159
100 4811
55 5983
95 2576
95 1001
55 4637
41 3975
16 4204
96 2248
62 1183
32 8277
63 5220
84 2538
100 9568
20 5563
22 8002
91 1827
54 8724
75 3277
32 5813
12 1597
97 4264
89 3870
76 3652
64 7340
35 6094
33 9869
25 8823
39 2724
23 8109
27 2617
75 2869
68 5302
99 8089
69 9708
26 4301
18 2165
15 2414
90 3509
34 6952
82 8889
57 1315
41 4120
57 3987
69 4425
83 1864
64 8435
14 3373
35 7219
21 6781
20 4869
24 1689
94 8556
51 7109
20 4774
41 3301
65 3038
56 3799
93 6707
20 5674
56 3818
43 7241
92 6120
45 9932
32 8884
72 1928
99 1577
57 2725
33 4754
26 1769
49 4330
89 3225
93 8383
69 5686
33 6933
97 3768
32 6404
65 9283
60 8412
19 1930
11 3357
50 1731
62 2394
25 8774
27 4991
85 9344
21 7908
54 7611
83 3413
66 9765
82 9965
97 6699
96 8322
36 4163
56 3345
18 9307
86 5069
91 2644
34 7254
70 7802
76 1474
12 1212
95 6336
32 4596
50 9819
39 9331
41 2585
71 1713
40 4073
74 6656
93 2925
49 2822
86 3562
22 1415
19 1390
42 2401
42 2154
71 9209
52 2405
72 8691
23 4623
70 2725
74 3872
18 3299
56 6591
12 8533
82 3690
33 4541
23 6671
81 1068
75 9439
91 3589
18 9353
89 8791
48 5580
10 9775
38 6814
54 7471
42 2696
83 8256
92 4255
20 2467
66 3733
68 5027
41 3727
55 2091
70 6323
33 2514
23 4930
89 1288
57 4762
57 4727
99 5697
22 5633
72 4843
28 2801
37 5940
36 9322
97 4385
52 4490
76 1657
39 1426
53 7984
29 9703
38 1718
46 6994
61 1118
65 8959
15 8485
65 1331
11 6658
94 2544
56 8876
62 7754
98 2695
64 1860
14 9309
95 7751
63 3447
28 2898
28 7858
76 5964
98 7708
79 8926
41 1559
18 3058
18 9809
13 7907
79 4947
18 2770
90 1500
89 3764
77 7371
85 7883
44 8173
46 1594
93 3640
75 4805
20 4746
59 9609
29 9912
51 1998
59 2392
83 1390
64 6171
53 1201
13 2603
68 3885
25 6207
42 6703
60 5081
17 1010
77 9456
60 8499
18 9237
45 5134
69 5247
65 5688
93 4624
71 6280
63 1013
14 1305
91 9952
19 1259
19 8497
78 2097
74 3963
68 2757
62 7520
48 1067
20 6469
12 8191
51 5834
22 5141
29 5351
23 6284
47 9258
100 9472
64 9808
28 1228
95 3270
99 7045
62 3220
93 6028
30 1888
71 8129
19 1729
56 4543
83 9338
47 3015
36 3893
55 6774
60 7841
15 5096
67 6809
66 9777
67 4214
33 7139
11 1834
20 4216
92 8122
13 9757
84 8762
40 4708
48 5986
47 5311
66 5877
15 5428
44 4597
15 8443
56 7212
85 7315
45 8675
50 4654
45 3866
77 1229
32 9471
94 3260
63 8965
53 1424
32 2843
74 8674
65 2949
59 9775
81 8492
94 3577
44 5987
55 4626
27 2739
38 7492
61 2852
20 2693
24 2611
37 5501
29 8986
99 6329
54 1904
11 6294
14 4853
26 7272
35 8066
78 6486
31 8224
95 3682
14 3846
65 9509
10 1860
76 5132
50 8398
52 2508
18 7901
52 4007
59 3642
68 9711
17 3970
31 5201
17 4831
44 2221
79 7154
54 3660
25 6241
59 3922
57 7540
31 6993
51 4227
56 7419
46 8940
79 5567
40 7992
30 6181
42 9176
100 4885
69 3623
89 7477
14 7640
44 7092
75 3533
19 4427
44 4321
55 6881
27 9911
62 1985
29 5271
28 6497
55 5992
70 3553
72 7293
50 7560
43 4394
61 5188
48 8564
60 8428
62 5871
68 5586
14 5288
47 1415
100 6481
83 8489
66 4573
13 8294
31 1166
23 4204
44 9040
67 9864
89 2807
39 2409
22 8387
66 1446
45 1828
27 1739
86 4981
64 5483
11 9558
74 2774
30 3379
28 1447
17 6954
85 8047
64 2931
98 9088
67 1908
39 7398
82 3060
15 4502
22 9963
62 9292
57 6647
92 5504
61 2122
56 9691
76 8472
58 6411
93 6606
88 2911
50 9018
67 4619
53 6465
54 5091
36 8963
89 9768
97 6123
47 3772
93 5410
16 9622
46 5893
63 7269
12 7642
89 6313
20 1298
67 6319
59 6744
34 1495
41 7686
96 6184
83 1778
64 9773
81 3358
44 6420
92 9220
90 6012
77 8925
18 7433
80 5871
40 5850
91 5374
45 6081
25 6957
58 5236
11 8594
38 2174
14 1514
60 5975
19 1831
30 5842
84 9045
43 6648
60 4477
14 2274
99 2802
57 3500
100 4084
56 6541
86 3712
93 7906
72 3782
26 1996
64 5200
23 6460
33 4360
18 9439
24 3240
48 4132
38 2041
60 8915
81 2639
47 8175
10 2823
77 9482
30 8569
74 1073
32 9351
11 5942
46 9967
70 2644
92 6049
35 7218
57 4079
34 2153
66 8006
53 9154
97 6159
18 5347
64 3084
42 4350
62 4468
88 4951
93 8702
38 1517
64 3208
14 2649
12 1573
59 7630
28 3839
32 3057
57 9909
23 8860
75 2032
16 7452
87 7261
56 9298
72 1021
49 6085
83 7546
30 2166
70 2704
53 9207
28 3784
75 1676
93 7453
29 7485
57 5322
68 4595
19 2817
64 3675
17 3260
16 6522
28 7354
35 8881
44 4670
88 5825
59 7243
79 6554
75 8306
33 5843
89 2985
31 1681
86 9695
52 1011
64 9729
64 8295
44 1285
76 3068
44 9437
25 4840
58 6589
96 4539
81 1298
20 7063
73 1681
91 3351
24 9155
22 8035
36 5456
81 1983
83 7575
44 6406
61 4168
88 2617
59 3825
72 6297
82 7093
86 7016
100 4700
73 5847
77 8604
46 5691
25 6057
30 2914
69 8962
11 2376
55 3160
15 9421
99 8694
95 9104
31 6439
55 3876
38 8555
28 4298
69 7756
94 4265
52 4524
43 3805
74 1372
86 5167
10 1816
73 7174
58 3432
34 1636
81 8032
48 9493
37 9595
19 4226
56 8368
29 5564
42 9051
69 2957
98 5571
48 3074
83 9815
97 4042
13 3757
73 5876
10 1790
58 5320
82 1103
39 7121
90 4364
16 3557
62 7911
14 8964
23 1733
80 2049
83 3920
55 5759
19 6829
39 2143
71 8209
60 1656
22 5361
100 6006
30 3059
20 6186
59 8709
79 1547
42 8253
64 6161
29 8546
70 5618
74 9058
10 7854
68 7464
75 4741
73 9749
24 5690
13 4380
83 6924
83 9496
51 9907
99 8433
25 4523
68 8200
66 4225
32 7076
13 3652
70 2047
37 3981
54 8690
58 1468
89 2543
21 2095
61 1134
49 3617
36 2501
71 4355
34 2947
83 1979
49 2828
51 1740
76 7952
12 9659
50 6685
62 3509
35 3766
62 1639
32 2508
62 8095
11 7914
26 3369
10 9901
61 4469
45 8205
39 8436
92 5835
28 1507
100 4561
96 2776
99 1101
10 8797
77 1376
87 5489
98 4635
65 7946
83 1859
39 6174
79 2042
12 5674
36 5647
71 6101
17 2569
44 3871
33 8831
63 9360
93 3530
95 4994
64 9883
90 2919
14 2300
40 2538
15 6886
51 5423
84 3233
96 1056
25 4988
44 1337
54 4437
59 2984
83 8186
85 8019
97 4556
73 1111
84 3176
28 1450
74 6578
97 9524
96 6498
98 6828
67 7836
30 2450
74 3836
95 8270
39 5040
70 7683
19 1908
67 6259
84 1268
91 3939
11 5607
95 3881
11 2368
81 8009
42 3986
68 8355
20 3929
68 5581
99 9530
65 5611
10 6149
93 8819
17 4752
62 6025
25 5828
59 4196
37 8368
62 8010
62 3207
82 7139
92 2175
100 2018
15 6080
30 5179
40 3304
27 6567
63 7054
47 1374
38 4085
71 6215
30 4246
78 7726
76 1220
13 2348
43 5596
98 7199
58 4077
15 6612
48 5734
44 2338
67 1610
65 5811
34 5970
65 8995
76 8247
49 6218
90 6520
28 1158
27 8160
83 4137
50 3712
57 1631
94 2408
23 2687
97 5983
87 9238
51 2114
19 2422
11 2215
57 3980
81 9193
11 5965
82 9705
54 6346
70 7802
56 4061
48 8268
16 2021
42 7908
88 2386
17 7713
41 4082
89 8639
75 3353
78 3512
51 3080
25 3826
38 3649
77 8128
33 7261
53 5404
48 2651
62 1808
64 5100
45 2520
82 2245
30 9877
35 6346
89 7888
45 5546
19 3557
24 3803
36 8767
25 2311
46 3290
26 9395
27 3285
41 8033
49 6543
37 2739
97 1668
28 6110
86 3599
22 9472
11 5243
27 7071
32 7268
20 1939
71 6533
20 8384
21 4621
48 4689
83 1816
17 8899
77 8925
57 4061
26 9580
13 7558
84 4378
32 1972
53 7482
46 8299
92 3975
45 2018
10 8442
87 4946
76 1778
60 1473
29 4004
75 7909
74 5702
40 8378
78 1635
94 5476
50 6928
67 2011
45 9606
12 1039
98 3020
18 2725
14 7151
12 3103
29 7390
32 8774
61 4752
31 3505
29 2949
89 5979
99 5604
44 6472
46 6300
87 8220
99 8227
64 6390
63 2543
11 8508
22 4384
18 3108
53 8787
75 9351
57 9567
59 4873
68 8357
27 4823
82 1458
42 3472
95 9956
90 1737
69 2946
17 2278
52 9918
95 8575
79 3389
69 2088
97 8571
40 9195
66 3432
64 6708
89 8910
53 7335
61 9330
48 5000
43 8850
91 4385
39 5418
14 1161
25 2887
65 8414
40 2110
67 7465
28 5411
33 1094
83 9228
22 3031
41 6870
73 7690
69 2093
84 3657
17 2457
82 4285
32 6748
54 1578
80 1037
35 4251
60 1381
24 9552
61 4495
18 9402
30 2744
27 3903
72 1494
47 2423
52 6943
23 9629
84 6967
75 8463
73 5646
96 9063
32 5225
96 9364
99 2840
78 4412
16 5290
14 7429
80 4680
63 2323
15 7038
90 9463
78 6523
49 1420
42 8036
95 9743
20 7702
39 6003
87 6015
88 2610
13 4872
13 8380
76 2264
33 2594
57 8965
49 7332
76 4317
38 4106
54 3178
51 5051
70 9413
39 8818
76 1174
93 7552
63 2961
62 2968
89 4014
91 1689
43 6883
84 8330
73 1901
11 3653
99 6263
73 8062
52 9046
19 2370
52 6976
78 1529
82 4035
39 5350
20 9172
14 6471
21 6682
60 7913
81 2244
24 7917
48 2961
47 8398
74 3298
39 5717
66 2939
90 7406
53 1004
59 9444
69 8560
61 3607
16 9649
100 3472
62 5403
81 5159
32 1694
44 5303
84 8470
74 2710
11 7805
63 4806
88 6348
59 9337
23 8328
43 9388
61 1691
61 8443
34 2670
12 4478
15 4883
79 6099
55 7822
10 8427
94 4560
96 4297
41 5893
35 3013
56 3878
10 6905
52 6545
90 3259
40 7430
44 7368
34 4369
16 8504
73 7066
22 9757
83 3220
37 4704
63 1984
82 8354
22 4277
92 9504
44 1735
72 8934
92 5315
29 9514
95 9712
54 6834
45 2845
10 8619
58 8484
77 5459
95 8880
100 7054
93 6605
11 4951
18 9676
70 8565
92 9730
73 4899
66 6889
92 5673
45 4358
41 9326
13 7617
43 3695
79 9045
58 5569
12 3771
36 9304
25 6656
72 2657
96 9016
20 7159
60 9712
81 2350
59 5483
46 7002
69 3801
28 6588
60 1379
46 2894
85 4104
94 1603
33 3518
16 4078
96 7150
40 4228
58 8875
42 7459
21 5653
46 2936
23 5131
65 3914
19 2588
96 3264
83 6603
21 4792
68 9909
94 5370
87 9993
25 8950
72 3986
21 6230
38 3437
63 4651
39 4866
58 8056
77 3797
48 8665
36 8231
28 3377
81 7721
35 2035
55 1428
95 4014
100 5426
16 1026
57 8242
31 2985
41 6076
83 2413
33 2227
85 7746
14 9566
11 3442
53 4217
47 9211
20 5943
58 8583
59 4227
92 3086
94 6450
13 5305
48 8734
14 6527
28 4427
88 5452
60 3261
61 4156
21 8403
77 1061
55 5496
41 4207
28 4443
79 5823
65 9408
45 7156
28 8690
13 4796
86 5244
12 7806
11 1934
87 6555
79 8520
14 9795
28 8894
96 2014
17 3957
28 3039
97 5795
81 6086
94 4526
75 7227
96 3409
76 8372
69 2190
83 4810
22 8921
24 3259
96 4087
90 2218
42 7424
77 9443
61 7649
63 6291
96 6655
64 2945
66 7007
77 1996
56 5184
73 6163
45 7567
97 8620
83 7058
53 4674
40 6132
41 3557
40 6286
81 6237
23 6689
20 5195
51 4470
86 9188
94 3598
45 6438
90 7418
34 7188
48 4438
71 9321
69 6900
88 3693
84 9719
76 7782
27 3872
29 7898
42 9094
72 2134
77 9639
82 5339
95 3455
54 1464
70 2745
61 8670
59 8980
64 1145
95 3300
100 1520
57 1488
99 4477
40 6931
27 1422
63 1812
49 8753
100 5923
40 3669
30 3663
49 8110
10 5646
58 7096
85 4028
39 1283
86 3373
71 5268
47 8441
64 8852
56 9713
16 2963
59 1700
98 5112
14 4669
95 9115
75 5192
74 6045
74 3741
62 4447
72 8495
65 9716
73 5926
25 5859
76 4379
82 2671
74 6874
42 7179
69 4427
100 2889
99 2280
53 9556
53 3016
76 8249
24 8842
68 9738
27 4600
47 1354
54 1138
54 9978
20 2513
51 9032
86 9890
81 5207
66 4688
91 8130
36 4536
22 8452
52 1599
32 8802
56 5843
43 8236
85 6972
26 8542
25 7235
12 9372
27 7902
46 8662
75 5494
84 1411
22 3227
71 7398
30 6817
70 7877
82 9588
34 8224
94 2602
91 4361
35 2076
59 1736
79 4929
44 2684
78 4899
92 4878
25 3944
93 4011
17 5640
78 4873
27 2223
32 8743
14 2051
45 7693
99 7184
12 6738
38 9069
63 4334
25 4367
72 5639
96 5167
30 6234
57 4294
66 6535
79 7208
14 6478
97 2212
67 9560
94 4485
64 9504
54 7271
91 3612
33 7038
11 6198
53 2427
73 2043
91 1525
48 7083
62 8097
87 5755
25 9302
54 4275
35 4931
70 1776
29 2103
87 9239
100 9911
79 2450
63 4902
10 9782
54 1759
56 7666
13 9056
42 6861
56 4360
34 9045
93 7413
15 4736
44 8606
86 7209
63 4107
79 3570
96 7755
37 2109
100 8299
84 2913
68 8780
86 4283
89 8626
38 2606
61 5559
84 3813
36 4911
88 9448
30 6966
40 7936
88 2698
100 7608
24 1792
39 7017
82 4187
56 8336
73 5312
14 4978
38 1725
75 2769
25 1829
55 6062
73 5379
