80 9221
66 1273
16 7821
19 1541
32 6603
77 1044
86 1381
45 8989
85 8064
20 9162
68 3721
71 2374
62 1212
31 3279
53 1548
20 2452
62 5954
89 5570
32 4324
51 6671
60 6130
85 5751
90 8371
97 7116
100 8906
99 4010
26 9012
36 8451
99 9401
24 1315
80 1495
36 1225
90 1191
38 9422
30 4290
13 2725
65 7700
33 1122
19 4822
11 7586
42 3852
81 2570
12 5680
38 7148
38 3494
75 1722
51 9168
46 2159
19 2682
100 1552
49 8209
38 6879
31 9901
21 1992
24 4914
48 5069
92 2495
60 1652
76 2443
95 6085
65 8987
67 4631
81 2434
61 1474
77 2194
70 6569
42 7519
67 7883
19 5947
41 6316
14 3871
48 2750
93 2477
74 9930
14 9277
93 8617
68 6710
96 7446
76 6334
33 5480
38 7287
29 7795
91 4239
89 9321
50 9967
41 7505
20 6985
90 4068
43 2402
47 3223
91 9485
32 1776
56 1573
23 5992
46 8838
11 4879
42 4205
39 3211
81 9481
51 5804
54 8274
46 7251
99 3053
74 3267
36 1319
21 5498
74 1489
16 3821
43 4815
67 8872
12 9415
78 6644
60 8934
85 8564
48 2662
11 6004
88 8340
99 5321
41 7728
96 1886
24 1950
74 3913
87 8531
98 3187
94 3894
16 2665
40 6909
19 4611
41 9495
64 1945
80 5201
38 8439
97 1193
90 5335
90 6996
69 3813
56 8106
24 4750
99 8214
28 9093
92 3944
53 7956
51 4014
89 2353
54 2927
43 5566
33 5870
93 2967
96 9492
15 4741
62 6085
21 2730
61 5160
62 8709
46 4744
40 3057
73 9096
68 3231
53 9928
15 1648
80 4401
66 4395
45 7148
49 7509
16 9603
73 2660
59 6391
43 1974
83 3074
41 5387
10 6281
64 1117
36 8095
33 8372
71 1679
70 5025
46 2926
99 3484
66 2092
82 2742
72 5899
34 9770
43 2285
15 8641
46 9886
49 3059
52 4199
71 5966
93 8869
100 1610
83 5224
97 1596
78 3440
44 4761
23 4088
44 8369
53 9043
80 3886
18 4366
36 1398
27 5885
98 8906
43 6886
29 8149
26 2782
96 9424
86 9021
36 2532
92 1635
48 7349
79 5430
29 8433
100 9008
19 7706
48 6243
88 1513
30 8659
58 5154
26 5232
99 3711
50 7909
11 6945
77 8686
54 2526
40 2979
74 1243
14 8633
29 2137
82 9302
19 4357
22 5106
43 6414
27 3699
86 6948
97 9361
55 4604
93 1315
61 6089
46 6622
90 1559
59 7818
65 6475
48 3271
27 2501
42 1956
71 3077
94 6416
74 3874
95 4816
23 7190
36 7379
81 2342
58 4243
36 9735
65 8133
37 7883
22 7568
38 9506
95 6065
97 4803
89 9155
76 3396
69 1513
64 8761
95 6462
91 4511
43 8222
13 4758
21 9220
24 4939
69 1040
12 9263
27 6979
71 4757
32 1852
54 9747
76 6215
73 8820
41 6711
24 5194
100 8990
96 8072
53 6527
36 1162
45 7529
84 2074
94 6483
24 5832
57 3645
14 4428
59 2779
65 6479
31 7405
34 9328
78 9508
97 4986
31 9154
11 1597
69 6611
30 8435
44 2017
60 2413
69 3889
26 7385
87 8845
59 8194
92 5184
97 2621
55 8896
88 5606
38 8194
31 9066
79 8225
41 1659
79 4043
93 8159
78 3790
20 3359
50 9614
30 9474
76 4446
76 3158
17 9000
29 8851
83 2702
13 7886
33 1317
60 8532
91 8835
51 6287
81 5163
33 1149
37 1386
11 2199
70 9001
57 3349
49 6311
75 8589
29 5304
40 3697
13 5866
37 7729
59 4093
17 6699
78 8754
46 8956
73 2813
69 7840
60 7620
17 8589
40 5916
41 2291
46 3520
77 3011
75 5029
26 1539
39 1354
43 8267
70 2958
67 9019
72 6961
97 4100
24 3857
59 5230
100 9175
55 5367
31 9109
70 5691
41 3632
27 1219
27 4989
17 7627
25 1654
27 2839
10 5218
29 1281
70 5745
72 1063
32 3462
21 3824
29 4083
28 6630
87 7662
32 6050
21 8731
90 4217
34 6922
20 4586
48 2814
62 8378
78 1175
15 5499
29 8717
93 3944
38 3272
69 9703
40 7037
13 8755
76 9174
59 3077
51 9869
47 2260
50 2542
87 3821
95 8183
62 8193
88 8007
97 7142
58 9033
15 5184
28 8733
81 5105
50 8364
36 4798
99 6727
39 2969
66 8096
86 9620
76 5909
94 8935
98 4677
28 8059
22 7598
12 4572
61 6217
94 4004
89 8096
48 9162
55 7462
99 7720
55 5602
36 7930
82 6876
44 8211
94 1173
72 6481
47 6238
82 3101
22 8191
14 7149
92 8179
13 9539
21 3497
47 5215
38 6942
74 1963
37 3869
22 9486
56 2781
62 2858
67 4414
41 4016
33 7720
37 6003
54 3090
12 7117
33 5630
29 7253
100 8713
99 5659
56 3126
35 9590
16 8313
61 1721
30 4931
55 8874
21 2091
84 9920
24 1180
38 9100
79 8557
44 2344
96 4538
61 7657
24 1923
97 5286
81 9495
92 3747
13 2844
43 5677
12 8113
93 4067
46 3336
15 7700
19 4772
88 9598
68 3031
44 6605
100 8546
44 4280
56 3530
74 9015
52 8727
33 9315
12 7692
27 4523
56 5890
28 7128
89 4422
85 7776
