47 6892
81 6925
85 5554
53 8147
48 4821
35 1547
86 8624
65 3141
87 1546
54 4330
81 6489
74 8582
86 5012
96 7069
39 8730
58 9250
96 5438
61 6743
52 1459
20 9130
61 9031
66 1072
27 2864
30 6939
18 8107
57 4635
66 5073
16 7382
62 9799
95 1749
54 7167
67 9026
91 8121
63 2085
17 5556
65 9456
43 2027
49 7520
44 4644
67 6319
52 4502
80 4164
73 3359
18 7856
20 8956
55 7880
95 6634
89 3178
77 7945
11 6526
68 8009
72 8588
99 4063
68 6579
40 1907
70 3966
70 6062
57 5725
57 9433
90 5282
77 8555
32 7756
81 7712
89 7183
53 2397
45 7941
37 3090
26 9579
49 8021
98 4729
72 3732
90 2485
14 5869
30 7150
79 3259
32 7926
97 1368
57 7733
66 9772
61 6274
68 6736
52 5573
14 9355
30 7278
30 6384
96 2992
19 4215
27 7251
24 1740
99 2909
79 7403
37 2917
88 8969
46 2806
12 8065
39 2413
42 2862
91 9701
98 8414
13 9399
40 7320
64 8729
47 6975
51 8831
71 8100
43 7335
19 3344
86 3584
39 6823
23 8336
32 2016
91 1413
37 7956
94 6781
97 7799
22 2802
26 7859
74 2754
88 3480
63 6234
97 1831
41 2217
57 5776
31 1151
41 5450
14 8727
41 5200
95 3735
59 4854
62 6851
76 5614
57 4383
100 8748
18 4693
29 3254
96 5939
55 7297
42 2008
61 3265
83 3047
15 3488
50 4724
21 3473
51 3209
38 3366
24 8450
86 3973
60 6686
60 6935
42 3970
37 2574
40 5252
90 9904
28 3025
23 7822
76 3485
23 6375
45 9148
46 4101
34 2660
55 1613
17 2880
45 4665
52 7415
43 8369
42 9240
19 1704
71 5466
53 5609
28 9330
60 3661
96 7048
95 6253
89 7909
42 8801
86 8262
20 4146
59 3367
59 8471
17 1439
75 8712
92 5427
89 5126
34 9363
40 8700
57 4388
100 8584
68 3869
47 9193
91 3525
31 9965
61 1502
66 9805
90 8343
93 8567
52 7068
30 2548
49 9688
23 7398
83 3677
95 5240
25 7732
98 9316
73 5141
36 6792
74 5795
32 6487
79 7987
86 9075
71 1298
88 7928
96 5713
52 5831
93 3862
72 8102
15 3259
77 2209
61 5785
87 1878
72 4428
81 5066
100 2879
86 9461
42 6411
63 2272
27 9224
68 8637
71 8078
28 7157
40 3639
40 7151
84 3904
78 2700
87 1935
24 3538
62 7610
61 2478
41 6506
97 3296
98 2680
72 5804
48 6631
65 3643
93 7302
10 3647
20 8841
13 3855
44 9875
33 9641
68 1432
88 6771
18 7197
72 2230
85 9058
40 2302
74 4253
40 9473
73 3557
45 6309
42 7463
69 2784
100 5548
69 7336
50 1026
50 9456
77 2229
72 8300
56 3409
15 3036
22 8268
65 5299
32 8692
57 1077
84 8527
70 5784
15 4362
83 9080
73 5845
51 4700
88 4668
67 2978
51 8467
88 5013
40 6522
72 1291
26 7252
67 8772
80 4602
14 6949
99 7915
85 8546
84 6091
77 5934
98 7241
85 2548
63 7929
95 5551
41 9937
84 7500
11 3266
69 1935
36 1043
94 4571
35 7749
49 3719
16 9081
50 5470
87 7416
98 7357
27 3531
95 5854
97 9091
53 3938
96 8145
97 4221
34 8505
76 4083
34 8546
14 9465
92 8316
11 5914
79 6689
35 4340
79 3391
97 3948
87 8419
66 6424
12 4010
60 7392
91 6815
95 6221
98 2744
44 5933
35 7478
92 9067
80 6062
83 4036
33 3126
70 7679
96 1902
89 5389
14 5683
59 1946
85 3096
33 2395
82 6652
55 4027
67 4115
86 7196
24 2979
66 8563
38 6123
21 6088
38 7531
64 3116
11 8647
50 4517
36 9607
64 9148
84 4757
71 5125
82 9553
88 2403
80 2410
49 8504
41 3509
64 8116
89 9353
46 9171
72 4459
15 7114
70 3412
28 5913
57 3816
75 4228
73 1797
41 2046
46 6971
72 2076
21 3301
11 2041
93 8933
44 2829
42 6487
19 5885
90 8866
10 9254
80 3421
38 7636
80 9718
100 1004
75 1352
93 3181
41 2343
78 5383
66 8627
14 4402
63 3069
36 9579
93 5325
12 3057
100 9867
53 9301
77 9193
67 1363
43 3776
71 8786
97 5664
57 7625
25 6745
10 1003
97 4478
43 2537
17 9721
79 3893
45 9499
21 5479
74 6449
97 3936
49 7836
41 9682
57 6221
80 3470
78 2949
38 5804
84 9389
43 1470
64 4554
95 2044
54 5800
84 2730
91 9284
40 1489
17 7738
65 5195
93 5966
84 4975
99 2624
73 3374
86 2894
70 3585
53 1292
47 5271
43 9461
31 1784
71 3280
26 1495
91 2750
66 9439
21 7133
41 6986
37 5776
14 1522
93 6403
90 9397
47 9103
95 8444
81 3419
53 8536
36 4659
94 3352
67 8044
76 4294
60 6398
19 8707
56 1394
86 8175
84 7575
97 9134
59 7428
42 6272
80 2141
58 7219
100 3518
62 2534
69 1141
13 3876
35 3809
24 5980
44 3813
93 1506
82 3950
37 4159
68 5276
20 8721
63 2513
63 4335
49 3114
64 5627
45 2892
82 5631
21 3328
60 8542
92 1359
47 8288
17 3816
99 7626
15 2646
46 8487
82 5006
15 6881
42 9950
22 2823
96 2179
59 9686
48 2517
84 9529
25 8869
28 2558
77 9594
62 3326
61 5262
48 4322
20 1145
20 5717
51 7812
86 6633
32 1996
54 9773
49 3379
45 7845
24 1623
56 2118
22 6734
73 8496
57 1841
96 9855
15 5937
26 6439
90 5821
65 4952
81 4387
57 2039
86 8831
48 2787
20 9472
11 8125
67 7575
34 7767
10 5032
76 7400
68 6113
85 9016
45 6334
70 9847
59 5096
56 9237
55 8088
15 5352
13 7813
46 8498
65 9457
79 2840
26 7618
85 5154
15 7503
71 5246
98 9535
45 4114
59 1580
94 1911
56 2732
73 4693
81 7593
80 3371
34 2877
91 8067
67 2156
54 3434
94 4135
45 9094
72 3648
16 2586
46 8899
29 3808
60 9099
52 8743
59 7373
54 4729
31 4400
72 6899
20 7692
100 8407
13 9296
16 7274
39 7003
33 4451
45 2555
73 5262
78 5225
58 2207
13 2436
29 3035
56 5707
44 7354
93 1815
91 1229
86 2627
70 5527
82 5713
41 5321
18 2752
39 3523
60 6178
59 2743
43 3642
42 2732
49 3532
17 9261
76 9202
31 3012
56 2878
65 4472
21 2338
17 2493
55 2818
41 4567
13 9057
14 9463
64 8514
46 6620
92 7965
75 9664
11 9016
23 3028
22 7440
48 6515
42 9897
95 5792
87 5193
20 8819
17 9095
92 1209
42 6070
73 2067
12 2733
16 4590
12 1864
48 3389
29 7985
47 5865
27 8411
23 3396
51 4788
77 3532
16 8565
28 6678
87 6015
73 8613
71 5534
92 6622
72 2520
80 7297
58 9120
86 9482
52 3369
22 5958
53 9893
67 5307
63 6637
90 10000
27 6807
10 7932
54 9436
89 6380
99 8823
47 1056
21 5551
99 4577
72 9171
57 7412
32 5419
77 7313
47 5704
41 7430
91 9677
84 5211
66 9191
90 3565
11 9930
26 9610
28 4601
28 3902
40 3966
48 7311
72 8753
53 9050
62 3862
97 8406
69 8174
82 2847
20 2999
54 8172
82 3953
26 3007
74 3546
54 3716
54 8288
53 8319
70 1204
95 5006
32 7360
74 8015
66 4507
26 3128
22 4230
92 5698
68 3754
43 4463
64 2852
23 6136
45 2827
61 1204
42 6498
80 6167
52 8450
81 2075
28 2786
53 5810
37 6971
32 6875
71 9695
77 5296
14 7458
28 5081
96 9245
55 3589
53 8698
56 4474
48 3321
69 5742
83 6121
43 2046
47 9402
47 4323
60 7801
37 2669
11 1848
78 2376
68 2609
59 8060
10 6621
65 6369
81 2478
74 1238
60 5710
92 5147
45 2121
62 7667
59 3610
78 3974
61 1463
99 3908
49 9965
67 1813
65 1765
86 8513
91 2492
19 8530
70 1214
84 4701
42 4990
79 7948
69 1683
42 7534
98 9676
12 2452
83 9000
68 5842
38 3594
16 5995
19 2181
80 8071
76 5574
51 4925
26 4305
42 9119
68 9702
37 4743
15 3575
47 6921
23 8893
32 4597
73 4087
39 7299
28 2606
79 2496
66 2451
70 5434
43 2721
43 4296
59 5792
85 7875
47 7283
79 8052
67 2281
14 8255
58 9914
50 2447
57 4163
32 2880
83 4249
97 5040
21 7332
12 6555
100 4483
95 9088
49 3784
73 2434
34 2640
82 6143
88 1075
34 8304
72 8926
39 2540
100 7643
18 5861
52 4724
68 8649
26 1375
31 6977
39 1234
43 4891
88 1428
47 5186
16 8366
12 9096
79 3911
100 2479
41 4904
44 3351
57 1690
71 1717
95 6601
25 1784
21 5509
13 7247
38 3810
76 9739
50 9114
67 2694
15 8310
16 8816
25 1507
38 6649
31 8220
88 8265
16 2872
44 7699
55 5072
54 2098
68 1227
84 7782
97 2752
79 1628
75 7435
86 8738
99 7376
54 9369
71 7229
86 9423
77 7710
16 6356
59 4703
50 2751
79 2807
84 9753
53 3717
23 3244
65 5821
68 7667
42 7949
82 2537
83 9800
70 8030
61 7832
96 5706
64 3425
73 2746
78 3617
43 3361
49 4100
30 3051
88 8633
53 9516
60 7343
90 8233
35 2323
37 8410
68 7559
24 1161
35 1667
18 2415
43 2028
21 2272
60 3632
43 9843
50 7548
34 5369
26 7710
10 5605
91 7004
78 4413
22 9946
34 3038
44 3699
55 7239
59 9527
44 1164
68 7013
83 6573
34 9290
30 6770
88 1611
11 4756
87 2858
12 8199
72 2287
52 6572
99 9777
99 6282
87 4850
60 6065
100 1634
99 2102
22 9278
75 6293
91 8256
43 4433
11 3532
60 8950
51 4364
58 8025
48 8162
91 2814
95 9569
26 1807
83 7152
69 1028
30 8912
34 3454
16 5587
99 6001
72 7291
46 3166
13 8844
81 2663
56 9924
55 5573
17 8550
100 8218
50 4777
40 2233
61 2830
81 3505
31 1408
80 1405
49 1049
25 4832
65 8388
21 4641
53 9263
45 2824
57 2928
50 7699
31 4847
89 2573
65 4087
96 4834
35 5904
80 2505
72 2640
93 2680
71 2562
49 5302
66 1368
90 6785
87 7787
16 8003
24 2593
49 7426
38 5744
51 8762
94 5876
61 6096
64 6796
24 7773
41 4841
24 8488
53 4049
59 5569
12 5345
22 2768
62 8305
50 5519
82 7474
21 9373
82 4754
14 5984
35 7436
37 1108
64 4870
94 1736
85 1422
32 1566
56 7106
77 7940
63 9886
47 6025
96 9308
95 8637
14 7957
14 8009
48 6373
77 9616
68 6462
52 9315
84 1366
42 5857
63 8939
65 1786
12 3248
12 5192
53 1654
61 6683
64 5315
28 2776
75 2701
29 6171
35 2113
64 8672
76 6872
82 9122
29 6349
69 8797
87 3745
97 6728
88 7123
34 6335
69 3296
19 7926
59 3040
84 9788
41 6215
63 9521
76 8795
90 5496
48 4994
28 2586
91 1332
23 5195
33 6823
40 3884
88 6450
98 5810
37 5767
25 5646
68 6585
58 8165
56 4121
36 2472
11 9863
19 4635
85 9944
87 2345
66 9165
86 4906
19 6748
60 3098
50 8474
44 9120
30 3321
97 7982
17 1262
10 1595
82 9386
53 6328
85 3898
49 8497
100 1974
25 9027
83 8067
76 5916
24 7779
61 8741
80 9512
44 6867
100 6253
30 8404
69 6775
76 1956
25 9391
71 4856
29 9781
97 4828
20 4191
42 4074
67 1652
54 9761
67 6414
42 8753
30 4443
98 1318
47 1777
41 4668
18 1030
61 7606
57 4568
90 9638
38 6611
91 3501
68 7254
16 5900
89 6298
54 6281
76 7331
35 7123
36 4223
35 6308
49 7892
68 6974
32 1660
48 1030
19 4519
64 9914
20 3567
54 3242
90 6121
37 6770
51 8767
68 2472
31 9513
86 7324
98 6352
82 5116
57 7434
18 1836
17 4442
35 4933
10 9177
75 7267
83 6045
28 6199
31 9850
44 9052
46 3420
40 1858
79 7044
25 3054
22 4750
56 9902
79 3818
70 3283
71 3380
48 5739
72 1191
95 9845
77 2999
30 4506
83 3861
55 7006
63 7029
24 8842
99 3028
18 2704
66 9623
84 3999
47 9032
17 2052
97 4373
32 4128
97 1861
89 9923
89 8449
28 5954
89 2891
10 2435
59 9103
55 3746
71 4790
60 9549
10 2566
70 6665
36 7912
58 9315
88 1079
86 4711
33 6188
37 7824
81 6960
48 4114
92 7116
95 3949
93 6791
54 6867
91 9674
94 3950
95 4295
38 3551
99 6892
83 5111
68 5277
92 8403
83 5208
97 8188
81 7638
80 3011
45 2546
72 2433
85 1031
96 2004
83 4446
57 8114
63 9214
30 4269
53 8312
82 2017
69 1221
79 9105
56 3383
11 6044
65 1216
15 9342
90 1628
86 1427
62 9107
55 5965
37 8471
26 3943
58 9924
59 1979
62 2770
41 5425
20 3462
80 3452
39 3774
17 3174
34 1927
73 4474
46 6112
72 9664
58 9923
70 8753
31 9405
57 1473
42 2609
97 5660
75 4387
67 4916
69 4044
21 8034
30 1932
76 1983
88 6268
32 7470
23 2324
63 7162
78 5850
47 5181
68 4976
53 5424
16 5269
32 3170
94 1500
98 2698
77 1710
50 5504
50 2579
30 7043
79 7345
87 7127
94 9158
56 2081
15 1163
44 2551
76 6039
93 5753
53 3923
41 7581
24 8476
83 7495
96 5484
80 9368
75 6543
31 2486
90 7700
32 9302
29 5721
39 4299
21 9208
22 2124
65 2911
92 2987
79 4290
90 3558
27 8966
80 5246
44 2519
56 5820
91 3258
21 8311
70 8036
36 3954
53 9954
21 9384
58 7075
75 6082
73 7037
10 8230
69 6814
47 3556
93 4589
92 9520
75 3791
21 8806
38 7247
99 2614
47 5397
90 2352
27 8845
20 5562
56 6847
85 9842
72 9275
25 8568
13 1640
80 8100
31 2119
40 9064
75 3477
33 4805
85 5742
82 2090
21 9361
51 6059
94 9278
66 3424
44 6745
27 4695
81 6936
80 3380
17 5349
40 1306
83 3820
33 7842
37 4028
80 8256
54 5364
19 7859
78 4905
92 8175
90 4108
70 4253
34 7228
37 9741
12 7715
91 3102
51 9615
72 6992
66 8030
67 8037
65 3578
90 5562
86 2688
37 6161
58 6443
92 5149
74 1164
39 4183
16 8844
88 4939
87 1882
42 2681
53 3723
64 5176
15 9236
46 6616
37 3611
68 9816
25 2220
74 2146
25 2384
18 6161
81 7155
81 2598
64 7261
74 9284
93 9461
15 3677
92 4339
68 6638
20 4575
13 3383
82 7656
11 8008
54 1279
93 2222
58 7069
17 7528
37 1034
23 3460
71 6544
54 1018
90 8350
57 1386
38 8753
95 7468
77 5247
20 5891
13 4663
71 6706
77 8229
55 8423
44 1629
53 2849
61 5505
40 9347
100 3926
80 2803
73 4039
22 8902
20 2837
80 7116
19 4607
28 6044
34 7761
78 8718
47 8464
35 5772
100 3634
90 9866
87 5107
22 9129
29 2875
64 4186
17 3809
72 3682
80 1638
82 1009
78 3748
24 6764
98 3362
36 1835
74 5649
77 4940
72 9621
100 5653
57 8380
81 3816
29 8358
98 2618
41 9559
63 7350
47 7757
60 6194
45 8327
36 1500
20 3569
39 6674
28 6493
41 1751
94 8368
83 6015
11 2542
26 1563
42 9840
100 3938
68 2294
56 3641
28 4561
13 4313
49 2174
41 8912
68 3208
27 4272
68 8844
35 8552
39 9864
75 1998
93 9076
67 4726
49 9149
66 1905
74 4319
74 5210
34 2289
24 1032
95 1223
65 6665
27 8063
88 1653
56 7569
57 7497
70 3216
38 2012
31 7618
71 9008
39 1296
33 3461
24 6385
74 6530
33 1287
59 6812
57 2985
22 1681
41 1640
94 6613
45 1764
49 5998
31 5951
39 8524
60 9742
86 9361
88 9827
97 4632
75 3444
39 5502
96 6428
81 1535
99 2722
19 7614
76 8725
98 9427
55 5192
68 9881
65 8065
57 9116
98 6306
58 2244
99 6300
100 4620
95 4507
72 2368
49 2789
44 4885
53 3308
100 4437
58 7971
99 1123
85 3822
78 7597
33 7948
24 2359
88 3676
83 7853
72 2403
91 9857
71 9785
28 6114
46 5558
35 7208
62 1394
40 8290
75 4479
89 9027
73 4160
40 2060
48 9022
69 8523
62 6044
85 4113
77 8400
26 7974
26 3459
53 4025
57 9987
33 5324
76 2046
53 3595
41 6595
20 1600
46 4062
13 2990
96 1778
19 1979
14 9445
65 7262
53 7619
70 8261
72 8536
12 5591
70 3402
83 2859
65 1076
26 7678
29 4379
14 8314
41 6235
64 9631
100 8499
36 2655
27 9012
94 8081
59 3420
92 7073
12 2864
77 5432
63 1400
30 7130
62 2803
52 7290
13 9257
38 8992
26 8775
43 4725
58 5607
66 8867
53 5158
46 1604
25 1957
53 9978
66 3271
19 9759
29 8504
51 1933
44 1959
83 4440
71 2068
81 6110
17 6865
64 6070
71 2829
45 4884
49 4439
97 9368
44 5975
91 7372
76 7179
100 1417
29 3730
93 8625
76 6449
68 8047
40 2024
64 7510
50 4486
32 2597
38 9065
82 3996
12 6800
66 8050
76 5613
45 5999
18 7366
20 6715
38 6567
72 6475
62 6924
21 4744
94 7013
76 1875
21 6810
12 2101
21 2432
81 3151
16 4625
45 1359
86 3221
21 6500
34 9115
40 3100
19 6721
94 2917
22 7290
53 1500
43 3676
93 2244
37 9854
75 7742
28 7799
48 4927
29 1881
68 8240
44 2043
39 9044
91 1782
33 1104
37 4577
15 5723
87 3480
33 2338
92 4202
18 6538
34 7896
73 6451
97 1902
91 7130
43 7238
72 9917
49 7942
85 5732
62 4190
55 1596
75 2409
91 2597
52 9880
31 8165
70 5322
48 1140
34 1822
58 4066
21 6706
51 4125
95 5171
82 4842
84 9121
75 2251
85 7145
84 4363
95 4627
60 5959
79 7579
71 1142
20 9674
87 7536
91 3481
44 8993
52 8129
41 4965
31 1333
40 4312
23 5571
76 9389
21 6270
83 7027
70 1844
89 1131
12 3643
87 6934
61 9334
100 9676
48 7726
47 1415
16 9384
93 9517
13 8372
48 9040
32 2787
35 2088
53 7621
59 8623
88 3211
97 5366
77 8095
22 4980
77 5807
15 6906
51 5545
56 2681
53 3083
98 3466
19 9591
14 5432
39 1727
34 7004
24 9809
14 4065
66 7639
91 5237
39 4880
18 8803
27 1399
34 1537
52 5979
45 5314
59 5236
35 9894
27 8141
14 7000
58 1858
73 5316
96 5872
45 4621
64 3702
78 5220
44 1880
78 9556
24 2841
39 1242
12 8267
43 7943
59 2687
72 3249
95 2829
64 7909
87 1598
80 4861
81 1653
35 4958
51 3030
43 1451
59 8207
36 3733
84 3508
80 5793
55 3577
96 1272
21 3489
62 7356
36 9189
83 9382
69 2053
31 1050
88 5883
81 5354
65 6536
48 7949
62 6425
53 2394
77 7832
43 8367
85 8023
86 8291
60 8616
37 1731
48 9129
42 2641
84 5822
88 1502
28 7418
58 5610
20 3216
62 4326
46 9528
46 2213
59 5020
92 3483
62 4886
12 6370
94 5730
13 4857
94 7704
93 1683
93 1104
34 5345
20 1188
76 9245
20 7205
22 2823
69 9357
19 7068
72 2941
73 9764
49 5530
26 7122
94 4259
77 5760
61 1543
41 7902
79 3982
17 4592
94 2419
11 7672
65 6991
35 4388
19 7749
72 1311
92 6613
24 2931
36 8852
31 6967
48 5338
14 4394
97 3477
19 2592
29 4269
90 2677
94 9788
20 2755
67 8122
56 7422
12 7665
50 7569
23 6585
42 4662
56 8422
14 3336
57 4172
20 2780
89 5528
41 2352
34 8430
33 9506
71 4840
97 6259
62 5556
37 3006
95 4693
99 2909
94 4847
32 7069
78 5810
42 6725
97 7050
60 3413
77 3987
73 7430
39 3539
19 2807
12 5206
81 6415
69 9593
15 7672
26 9293
64 3741
90 9041
75 6616
13 4517
34 2818
93 5642
77 5640
11 5909
61 7131
42 6819
83 3423
42 4962
33 7295
58 7903
12 2735
100 1641
57 5560
81 7172
58 6667
15 3795
87 4272
98 2382
52 7239
32 5352
56 6436
49 9480
87 9927
91 4729
26 6187
23 7712
43 5619
15 7815
68 2707
12 8936
91 5602
27 8268
11 1468
13 2848
83 6285
76 6698
33 4141
85 5254
81 5611
18 3539
20 3146
25 4827
68 8034
80 6792
80 9978
43 2786
20 8419
96 6093
86 2060
64 3915
80 9081
82 9241
45 9562
17 5871
47 3705
19 1503
42 8549
61 5789
72 2993
51 2534
36 4418
38 6374
57 9761
77 5899
92 2456
81 8572
35 8120
15 7844
55 9661
95 4965
46 5862
12 9164
85 7123
58 2439
54 3450
86 8253
45 9032
90 6467
71 5143
52 2847
14 5105
79 9675
11 3793
35 2429
93 3596
76 1007
91 7273
100 8190
16 1009
36 7566
79 8886
21 8729
92 8790
10 2731
90 1202
82 9097
83 2072
41 2876
14 2239
80 2521
83 6470
19 1168
41 3642
96 7462
54 1008
85 5012
72 3223
57 5683
20 1931
89 4892
31 8664
18 7734
17 9019
16 1102
42 4195
96 5150
91 4577
46 2690
24 8676
22 4911
28 4000
63 6864
91 2095
16 3162
92 6515
58 7973
28 9802
38 8625
48 3768
59 2753
21 3142
76 5702
67 4695
22 7595
39 4617
23 2787
87 8886
51 9258
85 9082
13 3814
80 5835
15 6127
37 4263
70 3245
45 9936
30 8519
42 6704
45 1587
19 4377
68 6083
68 6706
64 5661
75 9556
16 2897
32 7936
16 5061
97 6052
98 1082
97 2314
11 7726
55 5836
34 5059
15 3149
27 8282
85 8742
87 3887
83 6752
70 6114
43 7152
60 6040
94 6989
66 5038
15 2736
95 9256
34 9759
34 6319
71 9974
57 5337
36 1050
22 4136
42 6424
50 6974
81 5278
54 8617
91 7080
13 3788
27 7334
17 2376
23 6180
87 6225
31 6778
15 5434
49 4006
74 2497
24 5222
92 3571
53 2829
92 5172
21 1693
82 5910
82 6011
99 2862
63 5694
50 7031
57 6957
88 6598
51 6519
33 2185
70 4646
67 1612
12 7351
53 7606
74 1049
29 9021
80 1632
52 3445
50 4771
95 5353
11 1601
48 9593
21 1620
13 7058
75 2860
19 1723
32 1480
15 8101
17 5503
32 8544
98 9724
18 9227
83 1632
19 9154
30 6611
61 3883
47 5505
68 1472
20 8582
15 1614
78 8022
65 6730
77 8563
59 8160
21 4805
50 3963
43 6719
97 1520
49 6051
57 1095
12 5328
46 6366
23 2332
61 6190
93 6082
33 2785
80 6405
14 8322
83 3521
94 1641
44 2012
34 9343
65 7557
73 9852
48 9017
18 3154
16 5521
22 2678
41 2387
12 3712
18 9276
10 7410
32 6014
13 4876
75 1036
27 4072
28 7709
82 2623
46 2083
87 2585
45 3841
92 2055
87 5785
69 2505
72 4406
49 2732
88 3709
17 5270
30 5710
97 3410
98 3735
16 7061
70 8200
17 4762
14 8213
23 1323
48 5726
11 4354
13 9096
37 8337
62 8296
17 9262
29 3103
11 5381
38 8404
81 6755
66 3900
36 3002
37 8078
62 8366
15 6811
81 1957
88 4490
19 5941
52 2582
84 5746
30 9239
38 2053
72 1443
70 7996
72 9357
86 9883
28 5297
90 8241
73 7399
72 1006
63 9370
61 1263
31 6310
71 2783
79 9332
83 7983
36 2971
51 8825
27 9268
82 6565
46 5580
95 5386
59 1399
75 4555
90 8042
54 8494
89 8056
92 2860
97 2143
23 6470
15 5099
35 5313
27 8250
80 6405
87 6003
55 7216
93 7299
24 7803
49 2855
31 1389
46 5251
50 9232
66 9575
39 8242
88 2759
70 3895
16 2101
95 9656
38 6655
44 9659
91 6938
62 1552
33 8520
33 9872
90 4843
55 5969
58 7022
45 6047
27 4164
91 5916
45 3976
59 7059
71 6492
31 3918
37 9347
35 6597
44 6053
24 9142
20 4731
18 2169
82 6701
28 7373
61 2076
20 3307
23 8301
53 8721
69 3354
32 9915
68 3077
28 2020
72 1548
26 3746
77 1967
99 2296
100 6739
96 6557
70 5677
81 5667
19 1873
83 1147
88 1741
75 9457
20 9690
66 7228
46 1194
67 9550
15 9949
85 2318
45 1288
63 8924
10 6052
66 6107
87 4637
36 2594
26 6308
94 3630
66 6642
25 9833
50 8915
41 2334
86 1586
97 4821
59 8597
96 3008
39 1993
47 4279
62 9178
47 6079
18 5608
78 5860
47 3499
48 8644
100 1653
14 9876
84 5628
94 9434
83 2535
51 9886
51 5031
98 5713
23 9901
37 7686
69 5928
35 5456
12 5565
74 9462
28 2832
28 5189
83 2037
44 2634
77 5189
67 6998
86 2416
49 1243
11 8485
49 9083
40 7011
80 9090
62 8661
63 1242
74 2551
26 2572
34 3446
42 4903
70 4134
12 2531
71 9435
97 6771
36 8372
50 1418
37 4392
61 2516
77 1294
95 9739
83 6846
31 1369
68 7056
80 8858
24 4579
90 8373
10 6297
25 2839
19 7836
40 9454
44 5760
70 3968
74 7553
13 9557
44 3181
20 4484
83 9075
57 9682
10 4684
19 6799
45 3360
45 3855
31 5309
67 2767
42 7995
31 8796
73 9848
99 6682
30 5917
24 2871
80 1664
92 2907
22 7221
83 1409
89 1530
53 8738
14 5441
13 3715
75 1339
56 8005
44 5894
50 2220
67 7746
13 8671
79 9459
96 8708
26 4990
25 4608
19 3198
50 7404
22 9661
21 4885
74 6483
33 6202
97 4546
36 7107
90 3769
69 3415
14 5204
89 5946
66 9388
80 3318
53 1358
85 3705
75 5148
40 9651
17 8194
70 4702
29 1907
33 4962
34 3889
36 6782
90 8511
61 4365
54 8650
56 8531
57 6075
87 4429
28 6594
16 1699
86 6020
40 8382
38 8317
34 1109
17 6773
60 4992
31 8449
46 8519
30 8194
44 1728
81 1285
92 1645
12 9890
27 3395
16 7396
91 7822
33 3128
79 6402
20 7064
75 2790
36 4587
84 1274
75 7768
81 9464
34 5983
17 2365
22 2861
58 1606
24 9345
97 5430
72 3749
58 3158
12 1756
80 6984
20 6286
67 1867
63 7840
81 7649
13 5134
82 7534
51 7723
29 5363
93 9453
52 4081
15 5375
54 6359
58 8795
92 8227
62 8415
17 3024
68 9445
69 5482
90 7108
69 8278
45 2454
79 9614
93 5977
70 3449
71 3381
20 6196
32 4605
80 6869
56 6391
13 3432
75 2814
94 4786
64 7540
66 5914
100 7908
28 1093
33 2566
55 2794
64 1947
66 9672
37 1099
19 3409
23 1954
96 3620
12 5537
64 2768
37 4157
96 8368
56 8625
61 5792
44 9503
34 8467
56 4165
50 9520
79 2982
12 8706
72 2206
55 8411
47 7141
34 9157
23 6643
26 4241
36 7289
98 5403
80 1115
52 6313
45 6886
70 4910
67 6384
94 3637
57 7486
23 9230
39 7817
23 8410
98 9993
57 7639
98 5173
32 3670
59 9222
74 5262
66 5335
18 9498
73 6897
25 4785
58 6549
12 2996
51 3629
71 7012
77 5618
22 7830
91 1113
40 7393
95 6603
22 5690
99 6206
12 7762
75 9037
47 3754
25 6161
91 7199
27 7084
58 3645
64 8511
12 5332
80 4568
63 2615
49 4150
96 7600
44 9315
28 3630
15 6321
10 8206
75 6305
72 2840
100 9184
63 8230
96 4810
27 5842
88 4737
90 1113
99 2829
16 9681
39 4154
28 5738
94 5963
55 2836
100 7272
70 7581
24 3855
63 8406
39 5475
61 9289
10 1464
78 4567
45 1645
38 5648
75 8214
85 8235
39 3686
69 5461
76 6589
25 6052
50 6643
52 9614
32 3149
58 3969
97 8493
14 9096
87 7681
56 6116
48 8601
41 5872
51 6012
81 7579
38 3435
63 9234
55 7119
92 3048
19 5240
12 7136
90 5370
69 2495
93 1594
30 7937
96 8490
32 6184
85 7675
52 6272
27 4750
35 1621
52 5208
26 7999
91 1283
85 4308
24 7857
56 9051
58 7513
53 8514
77 4462
44 9167
33 2862
21 8492
78 7643
70 3745
82 6650
12 2525
54 6091
98 1871
12 8976
96 1032
83 8486
92 5443
66 7240
72 7393
24 9259
32 1612
47 2184
48 7616
85 7362
11 2327
41 3564
63 4344
18 1129
47 4980
53 8871
51 5017
97 7534
87 8639
32 3901
50 5284
11 3395
65 6915
80 4235
32 5525
90 2158
74 8832
92 4920
41 4129
16 6037
59 3213
92 2098
68 9338
30 3522
26 2952
85 6699
91 6425
41 9058
49 6474
100 7481
58 9640
70 2313
87 4863
43 3296
66 2236
51 1371
75 7730
19 8080
20 5456
58 5894
83 1955
86 1997
36 1067
98 1793
28 2672
29 7361
86 8572
66 3752
43 3775
51 2002
65 8071
100 8620
82 4330
79 6305
75 2882
14 4425
93 8355
82 2700
97 9179
99 6319
24 2105
61 7803
29 9285
45 5095
99 9582
57 9002
46 2647
43 8242
33 1666
35 9843
58 7072
28 3653
17 6164
37 2847
85 4135
82 9425
49 4706
17 7080
68 6056
95 3576
56 1715
94 1315
80 7668
62 1038
61 4432
58 2441
34 3236
94 4868
91 6373
10 7640
61 8836
25 3098
62 4578
30 7833
19 5593
64 4044
63 2560
66 2225
12 9366
32 9027
21 9495
90 7131
80 2262
96 5119
85 1891
16 1019
41 3637
27 5519
58 3201
94 1074
97 4959
55 7275
74 3982
28 6578
77 6288
98 3635
45 9884
74 4363
67 5860
72 8746
89 4277
46 1303
90 1007
50 7355
25 7399
12 8712
45 8139
92 5073
17 4577
75 1217
11 8876
55 6720
25 6579
32 4281
95 8521
70 1558
17 9449
75 7886
78 2818
54 3031
60 5899
26 9530
25 5521
64 6270
46 2525
86 2329
92 6726
23 7749
68 6479
82 9760
14 6526
70 4884
99 4988
33 6414
80 3978
87 5783
50 1738
49 1892
44 1011
77 4781
36 1060
79 9792
33 1258
93 9220
16 7549
38 1893
29 9371
13 9121
16 6914
99 2084
72 4122
54 4842
14 3672
33 7437
63 5439
39 6166
32 7926
54 5840
18 3020
75 4035
22 8067
47 8313
53 7331
91 4875
49 9273
93 7979
96 6392
54 6096
30 8347
19 4111
45 8900
19 5744
52 8382
62 7134
50 6721
19 8166
98 8205
36 6780
78 6574
94 7428
39 2078
72 5245
78 3157
38 9094
52 3220
96 3220
76 9152
10 3932
53 6550
76 9403
73 8956
19 3174
95 6125
33 6562
64 6276
33 4730
38 9050
63 4069
26 8399
55 1317
28 3433
95 7186
92 8253
43 1914
61 2799
12 1393
78 6802
24 3616
30 4429
24 8160
30 4270
66 1420
20 5103
65 3481
63 5320
45 5890
45 8935
100 1670
13 3510
88 1283
31 3194
16 9473
57 7729
56 5308
23 6440
90 8985
47 4918
24 4043
40 3808
28 4562
98 9618
41 8213
56 5354
81 3326
55 6828
27 5275
92 4135
36 6145
50 9240
27 9913
20 3999
28 9352
76 8233
68 2621
84 6459
66 5363
67 9632
13 4594
87 3269
67 1679
67 5942
48 7755
11 7534
64 2315
30 4424
67 1397
72 8832
80 7648
96 5014
40 6730
30 4486
82 2101
83 1705
84 3105
57 4038
75 3936
39 8724
55 8446
41 1402
23 8721
83 3563
15 6339
86 7903
12 5122
66 5194
28 2964
57 6263
94 4654
42 4400
49 5511
12 8510
92 7586
20 9643
85 9373
92 6689
24 6260
69 4268
39 4309
55 3646
76 5326
54 5287
72 2770
71 8624
84 6301
94 3628
27 9531
100 2749
72 8278
57 1395
55 1648
52 3206
92 6992
88 5273
41 7493
48 3549
20 6135
28 6341
17 6325
72 8948
40 7806
99 5629
67 3451
31 5355
84 6249
39 4018
40 8123
40 3411
60 8243
29 4235
43 6397
86 1443
56 4621
91 3438
91 5122
29 1633
90 1238
79 3563
98 7521
64 6253
97 5267
26 3215
70 1236
54 4908
53 1149
94 4264
91 7473
21 1394
98 3848
12 6337
49 8907
50 7792
33 6565
98 6882
74 8902
66 8659
24 4583
20 2369
28 4336
51 9959
92 6903
80 7996
20 2000
76 1608
15 8843
41 3906
61 8522
77 5221
93 1922
12 8528
22 1718
58 4933
74 7566
74 4777
99 3233
44 2088
54 3461
58 4022
45 1205
63 5654
51 2968
45 7139
76 2505
33 7353
23 3363
76 4703
73 1537
77 4926
39 9049
50 5195
75 6805
68 5150
14 2553
32 2264
63 8779
58 9974
68 1078
39 2748
28 1555
79 6198
54 3138
22 2154
90 4826
64 3228
25 6695
39 6834
93 7416
38 1487
57 6248
85 6699
92 7179
99 6220
76 7336
65 5916
18 3289
100 7005
82 1981
24 4370
44 7405
93 8170
34 4763
24 8743
49 9887
24 5877
12 9539
98 6083
79 7312
32 6439
65 6774
74 5460
39 7487
58 3799
40 6062
44 1430
53 6287
77 9079
91 1718
34 1516
80 9493
83 9420
89 2230
83 5668
64 6332
61 3286
71 4558
65 7251
29 5313
18 2128
12 6408
66 3812
60 2449
89 4818
45 5030
83 2037
65 7384
23 9279
86 9479
82 5958
74 1340
45 7002
66 6836
89 4479
84 4765
78 8137
34 2772
47 7000
50 5770
79 6688
41 9669
22 1560
45 5008
18 4158
20 2782
73 1745
31 3463
76 8231
27 5602
69 8543
11 6677
36 3117
49 9533
21 3721
10 2219
69 5527
99 1831
85 4277
32 8635
46 6035
77 9533
87 6496
56 4873
85 7784
78 1908
73 4959
10 7319
90 9299
16 7569
57 9591
28 7370
13 8813
63 6749
44 2522
34 4953
37 2448
26 7276
78 2557
90 4996
81 5210
36 7944
25 4419
88 7102
34 6700
23 8718
86 3403
32 6589
55 8729
78 2404
19 2558
18 5369
16 4978
61 4325
85 6129
22 5652
63 3034
80 1394
13 7240
15 8239
47 9552
92 9282
70 2276
63 1597
97 3262
46 7421
73 9690
86 1621
33 2748
32 8710
35 5020
47 5389
40 6038
24 2505
21 2177
93 5436
76 7850
39 8563
63 3823
62 3999
77 9763
95 4668
23 1018
100 9375
16 3111
58 6378
21 9153
30 6564
47 1284
45 9367
61 6998
59 1704
96 7486
48 1720
82 9668
75 5720
44 9863
39 6700
84 3441
87 8371
17 9628
14 2678
22 4750
67 8498
72 1912
40 9327
31 9961
41 9656
100 2470
47 9045
47 2046
23 1581
37 7706
30 4705
57 9846
86 8916
52 9222
80 2188
85 4098
30 8586
80 6873
77 7568
85 6018
55 5374
61 2973
28 6879
31 7856
80 9540
54 8324
91 9915
86 8297
94 3727
78 2521
42 1077
21 4770
89 5065
77 5823
90 6457
45 4108
47 8938
42 8302
53 3155
23 2781
46 1094
95 7940
57 4564
13 9036
63 7257
84 1528
99 6856
41 3348
80 4829
43 7057
100 3782
27 6256
77 4214
36 8873
57 6403
85 5718
71 9838
44 1884
68 6427
21 5521
83 9294
22 7155
77 9209
88 4655
44 8149
78 3599
35 4901
89 2607
31 4910
62 9524
43 2568
12 3764
37 1185
89 1337
47 3742
40 3793
81 1976
69 1714
93 6658
34 1650
69 8024
37 2328
48 6644
84 1559
85 5300
93 5115
78 3035
74 4120
21 6715
20 3220
52 3906
14 8020
78 7393
19 1703
46 2987
15 4809
21 7071
33 8935
77 4806
44 9481
23 4746
25 6722
44 6576
95 4780
60 1311
57 7598
100 9417
71 3783
60 6779
41 6214
55 9168
74 7690
41 2329
62 3076
82 9836
85 8001
57 1301
26 1354
61 8593
40 1687
17 4623
33 9532
41 7777
17 1886
63 2397
92 9348
58 1763
42 9768
97 5178
16 4812
27 9590
63 1649
47 5645
83 2785
50 7146
66 4969
10 7053
98 1772
56 4916
28 3811
86 6309
49 6944
41 1804
12 4561
13 9339
83 2903
65 1546
59 5122
71 6798
69 3090
11 6074
61 6532
61 4669
67 9173
67 8803
69 5979
58 7889
53 8640
17 4151
55 4155
70 9020
66 1399
19 3679
89 1149
66 7507
53 2843
41 3558
42 3878
98 5523
19 6191
73 8832
37 9041
80 3468
92 2608
47 8531
90 1816
67 4380
50 5142
36 3790
62 5066
14 2233
78 1069
43 3894
80 7867
82 7050
30 3097
52 8442
54 3290
27 3653
54 3830
22 1169
60 9616
11 6056
60 8804
83 3135
48 1265
48 5979
44 5961
91 8180
73 1849
33 2556
49 9464
46 7836
61 3727
84 2932
53 8900
83 5212
62 8423
26 7857
70 9701
11 1317
96 8562
18 6484
63 4528
13 2577
15 9391
95 2984
16 9555
63 4231
63 1155
67 6062
54 7043
42 1723
80 1337
33 7990
33 7911
48 8052
24 6602
14 4364
23 1775
59 1386
67 4088
95 6048
21 6199
63 6720
14 2429
48 8390
60 1658
87 3043
22 6913
24 8180
37 5354
29 1896
38 5989
84 5082
72 2625
98 3009
35 4391
24 6958
53 2788
85 5713
39 1031
82 5306
25 1247
83 4733
40 2591
18 1662
52 8683
28 3638
43 1918
59 4833
54 2072
51 7184
41 5258
77 1812
22 7344
93 4443
67 6401
12 4790
27 1928
43 7195
98 2555
52 7012
62 3281
18 9535
25 4077
14 7489
77 4003
54 7403
22 3957
21 7904
77 8509
98 9695
65 1877
45 2998
14 9458
39 1043
70 5292
14 2767
55 5023
85 7568
96 5679
38 8564
61 5651
45 4062
26 1853
30 3242
85 1544
22 1700
42 1618
34 9406
55 3985
14 2241
95 6832
40 4956
93 3874
66 4911
33 1306
42 8116
69 8724
41 7009
66 2998
22 2453
20 4690
89 4341
99 5460
22 7205
49 2840
81 4537
27 9216
20 4044
55 2025
15 4106
32 6892
93 5155
34 1378
28 6202
36 4827
85 8466
63 3039
96 8722
96 6320
33 6492
57 7146
56 1790
86 4295
11 2549
96 9414
18 4841
98 1412
90 9271
90 6047
46 9450
78 4400
42 3481
20 2628
41 2160
100 6969
75 8335
15 4396
40 1785
71 7784
87 9235
85 4748
18 6579
72 2974
80 4851
12 1361
33 5248
26 2740
62 7974
93 6943
21 2886
91 9761
60 3659
59 1873
17 7563
40 3798
59 1714
98 2950
73 7542
72 5894
83 3663
33 7444
75 1865
88 9826
68 8423
28 5422
29 3346
31 1790
47 3986
84 1290
25 5819
19 7460
32 2921
75 4216
80 2438
40 7057
59 2896
34 2835
79 2789
77 8999
52 9774
60 1171
29 9987
73 6885
10 7546
50 1173
67 1745
45 6769
47 5817
71 7894
93 8102
80 3081
71 8987
37 2225
79 8590
68 2490
69 5436
36 8989
95 9078
78 3707
23 9541
87 7404
34 5097
13 4575
16 8949
48 1487
72 8973
91 8916
93 7285
27 1342
61 6767
14 1191
60 3972
17 7609
77 2830
14 6392
41 9888
76 5210
59 9090
19 4956
86 1889
96 2661
10 1536
40 5371
12 3269
50 3034
64 2568
85 1677
16 2672
93 4205
45 8382
80 2138
23 3073
53 7417
57 6628
25 9525
12 8305
96 7283
98 5717
25 9673
81 1865
21 1106
58 5469
76 1886
92 6338
38 7720
45 3401
25 7871
54 9961
77 9172
45 2464
80 3869
94 9188
47 7583
52 6039
75 7188
70 9667
77 1013
66 8088
83 3802
87 4898
92 1455
35 3992
84 2003
48 4523
46 7404
31 4401
90 2893
96 9452
40 1279
43 8281
82 3688
11 1989
53 6804
38 9712
66 8682
58 9800
24 1421
65 1485
18 2480
12 5944
67 4520
81 2941
91 7227
24 3730
57 6148
39 7844
69 1982
35 4646
13 2154
87 1976
43 6703
86 8404
28 8108
29 2701
56 3419
12 5065
74 5553
25 5825
65 3503
45 9492
54 8573
99 5817
91 2634
72 9939
82 9856
12 9969
43 6891
47 5348
99 3251
68 8260
31 1937
72 8486
46 9652
62 7336
32 9733
29 1041
31 4362
75 6831
72 5537
45 7862
58 1729
95 6042
95 7904
84 1690
12 4922
57 7832
59 4541
73 1752
68 1765
70 7565
46 9705
47 6008
87 6612
39 7639
11 5103
64 5269
92 6976
32 2875
17 6041
45 3934
63 8422
99 9861
37 8616
43 2451
37 5163
43 9261
19 6458
34 6101
47 3753
65 6659
86 4356
43 5856
86 5168
46 7581
22 2345
32 3108
81 9241
12 9029
27 9501
59 7243
94 9246
13 8184
48 7907
100 4411
40 1407
53 2928
49 6680
47 5530
67 2282
29 8878
79 4332
99 5405
69 9667
34 5466
37 7583
23 5317
59 6133
11 9258
26 6290
43 9776
65 3969
36 5279
65 9971
92 1732
24 4286
67 1117
21 5098
33 2867
70 4761
60 2560
59 3002
78 3396
28 5598
65 5912
12 5935
10 4990
10 4939
55 7397
83 2634
17 1144
96 4426
42 2697
50 1197
60 6790
48 9443
25 7377
27 9982
91 9684
34 5891
74 5629
59 7608
30 6495
66 7158
79 6573
20 7325
25 3378
77 5332
51 2049
94 9363
44 9182
49 9889
50 3862
45 4731
23 2896
100 8108
38 6829
18 7788
59 9073
52 7683
54 4282
19 8924
87 8213
29 5243
65 5266
82 2153
55 2503
85 9913
33 2587
63 3364
28 2223
52 8419
35 9257
15 9132
18 8935
59 2157
93 5521
35 1497
70 5242
15 4704
62 6858
45 3792
12 3683
100 1508
52 9406
66 2729
34 9872
100 9195
55 6071
82 1938
50 5294
77 3408
15 7242
84 8235
38 7962
38 7177
24 6954
35 3366
79 4388
22 8790
21 2526
91 6792
89 5808
42 8621
63 4941
79 7913
86 2871
62 9507
82 1240
55 3665
21 9380
46 4284
40 1271
73 2214
77 5446
29 9766
53 2859
23 3034
66 4094
96 4936
58 7504
22 8364
44 1393
48 9532
22 1127
53 1665
28 9883
74 8471
32 9702
79 8876
42 2058
94 6645
99 1901
90 3277
50 3517
65 9750
61 1417
70 8442
39 3137
67 5307
29 8440
30 5885
38 9316
79 3910
36 7804
62 6854
34 2707
72 6931
76 3065
11 7427
17 9945
98 5553
63 7918
44 4762
22 7655
52 5141
71 7761
10 9255
61 1804
81 1393
41 9971
73 5310
54 7794
81 1657
24 3630
26 3796
75 5043
82 7987
43 6362
54 7776
98 6954
95 9021
72 6625
55 4655
40 1819
47 5079
56 9338
41 2884
94 7676
49 8521
47 6852
70 5629
58 7752
13 9864
76 6197
66 9216
24 3540
48 5780
90 4400
41 7877
76 3808
96 3510
85 4928
24 9105
25 9877
89 8619
38 5767
59 9883
91 8015
60 9101
34 6962
56 8334
33 5763
21 8073
97 8925
31 6013
100 9832
37 4372
61 8687
54 2929
20 5172
94 3475
63 6546
77 4160
98 3345
10 1556
11 2300
48 2855
85 2332
14 5480
53 2518
57 4792
10 8101
10 9678
14 1369
47 8206
66 2149
59 7057
86 4661
72 6986
28 6752
83 1700
20 1272
29 9030
27 6908
85 8077
38 2460
62 6568
34 8421
34 9487
41 7907
83 7162
91 2811
61 7725
59 1685
42 2821
84 8077
36 8590
26 5072
70 6670
87 9809
23 7532
54 8751
11 5849
85 6318
42 4930
55 2958
27 4155
90 7312
87 1906
83 1831
39 1665
49 5255
10 9168
47 7673
49 9521
71 5563
43 6360
69 1759
53 7548
59 2186
98 8094
95 2675
92 7201
67 8418
35 2249
10 4874
19 4412
43 7310
54 4507
22 8902
86 4256
91 5146
33 2357
18 4852
74 8272
17 5842
35 4179
64 8333
11 6554
35 7092
45 9516
50 3294
61 5423
64 3059
53 4308
64 3482
28 5376
80 3008
71 9599
95 2698
24 9070
89 5868
25 1358
97 1787
36 2511
44 7324
74 4621
19 1519
49 4534
61 7282
43 2189
40 8445
67 9243
62 6455
19 9112
28 2921
42 8352
74 3501
14 2678
92 2242
87 9522
52 4537
75 6503
91 6421
56 6776
80 8813
23 4743
80 2104
89 2263
18 5356
78 1386
23 8057
10 5524
38 2571
12 3144
66 5152
21 2771
42 1472
34 7793
73 7520
61 6452
31 7414
100 9699
70 2307
61 3807
82 4634
17 7489
46 1585
78 6719
79 9091
49 1757
97 9816
30 1200
85 6578
43 1238
75 6521
77 5146
55 1200
76 6450
74 4584
54 5879
94 8949
15 7455
81 1160
39 4385
25 1115
97 8250
31 6218
87 6505
33 1525
83 9824
70 6457
100 8396
28 4092
40 9753
99 7193
17 9889
27 3897
87 1758
64 4941
71 8505
100 1670
63 5856
75 2842
90 5788
41 8284
34 5479
50 9527
61 4936
62 8529
46 8739
50 3858
46 7386
33 3187
41 7430
53 6197
86 9382
84 8464
71 8418
96 8964
37 9650
30 1220
16 1026
67 6515
96 9886
79 8547
17 8466
85 3016
65 3908
40 6908
77 7830
55 2670
68 3731
87 9161
27 9823
92 2177
79 4928
15 8553
12 8707
24 7659
93 4345
89 1196
61 7310
67 4283
92 5991
36 2398
25 2950
30 1155
90 9132
30 7079
87 9347
13 4794
63 7957
17 4754
19 6156
28 3092
20 1372
34 6535
30 8042
92 3561
86 4981
76 6397
55 5833
84 5113
79 1322
65 5255
92 3275
78 8744
94 6035
69 3276
70 5753
16 5743
72 9786
25 4192
43 4738
64 4444
43 7053
93 1880
30 9116
93 5361
15 3179
42 7197
75 6779
69 4558
49 9983
82 4636
72 6185
52 6027
29 4009
89 7748
29 2144
18 4737
71 9252
38 7093
36 4617
99 6930
87 3803
42 8102
30 1940
14 1624
73 1190
94 1165
49 9616
92 6809
72 9211
16 8393
78 5516
61 4660
67 1266
80 9055
53 4783
68 3161
100 7482
77 9688
34 6646
45 9677
17 3367
86 7056
47 6191
44 4534
34 8814
99 9538
56 8468
31 1069
98 7083
79 8117
23 2020
16 6603
21 7652
25 5897
15 1957
94 9199
100 1739
85 8739
80 6134
37 8472
29 9825
68 5487
48 3502
29 6112
48 1131
52 4815
21 6838
18 7038
77 8241
25 2247
32 1093
23 5052
78 4760
61 5152
98 4611
59 2946
63 5438
35 4861
25 8592
64 8771
38 5078
67 7361
37 6962
11 1955
25 8806
76 8186
22 2401
71 6486
76 2964
21 3712
50 1961
27 9324
76 3965
77 5817
12 7009
52 2554
44 6164
83 7881
33 5640
91 8712
77 2590
51 1480
97 4880
24 7966
44 8646
92 7986
77 7811
52 4134
78 3476
37 8807
68 1343
74 3530
56 1212
85 2369
11 3892
28 7317
100 2833
15 1245
70 5716
92 5205
85 5031
44 7847
62 5757
90 1145
99 4810
68 1079
19 9239
82 4445
81 8599
64 5060
86 8713
19 5251
33 9582
16 1050
59 1277
22 2817
76 5065
36 9009
79 5919
14 1470
73 6342
13 8196
48 8478
71 1765
60 8081
71 8108
35 9549
98 3591
42 8995
13 9482
56 6838
52 5852
52 3388
14 1890
91 5088
88 6164
21 1571
66 6690
34 3502
85 2277
71 5147
60 7665
82 3946
39 1846
52 2286
45 4736
24 7145
90 9103
17 9638
90 5158
43 9543
80 5461
83 8969
72 5750
72 6168
13 9815
19 1215
40 8997
32 4069
60 4558
32 3141
38 8852
85 7643
25 4263
73 9949
78 6798
35 3727
21 3721
27 9960
26 1824
98 6811
71 7892
84 3102
16 5877
23 1818
69 4128
32 5139
32 1998
61 5642
29 3077
68 8733
56 2541
26 7571
92 1623
42 4857
10 6681
25 3128
35 3431
26 7743
64 4217
68 6441
44 1122
14 5745
71 3756
12 5209
44 7680
10 6429
47 8830
96 9560
20 9327
81 7695
26 5031
57 6289
30 8132
84 3945
29 2666
62 7143
12 7428
33 6523
87 7713
14 1610
80 9066
31 4410
36 4527
71 3783
88 8116
44 3324
47 7676
87 9038
45 3316
47 9306
79 2607
21 3666
46 7987
71 6551
13 5935
15 6764
39 5569
100 6694
36 2372
34 8795
48 5790
58 6262
40 7995
31 9453
64 8213
11 3327
56 3997
69 2752
72 7156
10 3255
100 8245
86 2750
26 8283
45 1728
61 3188
15 6616
29 1247
27 2658
55 8351
49 9653
34 1477
93 4528
26 1031
79 7639
19 7682
12 2731
68 9472
30 8888
74 2519
22 8644
74 4712
71 4500
50 2579
67 5530
65 6186
57 2721
51 4694
19 9174
20 3473
91 8619
72 3369
61 9990
77 4471
90 4617
93 4024
81 9128
54 6657
16 7758
79 5616
83 6952
53 7860
30 9987
91 7820
61 8301
27 1683
80 8929
54 9473
87 8834
37 3158
56 8022
43 1635
23 4312
65 9889
64 1257
26 3182
97 4087
65 9945
65 8340
25 1709
32 4178
74 7394
69 3130
69 8074
96 8835
81 7046
41 5139
29 8551
32 9292
22 9597
41 2645
26 9815
31 1545
67 4000
89 3260
50 1055
22 8743
55 4837
75 4162
83 9773
57 3804
59 2470
76 4078
12 8079
62 9590
40 8068
86 7188
13 9483
52 7733
74 8527
40 2194
28 4528
40 2691
81 7997
98 7232
87 4595
55 2471
42 4018
95 3922
45 1220
92 2791
28 7701
89 3337
67 9565
83 5851
73 7621
74 7518
34 5382
74 7709
31 5786
33 6760
58 3198
35 1842
82 5044
75 6347
92 9093
83 1820
11 2431
50 1400
81 3918
71 5928
21 9866
31 4719
80 4891
31 1789
94 7561
68 3392
29 1301
61 6989
33 6728
39 4909
72 3127
16 7741
80 2413
17 4540
75 9726
46 7625
94 7346
17 2311
80 5167
16 4116
80 9231
43 8013
67 9039
65 2849
46 1477
100 7934
42 1557
36 3641
76 7742
12 2067
84 1191
18 8012
51 3699
69 4445
42 5036
44 7975
40 6825
32 8968
67 3712
70 5916
65 8239
88 9937
93 7182
94 5381
45 5991
21 8412
15 7868
16 5545
59 5152
86 6048
73 8613
53 8601
71 2008
62 2716
41 7051
86 9683
27 5035
11 6451
52 7820
12 1778
76 4517
69 4634
100 5853
12 7804
42 9889
31 7810
77 9669
78 3001
21 3855
35 3081
55 8032
99 2463
89 8481
38 9942
20 3829
15 6317
80 5552
20 9182
85 3195
92 4305
13 3947
16 9556
67 1275
78 8936
61 6588
66 2784
62 9015
75 6269
23 9235
78 9310
18 4746
18 1189
16 6840
18 1770
50 7113
66 5504
92 1107
63 8200
10 6332
29 2666
27 2425
80 3740
24 2979
86 4749
72 5546
75 5061
12 9851
41 8768
47 4787
42 1570
74 2203
65 5314
30 1904
86 8780
80 2126
23 6426
91 7842
28 2350
20 6295
14 2569
82 3637
10 3153
75 9115
77 1041
65 4389
83 7382
54 1200
28 7304
75 9930
45 5604
20 3380
96 9970
57 6554
97 4261
96 3934
77 3743
100 9186
91 1791
34 4235
26 7176
65 8848
75 9238
39 3474
51 7932
85 3997
93 3950
21 8159
37 3510
50 1683
66 2903
16 7345
16 3579
75 6749
20 1917
27 4216
78 1189
25 4153
88 7107
58 7261
27 2125
96 1113
55 5833
52 7142
53 2686
35 1894
55 1839
77 1307
25 3571
88 9743
31 3691
27 7153
24 6678
20 6127
49 9589
74 3410
100 6991
57 6339
99 2964
87 5715
91 9799
80 9744
40 6441
65 4473
25 8412
80 2315
96 1785
59 8922
13 7396
25 4882
22 9009
47 7009
13 6515
23 8048
60 6320
61 1117
20 7903
17 8741
41 8448
20 5275
45 4827
17 9298
91 8840
48 9378
21 4712
17 9725
99 9597
90 4680
45 7703
66 6442
95 6036
87 9267
85 1898
39 4217
100 3783
16 9256
19 7075
14 3758
73 3734
54 1917
81 8977
75 5317
51 6878
33 3301
52 1021
68 3030
45 5503
89 9309
36 2418
68 8752
40 3450
21 6835
87 5848
89 4667
58 8193
52 8714
34 3289
52 4809
56 6753
26 6049
71 3986
30 6745
57 5539
47 9625
49 9249
50 5265
77 8051
87 4106
41 9447
46 6943
20 5289
98 7144
14 1211
28 6697
64 2755
17 7298
98 7799
91 6889
26 2050
73 1315
50 8246
22 1517
42 2729
53 3511
24 5434
35 6583
17 2730
60 8674
88 9505
100 4089
59 1706
94 5583
38 4073
32 4951
74 6380
90 9146
91 2938
84 3360
14 9065
62 2555
55 2173
12 6826
16 1470
74 5298
19 7312
46 5749
23 4156
82 2384
14 1287
45 8938
100 2037
49 3459
63 2420
10 4160
43 8172
68 9252
42 3978
64 9738
15 1806
74 9540
19 4889
12 9376
45 7825
68 1164
41 2014
83 9137
33 4725
58 8537
58 7740
42 9317
90 3013
31 6249
91 9403
97 3980
91 7181
13 5403
36 3809
94 9611
49 3719
51 1705
42 4766
45 8358
12 9515
56 5571
28 8487
55 7046
36 8427
69 3118
16 9168
15 9371
27 6476
36 9603
11 5912
28 4319
49 3275
35 7047
15 9422
87 3784
30 2025
94 3294
95 8143
68 3423
91 2044
65 1158
16 4269
23 5031
43 4999
88 7964
70 1028
40 1045
50 7766
81 3972
38 1408
81 8936
41 6785
94 9154
69 3503
69 8431
34 3349
10 2214
48 4017
87 4766
44 5854
18 4760
18 2005
100 6754
48 8489
73 3905
55 1290
80 7577
36 5307
35 5373
76 1932
47 5345
77 7194
28 4695
69 4989
42 6795
98 3952
28 6835
15 1507
20 1142
14 1934
81 8189
96 8096
37 4115
16 1830
22 6185
43 5728
39 2913
69 8025
50 1820
77 8910
39 4892
51 3195
13 5316
32 9239
75 6747
27 2313
14 8225
94 3999
33 7977
26 3199
19 3957
84 6977
22 6441
52 5934
97 1353
17 3558
35 4005
42 9223
60 5791
89 9434
20 5341
41 8125
23 8654
45 2407
18 3945
58 8356
16 7352
62 8998
69 7627
84 8215
65 6517
36 9819
23 9429
60 7261
12 6707
57 2774
54 1021
20 8707
69 5730
32 3372
73 3454
73 4134
30 8622
92 1400
40 5997
73 8573
20 4705
30 8623
79 6370
83 6079
32 7172
80 8874
32 8177
22 3735
90 1373
79 1720
96 9745
16 7574
100 2416
56 2414
32 5326
76 2157
13 9421
54 8103
14 6449
87 8226
85 7396
31 5146
45 1541
22 7808
38 1808
46 3322
58 6063
62 1934
38 1816
52 4987
18 5828
18 2243
40 8959
31 9198
66 2065
39 8841
82 5754
14 7082
99 1842
80 2899
99 2011
39 1044
10 9118
76 7095
75 4625
81 8778
46 5816
53 1236
25 2326
75 4726
53 7512
48 5634
100 4174
64 2352
49 9079
47 2420
93 7038
19 8722
90 4860
88 8997
89 8940
48 5143
89 1119
78 7118
48 8274
63 1850
90 1038
82 9117
83 4273
72 6058
38 1677
45 8947
42 9902
67 7131
52 3656
29 1315
92 7946
17 8989
89 9754
41 4263
58 4782
55 9325
81 7860
80 6799
93 6509
48 7764
66 1580
93 4177
33 4286
10 4516
70 3841
77 3258
55 7019
70 4426
78 7756
58 8587
15 9424
59 8210
80 8668
35 5266
30 3603
65 7103
36 7649
49 7303
17 5671
72 8176
96 2417
61 1406
52 4729
51 2868
81 5303
57 7531
98 6787
20 8620
91 7160
52 9688
87 6522
62 8854
89 8969
56 5554
14 3989
48 9474
51 4443
86 4479
56 1597
31 6204
87 5238
72 6413
45 3157
83 2683
54 2671
16 1925
56 9461
34 2867
16 8087
33 3887
40 6258
56 1641
18 3942
79 9275
17 8828
41 4393
46 7974
86 2606
68 9662
79 4992
88 6796
98 1585
24 2278
26 6938
98 9584
59 1961
98 5795
74 9342
100 5244
100 4383
11 1567
60 4046
14 9543
33 2261
97 4930
12 8723
78 7917
14 4647
80 3961
96 5337
65 1081
10 3227
58 8574
35 2350
60 6455
91 3690
20 4149
65 5638
87 7923
85 7000
19 8550
80 5311
18 6597
93 3816
93 8331
97 9369
67 4033
28 6358
55 1330
100 2145
88 8003
93 6859
97 3617
99 2865
37 4167
23 9196
31 8490
33 6949
67 7465
71 4629
69 4897
34 9393
28 9017
19 7224
88 3756
75 5185
39 6198
70 7756
68 4527
18 7268
47 8674
82 6808
17 3009
86 8809
72 4145
25 8548
15 5910
22 6030
39 8666
11 6860
58 8964
86 3191
33 5733
18 6521
69 4630
55 9774
54 2797
82 6901
40 2296
89 9968
73 6226
67 9244
43 5295
46 8177
42 2487
13 5672
55 4856
87 4950
90 6482
87 8030
82 8168
89 8616
52 8772
39 7537
100 6206
75 3873
90 2235
27 7217
71 5964
14 9161
91 7991
24 7964
49 4810
27 3406
61 5846
35 2261
28 8353
40 9478
11 2465
64 3557
24 5231
16 7874
95 2051
37 8971
33 4342
79 1233
43 3728
96 6654
87 4732
34 2063
30 4617
40 3556
24 2413
66 7836
63 9818
70 1855
18 1200
35 3457
19 6148
65 2661
11 9325
17 3671
96 4886
36 3352
88 7002
53 6493
13 3763
78 4028
78 5138
69 1054
91 6871
72 5187
29 8871
22 8528
73 3018
23 4988
50 2104
82 7493
94 8977
64 9945
45 3860
67 3773
78 8340
78 4130
32 3369
98 5813
38 9849
54 3165
52 8174
90 5025
71 8269
79 4980
63 4610
99 8359
74 1079
28 5752
20 4111
48 3739
32 9742
94 2439
85 2693
60 6953
87 7301
60 4869
44 9780
84 3972
13 7307
56 4636
76 9197
64 2249
58 7215
47 6231
41 3176
56 1724
72 8948
21 8891
80 1981
96 8274
23 2738
21 6959
82 3847
22 6917
100 2907
31 4118
44 8632
92 9847
34 1562
86 2132
62 7463
86 4732
39 8567
92 3835
35 1410
53 8035
93 5852
54 3290
79 1760
61 7136
97 2685
91 9482
27 7164
75 5371
29 8490
43 2877
30 5342
93 5025
83 5751
75 6735
13 7982
73 8146
54 3071
91 5524
98 9260
23 6480
90 1498
16 3132
24 2240
35 6191
81 9463
35 4524
100 5176
14 7346
17 5854
45 9997
43 9283
38 2626
52 5930
88 9636
89 4181
96 6173
63 9573
22 2735
10 9229
27 5749
85 3531
72 5085
80 6478
90 4413
19 9087
79 9540
72 5372
20 8886
99 3271
44 4366
96 1325
93 9647
68 9037
56 5137
20 7929
98 2093
45 1690
20 8364
83 6486
20 5547
47 2634
13 9433
13 4825
82 5282
41 9657
100 5544
75 5095
36 2772
76 7723
82 1720
78 9019
44 8587
57 6624
100 6532
45 7567
52 8181
33 6608
44 3959
82 9987
27 9405
49 4095
77 1725
14 3371
60 8823
22 8725
32 6890
53 1686
83 9583
36 3783
69 3825
33 3357
53 6717
53 9711
94 4483
21 6643
63 6221
97 3691
79 3496
54 1494
32 7841
58 8160
94 8020
56 8068
57 1688
27 6530
61 6785
92 4916
65 4185
34 5232
25 5996
49 4441
57 9537
70 1811
45 7221
100 1362
17 9577
55 9183
55 5287
52 8575
31 2186
20 9084
71 7325
95 4099
93 8232
25 5122
10 4488
18 7794
46 6605
96 6251
42 8513
23 3540
30 7687
100 1556
90 3430
87 8547
79 9226
100 2976
22 7684
35 3756
78 5998
28 4534
51 1016
81 8979
14 6245
23 1003
50 3409
54 4583
29 3752
25 8105
56 1601
93 3002
40 2954
34 6242
41 7192
71 3478
92 2314
49 2391
56 3582
98 8997
72 1813
39 2511
88 6656
98 1288
82 7307
64 2101
55 1727
63 5567
22 4733
95 3078
25 4909
70 1267
30 2644
97 7164
67 4379
22 9578
25 5722
34 5557
34 9657
82 5411
76 1276
72 1534
71 8592
49 4929
23 1899
33 4096
80 5165
74 1649
61 3833
10 2806
85 8111
94 5757
98 5031
13 2108
59 2445
32 6979
53 8968
92 6828
53 7311
15 7157
69 3772
58 4692
58 5147
21 4983
52 7743
43 1520
46 9297
62 4727
26 8083
89 1148
99 3800
60 6669
53 9788
44 9480
21 2136
61 7369
55 5147
62 3163
23 3290
58 4097
96 9021
16 7699
62 3664
39 3111
74 6422
100 4276
16 8317
99 6635
98 5849
13 5489
12 1206
87 8786
51 6546
56 1484
28 9896
63 6243
34 1836
50 7344
47 8586
83 7791
46 4292
11 9225
75 3232
82 4203
41 9695
89 4808
45 4948
79 6619
95 7975
88 6281
43 3400
80 6219
25 3886
43 7413
72 6571
49 7941
79 9281
93 9422
40 5390
19 9102
54 1459
100 5951
32 3869
46 3804
57 6522
49 2398
81 5856
28 8311
55 2446
96 8809
69 8586
87 8645
49 4562
87 9524
64 5339
73 4832
41 9426
91 5503
66 6110
56 3343
30 4192
73 4552
28 8867
87 6364
82 7379
49 4153
29 1786
46 8698
73 2792
43 8431
20 8761
29 6246
64 7423
90 2934
88 6033
72 7862
11 8164
41 8604
38 8698
59 6666
17 1233
21 3223
79 4647
45 8617
27 3213
93 9016
42 3161
62 6034
80 3337
46 2888
87 3109
21 9400
48 3758
35 5867
87 9220
69 1673
37 6532
13 1200
28 5738
52 5713
29 3811
26 9039
83 1148
47 5960
17 6849
34 4821
21 3435
15 8703
94 7073
15 9886
56 3284
96 4926
10 3525
93 6065
95 5154
95 7505
17 6848
94 2592
57 1804
75 9738
87 7498
82 1939
78 7540
58 4275
79 8911
54 6174
75 6162
49 8233
81 8419
91 8007
59 9362
62 9572
88 8753
37 6388
20 6556
25 7279
75 1223
79 3863
46 7299
67 1760
72 1491
70 9205
43 2991
38 5298
41 7277
85 8258
17 2349
15 6729
31 8345
55 9717
45 3872
91 4131
42 8222
71 2520
59 3731
35 4424
85 2214
80 8395
20 4641
99 3125
43 5742
10 8429
47 8853
46 7660
35 5857
82 9343
23 2129
16 4522
15 6675
66 7702
23 2440
63 7604
44 6374
35 7295
91 8469
16 8953
69 5390
74 9497
56 2170
15 5638
99 8851
10 2123
63 2769
92 9003
70 8391
83 6027
96 4134
88 9666
87 4363
55 7086
89 7800
16 3932
99 2151
71 6503
50 7238
27 2265
54 4708
96 1076
67 1184
50 1455
49 2286
91 9230
17 7461
20 8203
16 3255
11 1371
62 1813
70 8725
51 3413
69 3993
63 4773
13 2939
27 9653
20 2393
17 5236
89 2188
49 1410
52 7531
58 7443
24 8010
15 6507
54 4111
64 3798
70 2012
95 6663
68 8756
52 5339
68 1299
51 1562
57 3622
63 8477
39 4362
27 1995
98 5216
23 9027
79 7053
35 5798
60 4316
99 7498
20 4374
59 7589
12 4677
18 5327
54 1108
96 3637
65 3643
75 9946
92 8917
21 7388
99 4242
46 8524
78 4162
60 5203
91 6303
14 2543
97 3804
28 3109
26 9206
38 2355
41 1394
55 5622
82 1063
94 8133
60 1561
61 7102
32 6425
28 4614
85 3510
26 1482
40 4097
71 8429
12 6966
86 4662
14 6090
50 7361
98 7471
87 9744
55 8888
51 4363
16 9325
17 1391
75 8375
63 7287
28 7682
35 5550
47 2789
51 5573
28 6235
38 7562
87 5510
89 4568
24 5844
30 2941
60 5136
92 4285
72 2775
67 6145
60 3315
46 6915
70 9809
86 4871
41 3911
23 4320
38 1832
13 5228
70 5653
51 3727
18 7886
61 7876
51 2112
74 5479
52 1456
57 7855
46 3519
30 9483
43 2657
27 6429
68 4551
26 7575
72 1131
41 1953
99 6384
35 7933
67 5563
60 9271
47 8734
94 9268
95 8568
35 8623
96 9891
93 9889
24 1843
98 5772
56 3762
49 6341
23 9580
91 5924
70 4911
14 5115
80 4691
49 3895
94 2140
79 4524
56 9714
93 7713
66 8821
24 1578
52 4134
76 6455
90 2210
98 9990
11 8236
41 3945
69 7036
14 2495
14 1314
65 1764
26 4961
45 5703
10 3869
39 9381
71 2163
82 5389
17 4178
87 1018
17 7288
83 8520
64 1436
19 1121
35 9447
73 9169
99 6369
85 1859
17 5508
56 4541
56 2990
21 8900
91 6746
67 8085
39 5680
80 4563
55 2639
65 5137
76 2595
51 3177
53 2881
43 2473
71 1131
66 5374
12 4031
87 4921
47 7970
20 9424
83 4120
84 6033
66 4183
94 8107
15 3746
76 3152
69 8365
33 8105
83 4019
43 1975
99 6456
36 7736
40 6608
60 5488
68 8304
58 1993
94 4862
66 6899
74 3268
19 2226
41 5895
79 6446
47 4228
55 5214
99 6506
74 1342
86 6054
47 7766
59 8354
100 6555
10 8007
59 5726
79 9395
51 2397
36 9322
98 1562
69 4591
48 5928
77 9493
65 1092
30 2484
80 4630
70 8633
27 7381
57 8403
15 9169
52 5062
32 7633
44 6592
18 1048
58 5203
45 6364
16 4759
39 9334
23 2138
39 2277
77 5016
88 9382
86 3248
20 5466
52 5751
25 4828
99 3272
72 8250
100 2474
44 6508
33 2887
61 5503
91 3915
93 4243
35 8823
24 3631
77 3538
57 9517
69 2716
90 4140
12 8435
82 5949
74 5344
65 2512
74 8599
51 5445
33 9593
66 7406
84 7040
71 9748
86 2377
72 2233
46 2680
59 6467
75 3176
35 7015
43 9704
96 4467
11 2914
20 1315
15 2210
22 4235
49 6214
53 1602
23 7800
18 2227
18 2443
89 4280
61 5403
10 1634
12 5776
88 8211
81 9628
77 5871
53 8821
91 5276
93 3419
36 1259
12 8437
24 4219
66 4879
41 4521
81 6392
78 4609
28 3126
93 9036
12 3428
23 2697
16 6867
35 8504
58 4886
12 9783
80 2008
55 7783
96 4190
87 7342
61 1148
46 1188
53 7440
96 3414
90 1510
65 4066
28 1456
82 5294
67 9955
83 7958
46 1064
41 8651
51 4145
17 2130
56 4774
66 8225
54 3849
47 5465
66 5658
24 3843
86 6357
75 6247
95 4673
40 5728
38 7291
50 9207
31 3079
75 2987
90 1329
36 9263
11 5572
66 3258
39 5328
25 9675
85 3211
71 5407
17 7553
30 3233
11 4137
40 9731
56 3347
10 8290
29 3328
55 5782
17 1477
74 3985
67 9677
42 2668
74 2206
21 1639
93 2333
93 2548
65 9302
18 6315
99 2964
97 4873
36 3670
10 5509
82 7037
38 2214
46 5697
73 4380
52 9393
86 3503
35 9481
35 1289
96 4258
92 5584
55 2387
87 4714
96 9880
11 2869
94 3561
49 6253
64 1726
63 8445
38 6841
15 4186
15 8854
14 6015
78 3713
98 1243
25 6059
74 8109
36 8896
68 4752
43 1497
79 8214
45 3053
72 3851
77 2056
92 1335
58 6203
63 7389
50 6394
23 3197
56 2551
72 1942
37 7836
74 5936
11 6278
92 5643
16 9283
66 7519
52 1825
36 5549
27 4074
70 9722
51 6280
85 5776
38 3026
71 6835
70 1015
99 8486
41 2664
17 2207
22 6367
78 9341
28 8619
17 6533
13 5362
50 5729
31 6739
89 3070
71 9797
58 4188
46 3169
81 2555
76 2750
69 5281
35 2639
46 9489
15 9750
51 4914
95 7411
35 3671
11 6588
94 3048
64 8441
26 9850
73 9467
91 8883
76 2690
99 5211
96 2586
46 7009
76 6291
75 3109
10 5568
16 7645
31 7495
74 5650
29 4439
13 2411
93 3487
73 5787
35 4110
16 4231
83 4625
45 7044
13 7155
30 1751
12 1861
15 4207
51 7597
52 6659
34 5751
62 1318
65 7128
70 4468
69 1289
74 8003
12 7616
60 9289
62 2659
94 1763
59 7084
54 3689
23 4265
63 6324
67 2034
89 2210
74 2930
25 4740
88 5282
43 1815
35 8775
94 2796
69 1849
11 4063
66 6768
42 6387
25 3110
37 7928
13 9477
76 3170
92 2551
92 3146
39 1815
45 1545
98 3016
87 6549
68 3402
33 7334
77 5188
11 9432
28 7107
42 7826
76 4030
77 7145
96 2295
74 3466
79 5834
39 7826
43 6322
38 4479
98 8494
30 6408
52 5875
45 5058
70 6693
31 9950
10 1076
28 3513
34 8183
81 6995
32 3006
29 1372
91 2375
83 8601
38 9662
43 7610
92 8522
64 6290
72 3495
42 6164
93 9163
45 2066
58 1464
88 4201
39 2705
39 4378
63 2872
100 2349
99 7302
67 5263
17 2359
46 8736
50 6915
46 5176
58 8822
36 3025
94 8884
29 4363
25 3765
78 6094
53 2271
75 2669
75 4899
16 3372
23 7294
33 8145
70 9705
81 6247
64 5683
91 7058
76 3132
14 5280
28 4932
90 8504
68 4410
83 2978
63 3827
36 9223
64 4245
40 2890
80 8425
48 4195
39 8890
55 6239
82 7529
50 8698
72 8866
13 3962
37 4115
29 2389
99 4142
66 9709
75 8544
29 5073
23 1087
84 3027
61 6084
48 8710
65 2694
51 6128
19 9012
84 2000
54 8974
81 7026
21 2299
82 2792
45 1271
63 6930
64 7461
93 8032
95 6658
39 7550
12 6870
38 4836
26 2024
97 9381
65 7364
72 6985
87 4852
50 9004
45 3832
73 4053
52 7953
100 9923
32 7119
71 1771
98 7635
79 3883
79 2327
48 8413
82 5498
67 5108
42 5390
46 2602
66 3206
74 7353
95 6957
83 7147
70 5343
42 9311
47 9224
46 9352
91 4044
67 2066
41 4928
20 8981
16 7783
85 6075
61 5413
34 6676
28 6440
25 9844
42 2033
21 9380
15 4845
44 2957
75 3444
23 6783
35 7465
28 1761
64 3536
83 4360
47 4146
87 7309
91 4975
85 7120
58 8781
26 4819
82 8695
86 5708
77 9365
68 2766
29 2850
88 7753
25 8078
23 7023
69 4468
21 4061
21 8287
93 4761
63 2038
14 8809
55 4138
25 2351
10 6384
30 5985
18 3949
11 1432
60 4577
66 4040
70 5116
94 8160
78 2605
18 4271
72 8299
55 1139
23 2231
10 9841
70 8519
58 8368
80 2229
95 8965
13 2686
94 3227
35 6321
66 5759
25 1297
23 4371
32 7573
21 5281
48 8447
57 8483
32 9948
61 8283
30 4785
90 1085
38 8850
16 3591
76 1248
99 4608
12 3240
96 4718
11 5872
13 7681
96 8989
67 7526
51 8451
78 7918
43 8140
78 3517
78 1376
13 4335
81 2328
17 5152
40 3953
30 5511
51 4466
72 4885
25 9408
63 3270
45 4522
20 7502
32 4322
50 9981
19 5620
26 4571
19 8273
85 3092
69 4082
36 7130
49 3422
87 7989
58 6359
65 5036
23 5307
71 2716
12 5557
37 7362
92 7752
12 4783
90 7826
76 9462
25 4947
65 7851
87 1002
52 4337
22 3875
16 7850
71 6952
42 7063
58 6020
22 4445
36 9684
33 4869
84 8545
39 8417
41 8967
30 9826
55 4724
39 6974
84 1060
99 9338
43 1207
65 1491
77 1360
37 8826
47 8074
16 2430
13 4205
79 3989
10 1689
68 5293
92 8311
42 2188
98 6266
94 3476
25 2279
18 2987
29 8194
38 9565
38 4734
48 8105
44 1790
82 7063
25 1906
47 1166
68 4887
57 9925
60 3999
26 9130
18 5419
11 5290
51 9751
19 3608
40 5293
99 7246
46 2680
64 6578
46 8272
71 2447
28 5393
40 6508
98 2259
28 5186
85 7553
81 6187
73 4168
62 9167
67 8389
89 3498
30 5486
29 1564
40 6123
50 3812
40 1163
75 6727
73 7352
45 7165
45 3708
21 9000
27 2950
59 7891
51 3304
100 6760
65 5733
73 4084
80 2195
87 2836
45 1579
29 7604
89 6670
24 5937
62 5433
23 2624
82 7399
50 7388
40 5984
68 9784
62 4856
31 5656
17 1395
81 2840
67 9762
49 2039
88 5213
42 7610
48 7831
55 9949
81 2496
70 1088
100 1661
52 8353
14 2040
29 3626
56 7738
15 7716
32 9471
23 5132
63 3124
73 2390
48 3383
18 3135
84 4488
34 9899
62 2755
53 2764
46 6704
78 7611
95 1249
75 7644
47 2107
34 2334
64 9781
35 4518
87 3624
38 3875
19 1517
53 7158
21 5636
45 7238
31 3492
40 7375
93 4916
88 6142
76 1683
19 3539
44 7328
63 6332
64 6408
63 5068
56 1796
39 3620
15 6278
54 8679
60 8978
42 7892
32 2897
46 4001
22 9858
92 1911
94 6212
68 6118
16 8596
40 9082
22 5309
72 9692
64 9439
72 3998
16 8963
36 6997
71 5635
76 6941
65 9395
89 3124
53 8115
27 9928
88 3802
50 4936
46 3325
30 4263
92 5498
41 9638
74 8246
12 1678
24 7426
91 6714
32 1703
35 3199
48 4570
36 4450
72 5364
14 9480
90 6738
79 1690
42 9751
88 2189
29 2698
38 7056
55 4399
30 7205
48 7986
69 9744
92 8914
17 7307
32 5852
64 3312
61 5496
93 2454
61 3249
99 7763
29 9299
63 8980
97 9526
88 8330
96 5773
60 9488
56 7182
17 7425
81 8168
53 7047
34 3429
80 1526
83 6881
27 8716
71 4645
49 7374
96 5257
16 7331
34 7406
43 1282
25 1881
54 9378
29 4934
44 5664
19 2780
47 7842
41 8907
31 1517
76 7782
16 4653
33 3716
97 9513
89 4058
99 2432
45 4854
49 6179
58 8254
87 8204
83 8277
85 1895
47 3245
17 7297
26 6718
42 6650
19 8647
76 3849
21 7292
24 9630
64 4405
46 8095
75 9819
54 4120
98 7777
15 8210
34 9367
77 3282
51 7399
41 2983
87 1927
34 9491
76 5669
84 2387
86 5327
90 4654
43 1565
54 3263
68 9007
77 3496
60 3226
38 5031
48 8724
23 5595
96 6119
78 5241
65 4806
98 7636
57 5084
30 2997
95 7271
61 3080
22 6701
91 2744
20 4609
76 4880
75 8920
12 8534
33 1539
24 4797
24 7969
72 5093
39 7271
86 6728
67 2247
60 9117
75 9283
76 3497
92 3183
28 1932
15 8475
65 5508
97 4457
38 4790
100 7378
13 6564
27 8171
71 7405
46 6529
56 9246
35 9253
26 5496
97 7602
64 6934
66 4239
11 7432
95 3400
95 1927
17 5269
31 7702
33 1040
92 8552
45 2767
42 8049
53 7912
26 9888
95 6813
51 9052
28 6007
13 7732
84 4581
56 1547
46 6787
35 7649
59 4258
93 9334
90 1817
50 9172
15 7981
83 7181
19 6763
78 4440
41 9295
77 3148
89 9106
32 2068
24 6095
60 2403
87 4892
23 8934
94 2994
69 2088
79 9949
94 9245
73 3845
68 6934
68 9685
32 1660
24 9290
28 3168
72 4593
83 4247
29 7104
89 2418
51 3794
81 9931
18 9968
44 6618
77 7833
10 7841
33 3313
18 5520
13 5325
30 7064
54 9694
16 9067
88 7106
48 4320
81 5564
36 7983
20 5619
93 4075
60 4118
37 5180
41 4137
58 4802
20 1070
17 6540
76 5906
92 5598
18 4821
93 2437
47 1312
53 4004
43 6280
47 8396
76 7583
90 4215
66 2345
27 1602
12 4537
96 1392
25 2403
68 5409
44 9413
86 5214
63 5310
78 7032
48 8879
88 9382
64 6340
78 4909
65 3987
39 1686
15 2101
74 3181
97 9865
10 6207
71 8257
24 5764
99 7141
82 9293
98 7736
91 2394
87 5053
94 3230
72 1382
10 5249
32 6855
93 8286
78 7253
66 5370
56 8656
69 3651
57 7082
57 4289
68 1401
47 6245
39 4248
90 8678
31 2541
21 2297
56 5856
91 6844
78 4471
58 4516
60 8691
14 1717
44 8314
88 8605
73 1942
69 9928
87 4706
81 7185
95 4229
89 6916
47 7265
89 7277
29 7219
99 1483
46 5384
94 7043
100 3180
28 4599
56 9385
44 3004
98 5175
13 4433
56 4413
24 3750
22 9280
77 8869
30 9897
86 4229
42 5755
88 3306
39 9383
20 2787
26 2580
77 4189
35 8471
57 2374
77 7318
41 7628
63 1786
22 3884
97 2228
85 1097
80 8419
94 8582
73 8278
81 9934
12 8493
33 4877
79 9423
24 9728
80 3305
77 4836
30 4853
58 5058
82 3685
17 1946
41 2841
83 3448
28 5452
40 9056
66 2317
95 7812
81 7078
20 8867
25 6307
79 4361
75 1960
47 8838
44 3937
21 4609
81 8317
91 9136
26 1846
16 8327
82 7450
65 6248
32 4870
68 8202
43 1107
89 8160
21 8814
17 1340
94 6592
31 8194
20 3143
31 8531
43 1693
26 9607
83 1181
35 2974
85 1883
93 7171
94 5128
56 1406
43 3748
99 5056
71 6044
36 8991
58 7263
88 3454
35 5701
92 5344
84 1045
58 7226
28 2701
49 2403
70 5468
42 9397
47 3759
21 4748
32 8051
35 4573
32 4837
97 7797
47 2873
80 7915
35 7791
74 4324
21 7542
49 4799
93 1072
39 8422
80 8257
73 9457
79 4815
77 7254
15 4296
59 6028
63 1307
40 8385
38 5599
50 4319
58 2033
77 2223
32 4260
86 6784
96 4442
38 7103
79 3736
34 2447
34 3153
81 5618
20 3822
95 9892
63 7638
30 9462
79 9433
21 3263
19 3347
32 7211
99 5913
10 5411
16 7646
13 7757
26 6448
66 1989
16 1500
78 6146
28 4708
51 3662
80 8366
33 3150
39 2061
83 5846
66 3315
87 8025
23 8981
24 6396
21 7460
15 7301
52 2110
17 8371
99 9746
22 5772
50 5490
91 7973
33 9358
35 1969
21 2163
63 6272
10 4517
59 3700
14 9328
10 3101
92 7254
25 8913
100 1662
79 5711
31 8571
61 6505
45 5369
66 6081
58 7227
100 5265
54 1797
100 4046
94 1219
56 5865
42 4771
67 6078
94 7355
56 9080
91 8126
40 2717
92 8897
46 8253
70 7026
18 3552
65 4422
25 3221
51 4086
78 6817
71 6777
63 1094
50 8919
12 7686
94 9559
27 6995
21 7952
57 2840
25 7348
43 6491
70 9641
100 8416
17 7464
46 7644
98 6711
14 9494
54 3470
34 7371
37 2567
38 8831
69 3089
59 8793
80 8057
41 6624
19 7098
89 5564
18 5287
69 5974
31 4228
19 9612
22 7492
73 6493
66 9791
12 1776
97 6090
32 7735
75 6591
29 8535
92 1304
37 6675
89 4393
47 1550
69 5850
64 7084
38 9132
94 6747
74 9028
30 1798
13 7287
90 4733
76 3926
93 7733
96 5892
10 1271
99 5353
39 3774
73 1584
55 8657
90 5310
65 8374
68 3290
46 6891
71 1860
87 2139
66 1990
60 8315
71 6830
84 1966
12 9922
44 6725
67 6027
11 1840
23 1173
61 7954
93 3393
34 8477
64 4557
70 2012
48 3163
98 8831
25 3279
69 6572
79 6097
27 6968
46 3375
100 3125
56 2713
57 1601
10 8729
50 1319
83 7068
85 9574
100 4556
70 9847
30 8730
78 4277
58 9812
19 4644
91 7528
94 3550
27 4092
48 8582
100 3558
48 8145
67 9098
19 7350
61 7716
12 7572
50 4155
96 2748
91 1615
25 3630
38 7803
72 2251
28 3229
35 7544
99 7944
65 6015
34 7602
83 8046
60 8510
34 1525
40 9172
38 2809
94 1283
53 5916
19 6761
34 3326
68 8245
81 3555
44 6607
51 1665
11 4396
37 1480
31 2096
12 9762
36 6231
84 9386
11 3297
50 2193
59 6727
49 1050
98 2265
78 7005
45 5839
80 1650
65 7778
26 2946
65 4519
44 5599
47 2378
65 2248
89 6282
17 5887
81 3419
21 7126
44 2167
62 9067
31 8163
30 7260
71 8202
66 4184
25 1305
38 4074
72 5917
23 7969
67 1398
30 7827
33 3441
19 1510
68 2412
69 8712
81 6377
61 5142
31 3864
44 2902
54 3575
92 2384
70 2141
39 2226
87 6942
40 7063
64 7646
49 5065
90 1584
40 2852
30 7902
24 4950
80 1891
75 9060
11 7891
65 6850
28 8767
49 7156
14 3050
68 3541
27 7563
98 5251
19 7026
17 5012
98 4305
77 9721
33 3311
41 6053
36 3284
44 3332
10 7945
28 1304
92 9150
67 6559
11 3937
84 6695
80 6745
53 6253
68 8705
43 6262
40 4489
54 6151
71 2663
85 4017
41 3839
21 7229
95 2274
33 6709
76 1940
21 6553
12 1771
88 3009
84 8959
82 4205
40 8425
47 4689
76 9747
12 9270
12 5098
66 4419
32 3045
55 1611
94 2835
22 1898
26 2318
45 4207
62 2035
19 5553
91 9982
45 7983
19 2182
45 5882
86 4230
48 1563
41 5619
73 7556
55 8824
58 2666
85 9413
13 6869
61 7585
81 2867
45 1858
91 7975
10 5585
29 2110
80 4416
31 6706
90 5242
77 1079
47 6353
89 6515
70 5317
84 8848
88 3982
24 3325
36 6015
73 9288
43 1821
71 4541
39 7964
98 6932
68 7707
23 2304
70 1904
67 5223
37 9561
21 8925
45 5414
63 9995
16 3249
46 9496
60 3480
24 3083
47 1396
63 3545
79 9124
65 9280
82 7747
15 9644
93 3937
89 8815
33 6187
27 7030
22 9989
55 5838
97 5813
48 9430
20 5175
40 8208
97 7018
96 8190
77 9271
32 5656
29 9344
50 5837
60 7071
37 2308
26 1429
63 9651
21 4011
89 8957
49 4785
22 2635
59 1611
40 4066
18 8177
19 2923
18 8297
54 4551
92 3195
98 9343
23 8186
28 9692
44 5371
41 2612
43 7320
60 2585
85 2315
58 7089
62 6386
72 9094
29 6563
87 4951
37 8077
98 6252
52 3421
64 3415
49 9918
85 3083
34 9849
20 9526
75 5949
46 1060
48 5257
15 5475
87 9320
55 2331
83 7804
26 5373
21 4088
50 1046
22 6408
18 3775
33 4642
77 8152
12 1520
23 2693
44 4746
59 6240
55 6874
21 4937
56 8239
39 4085
45 1535
78 3355
61 1538
91 2034
32 6075
74 3657
81 3874
33 5440
28 5931
36 9161
96 6340
19 5274
84 6916
96 9740
94 8714
12 9816
41 9492
17 6025
77 1080
48 7978
68 9590
21 6764
55 3054
44 4258
26 3475
22 4292
51 4286
82 7682
26 6736
74 6668
32 5421
62 9809
33 9500
79 8053
34 5564
89 4465
58 6310
89 2712
73 6743
47 7723
19 3034
43 7936
41 9242
26 5123
27 9842
40 4730
58 1609
78 3114
21 9132
46 9879
12 4899
13 6472
89 8285
38 5020
82 5598
39 2036
63 6047
71 6950
62 3869
67 2543
60 6089
64 1150
48 4505
25 9538
17 3718
100 6624
50 8813
36 9376
84 2500
80 9902
23 9628
52 5592
86 6626
27 1691
33 3189
15 2501
98 5643
40 6558
58 2320
23 8963
19 3038
38 6271
60 5225
69 8655
65 9387
11 6418
76 5897
93 5636
73 9199
30 6379
95 4474
82 1745
89 9191
65 9479
75 5299
22 5084
30 3595
76 3303
67 1827
48 6723
88 3745
33 9324
51 1878
53 3061
77 2961
81 3049
84 3677
32 9351
15 9349
25 9243
93 2453
68 2312
52 9085
59 5352
63 7103
79 5913
97 9307
55 3363
16 9807
74 5814
20 5968
29 4984
96 3449
21 5024
11 2005
33 7408
83 8868
63 7050
44 1723
13 7416
44 8015
22 8251
64 9701
55 1647
76 6906
31 3068
75 5283
23 8007
28 2582
78 3070
75 1104
35 3551
88 8585
16 3979
19 8510
69 9631
29 9935
52 9229
75 8423
77 2604
62 1964
66 2987
41 2885
90 2079
65 7082
41 8512
34 5749
29 5570
77 6457
14 5760
56 9108
35 9007
98 5547
89 8464
42 6788
50 1910
64 3983
51 6371
37 7804
73 4306
99 3907
57 5014
62 6068
67 1248
60 2543
51 5788
87 5204
98 5294
40 4244
45 7403
40 8081
38 4390
35 3472
22 9410
50 1925
13 3472
10 6145
64 7149
15 8895
28 6780
94 3377
22 4868
83 1836
36 3101
66 8061
58 2772
95 9084
50 6662
41 2725
74 5344
56 7244
93 5825
32 9658
92 5231
27 6248
76 9391
52 4623
90 1762
35 1422
40 5075
11 3590
41 7973
19 4682
45 8676
82 7218
34 5140
44 5013
80 8334
34 5834
44 2884
59 2533
47 7311
85 3645
76 3746
63 1149
17 1581
38 5579
34 5078
78 9698
81 9003
38 5406
39 7581
43 8268
45 3090
74 8747
84 5965
99 9680
38 1622
24 5235
80 4766
17 3213
81 9467
26 9160
96 6130
22 7841
83 3121
90 7848
53 5459
11 4445
39 7292
84 2286
90 1602
63 5068
78 9171
89 7790
62 5926
67 8517
96 2164
99 8992
51 4589
27 3577
57 4817
45 9059
71 4099
26 6231
44 7481
72 5197
22 1406
42 5972
14 9711
32 1661
80 5433
40 7188
72 7910
57 4295
55 1179
27 6061
98 7862
