14 5750
69 3578
38 4209
87 5183
14 6515
55 1451
99 5076
83 3217
70 6820
58 7630
77 7431
32 6045
59 8241
87 8611
14 5475
10 5379
62 1823
92 1487
83 4949
80 5802
41 3079
99 1032
39 6396
71 9777
25 9791
40 1557
52 8280
77 6845
37 6311
60 2586
67 7242
69 7475
46 9516
47 5378
22 7283
62 2950
94 6924
32 4305
59 7595
18 1723
90 1062
26 6938
31 9395
62 7853
70 2650
83 6121
66 8549
31 2745
30 8634
39 8742
57 3519
65 8110
57 2149
28 8679
71 8385
83 4823
50 2996
91 4712
96 1457
68 5283
59 5120
62 7496
97 8340
27 1584
25 1756
73 5733
70 5413
97 2036
97 6351
84 9292
70 5944
27 8347
19 6349
84 6581
74 3737
54 3122
96 1284
20 1038
13 5043
25 5454
20 5787
31 7585
31 6977
55 2817
98 9727
46 1879
56 3832
30 5745
43 4367
10 3153
85 9738
13 7998
40 4349
60 7954
81 2785
27 2283
79 7742
71 3449
77 5169
43 9194
