88 6607
12 9697
62 7452
83 6774
67 5798
96 6886
18 3908
22 2955
58 4235
56 1641
76 6770
24 1043
86 8935
76 4323
70 1416
84 1043
87 1387
19 1194
57 1307
49 7282
22 5956
34 8881
28 4676
56 9059
48 1648
53 1195
85 8831
24 9294
39 6513
57 7538
26 7125
32 2091
20 9632
57 9942
94 8045
39 1783
92 5992
17 3165
20 2505
69 4015
70 3220
85 6633
92 8316
72 5555
31 3012
30 5908
13 5805
26 5739
92 9071
16 1702
46 2042
79 4326
23 8461
14 8598
24 5483
56 1351
24 2451
83 3438
66 4977
14 1883
10 3349
46 5774
33 6155
76 4486
36 3826
15 5527
10 1127
90 7200
82 5045
95 4276
77 2775
22 6610
94 3761
24 6339
90 5758
63 6048
63 7139
76 4403
100 5047
61 6142
37 2063
99 6800
95 3831
81 6951
87 9277
54 3436
12 6570
62 3263
53 4290
15 8916
49 4543
27 2405
33 3788
24 8791
10 5868
81 4414
29 7541
49 2509
95 7559
40 4239
87 7361
90 2749
35 6590
84 4701
89 8124
35 5589
94 6809
94 4910
34 8975
34 9831
67 8982
12 1911
53 5279
62 1224
53 1913
28 7353
74 3145
17 5408
93 2821
92 4950
85 6929
63 5302
62 6728
34 1309
61 4206
26 6085
65 3320
48 9260
38 2643
53 4286
57 1978
59 1390
54 9937
16 4615
10 9617
80 4844
35 2897
82 5885
51 6975
15 9776
56 6065
36 6072
19 5385
57 1584
50 7892
27 4418
98 5616
86 3864
13 3424
73 6193
87 4061
42 9660
84 5238
78 7210
83 3024
28 5967
13 2694
78 5452
94 6612
27 4823
87 3670
49 6569
33 6675
39 5966
30 6595
85 4763
83 3983
81 4290
76 3132
83 5433
17 4920
19 8062
50 9263
35 8419
37 9313
92 8876
55 1218
95 8943
32 6814
59 9420
58 8041
59 1556
75 7617
98 5503
97 1260
56 8508
57 7978
92 5922
79 5160
19 2810
46 1464
24 6073
28 2516
52 7478
95 9363
76 1999
44 2817
23 2521
97 6929
98 9592
16 4005
51 2865
20 4787
88 5295
79 3479
60 8797
51 1816
89 4307
47 1339
43 1537
61 1146
31 7397
90 3279
96 4967
47 9121
85 5780
13 7522
76 4502
77 1373
34 1373
73 6836
98 4775
54 9787
63 3756
30 8940
87 4300
96 8924
36 9636
53 7772
12 6477
13 9332
54 5101
56 9069
42 6468
99 5804
67 8092
35 7119
59 4035
12 4684
69 6092
58 8202
66 5786
64 1325
59 8027
30 5641
36 4472
37 4920
95 6294
56 1992
57 8349
29 8044
15 9850
57 3234
38 4354
29 9102
11 6104
82 3096
43 4010
44 8789
22 7893
23 8721
40 6609
66 6619
31 6414
88 2485
77 9161
60 3624
21 6308
54 3316
54 9655
39 4765
70 3932
15 4483
87 7127
13 7922
63 7246
55 8157
89 9468
98 6287
50 1141
10 1894
23 7864
78 5498
62 4971
34 4613
75 9354
100 7175
64 7963
23 8427
62 5218
25 8270
73 1628
10 7974
93 7248
66 6693
82 3666
47 7182
56 5563
68 8308
35 6295
50 6646
71 8660
93 8251
59 8615
55 3712
15 9865
38 3859
85 3128
38 7660
11 4828
53 1061
32 7182
26 8879
93 4897
84 8015
45 5521
63 6858
17 9649
84 7696
84 8251
19 5036
18 3520
37 5876
33 6171
62 6615
94 7347
14 6184
99 1868
33 9521
86 7754
15 2093
19 2153
55 1891
45 3224
18 5598
72 3312
15 6837
90 6156
96 4076
36 2132
62 3849
66 2567
97 5707
52 8065
43 5115
78 2183
77 5169
100 3686
52 8506
31 6382
23 8780
47 2934
24 6777
56 6007
61 7782
62 8474
12 3500
26 2548
50 9614
100 7227
25 4059
46 1776
85 5640
89 6236
41 6482
78 7667
73 9280
82 7128
29 8262
38 6252
97 4252
95 8470
86 6184
47 9084
79 5871
66 2827
43 5237
28 2705
11 7810
53 7113
49 2151
15 7655
60 8241
22 4613
25 2232
38 9222
71 6749
25 1432
59 5582
87 4019
85 4253
65 4051
59 7282
39 2927
36 8493
49 4934
38 4427
23 3511
86 7257
22 6376
99 1713
40 3170
36 3082
82 2403
58 5335
67 9588
34 5077
69 9927
89 3657
55 8923
43 8773
18 3437
29 8580
53 5572
19 9635
38 6509
49 3358
29 1874
54 8270
27 5363
34 2966
50 4654
80 8091
25 7445
22 5606
77 9891
14 2053
57 7262
77 3645
20 7347
71 1245
30 3358
14 5297
19 6237
100 8423
54 3201
29 7853
51 9334
56 4431
32 2348
90 8751
82 4881
27 2811
79 7669
83 9386
14 1075
57 7470
75 6673
98 1859
98 5708
77 5196
13 9103
40 9553
28 2191
56 5748
25 9374
51 4574
30 7948
43 7866
69 1632
82 2547
64 9380
59 2689
98 3439
77 3806
58 5228
76 5367
19 4916
23 7506
56 2904
11 7276
70 1215
25 4441
57 4252
95 3827
63 8336
53 9958
28 3464
82 3965
61 4223
52 9170
57 3169
32 4796
77 7306
27 8654
63 3309
35 7865
35 4531
11 1035
59 2508
74 3675
60 5229
96 4254
12 9507
100 9166
74 9893
49 9166
34 7746
36 5247
68 2479
27 1096
85 6365
81 9750
44 9606
33 6491
83 5690
33 1364
33 8698
20 6937
45 2376
49 1499
73 5213
80 5847
41 5591
45 5961
73 9999
26 2501
61 4648
62 1262
74 6935
11 4325
21 5689
63 7509
81 3390
76 6582
35 6188
57 5057
44 4257
89 7636
44 5535
22 6880
88 2993
42 9629
15 1473
34 9166
99 3956
26 7714
90 3497
34 6542
77 8522
43 3232
57 8947
72 3060
55 7839
84 9641
31 3413
52 8843
63 7444
51 9207
30 7138
77 3829
51 6347
78 3163
16 8907
32 6627
83 7275
13 4225
99 8911
58 3932
77 9983
50 9877
22 3953
98 3417
71 7448
37 7765
17 9243
83 4161
99 9549
19 6862
47 8821
33 3017
31 5116
84 6855
12 1543
81 3817
85 5173
37 6424
99 1632
91 4696
76 5002
59 3512
18 3436
72 5460
57 2767
69 4724
44 9052
90 7475
22 1862
53 8734
23 2044
59 9508
99 8189
98 4274
48 7147
86 3120
35 9415
99 2697
39 2651
73 4597
10 8376
32 7648
17 5168
80 8336
69 5809
99 1142
58 2865
85 6018
95 2169
59 5878
80 2536
57 2175
49 8196
66 8489
23 4145
35 6959
25 7285
83 8411
60 3001
83 4107
83 3076
19 8961
58 8449
85 5580
39 9068
97 5091
95 7282
85 7255
33 2380
51 4804
47 8696
32 9926
24 8891
57 8481
83 5279
79 5088
99 7385
94 5056
91 5617
95 6011
73 7944
58 3259
19 6310
25 6418
87 8236
77 6574
82 5218
49 7351
12 5181
84 1757
51 9445
64 9126
35 8051
26 9114
37 9032
96 5284
97 9209
56 3119
26 8944
30 3262
87 4162
78 9202
16 6302
95 7548
81 1255
42 5614
44 6110
21 8461
65 7852
55 2898
79 3330
67 2847
22 6086
54 6209
90 4492
16 4755
41 7862
63 6316
70 1381
76 8474
87 2996
26 4246
26 6099
58 9517
92 9356
52 2429
72 5422
45 4029
30 5260
85 6685
45 9491
94 1343
72 5013
70 7020
32 9165
45 6082
85 6337
97 8375
82 5357
72 7075
62 3988
33 3428
19 9386
62 8867
71 4838
28 5746
21 9570
89 6989
49 4871
71 1952
46 5286
69 7552
64 3054
55 3502
19 5689
68 8954
80 6410
14 8097
40 7040
84 2646
86 4184
58 7395
92 2632
99 6620
37 9777
58 9341
51 7040
22 8233
60 8235
31 9437
43 6570
61 5596
70 1244
75 4610
24 6949
56 4931
98 9421
73 5959
55 2709
26 3174
85 2038
24 5148
34 4172
71 4271
99 7898
27 9492
65 7405
34 7641
77 6646
23 6960
26 6506
51 2446
98 2370
58 4814
28 8254
33 8974
86 2058
55 4359
54 7839
62 9232
13 6512
86 8407
13 8291
20 1149
11 7512
17 1071
46 2177
52 7538
25 8520
95 8929
24 4150
18 6310
84 1626
47 3060
17 8421
21 1812
95 8581
15 1612
37 9851
66 1057
91 7749
89 3910
22 6372
52 1457
27 7313
78 9514
96 1013
34 1260
54 1115
35 5443
22 8547
71 4147
92 7976
96 5242
39 3878
84 8016
76 6921
33 7051
90 3491
49 7323
100 5322
64 1763
98 6733
46 3763
51 1466
53 5494
26 3307
71 9178
98 1077
12 5730
19 3682
60 3398
82 6824
27 7670
61 7867
76 4047
17 6773
89 9835
68 9459
100 4645
51 7853
86 9547
20 7254
36 7245
25 3379
69 1868
54 4302
28 3836
33 5035
94 7934
88 8562
82 1102
58 8119
22 2059
23 4545
80 8314
18 7876
48 1983
38 3467
68 6587
73 4866
86 1639
81 1468
24 6020
62 2229
22 3038
21 1171
81 4994
75 6054
76 1235
52 3116
79 1347
58 5997
96 3049
89 4042
68 2916
39 6130
84 9978
37 7080
45 2276
69 2478
11 6928
35 5096
88 9450
38 4076
50 6047
52 6325
21 8703
68 2339
99 6290
69 7284
36 4570
56 5014
85 5968
41 2273
92 7794
57 3790
16 3492
43 8291
55 1805
35 5069
98 9118
51 3452
48 5270
72 2517
14 8330
96 6717
39 4385
29 3419
27 7432
27 9757
70 5051
25 3355
47 4580
24 5438
78 1442
22 9887
95 1020
65 2257
100 5018
27 7410
14 9091
83 6350
76 1805
20 9652
78 4711
41 8089
20 1443
94 8276
55 2374
17 7251
27 8025
57 1308
37 5643
94 7664
67 8420
52 7791
13 1915
30 2929
49 4818
10 2244
90 1235
97 9789
81 8355
12 1786
63 8835
27 4425
85 1874
32 4048
58 8015
35 3406
29 1340
74 3696
53 8734
74 8971
27 8511
64 9801
37 9979
98 9491
78 1913
33 9052
32 6716
59 5995
63 3741
32 9370
53 1963
91 8822
50 4268
60 1848
30 4717
93 2500
39 2088
36 5936
11 6468
26 7449
56 2033
97 7905
85 6261
13 6054
60 1523
46 8121
13 7950
74 4129
38 2696
71 4305
94 5709
69 6430
60 3153
12 8453
44 1700
93 1916
55 8976
14 8852
74 6343
47 2435
27 7298
79 1432
29 4008
27 9845
19 9207
18 6096
30 7011
41 6871
75 8096
86 9201
20 8351
11 8955
75 9648
13 1397
31 7998
17 8801
54 3202
75 8440
49 7431
45 8489
68 7332
62 8949
25 8541
21 3071
37 1257
51 7384
25 1624
23 2495
10 2499
58 6127
75 5499
54 9753
90 9658
26 3119
29 1788
15 2943
64 8087
29 9012
57 5978
72 4557
53 9091
83 9900
30 8484
73 5494
39 3553
31 2359
47 3245
22 9669
10 6688
39 7856
30 8384
66 4285
65 1702
97 4811
99 2311
62 6727
39 5312
11 4715
80 7101
52 3510
74 3135
24 6432
18 1690
47 6313
87 5710
65 9976
77 5394
16 9746
19 2807
87 6409
62 2630
91 3102
90 6078
69 5751
26 2884
11 3775
42 3658
49 9177
20 1162
84 3437
32 9979
79 7589
36 8343
51 4295
18 7938
79 9640
62 5530
28 4839
44 4977
94 2412
94 3512
71 6382
28 7915
17 1174
96 9509
12 6395
34 4446
13 8009
15 1266
88 2184
95 1866
65 3382
97 2354
16 7905
29 1155
33 2934
10 5191
75 6632
30 2246
67 5480
34 4049
92 6047
51 5791
84 7431
36 9753
70 2642
49 8698
92 1410
72 1210
80 7050
33 3267
25 2348
44 1588
95 2697
26 4383
99 7750
14 1681
24 3473
25 1046
87 6769
93 6586
49 6047
10 9343
79 4124
46 4637
38 5156
59 3248
14 3561
47 8915
90 2018
25 7890
45 1678
80 5055
38 5786
71 9871
18 8625
78 9925
46 9019
24 3916
51 6517
73 3794
86 1206
76 3820
31 8154
11 3921
13 8601
63 8321
43 7830
54 2023
12 4463
45 8810
39 2879
54 8210
54 8535
27 5812
27 9253
85 6806
59 9854
68 9391
85 9291
11 8220
79 7583
28 7348
67 5523
15 6671
100 5052
97 2147
64 8209
51 6313
36 1660
33 8109
81 7206
10 2637
10 3560
41 8907
36 1212
94 9232
12 5851
75 2836
33 9903
68 2491
75 2779
37 2862
68 2683
92 3871
88 4276
45 8799
72 5565
40 6459
54 6190
51 9619
33 6019
67 1780
93 7929
58 8331
44 3646
56 6830
48 7787
23 7446
100 7460
46 2111
60 3529
78 5947
98 2120
12 1370
77 3306
100 9397
100 1143
34 5054
99 6548
16 2029
83 7398
52 10000
90 6656
66 2199
52 1364
31 9431
97 6213
20 7041
36 3094
12 7919
67 1703
23 8727
10 5512
100 6080
39 7503
80 2104
58 6633
87 3861
48 5215
36 8035
24 9934
77 6201
88 9040
20 2160
44 8646
35 4331
40 7480
22 9169
24 6599
25 4870
12 4744
79 2463
67 6917
21 7143
60 2995
88 5462
52 4418
87 7707
32 7792
17 9598
87 3267
79 1641
76 3258
25 7591
40 4747
78 8931
30 4620
89 1971
56 3000
56 5413
21 3545
71 3383
62 6446
44 9049
79 3564
81 4937
13 9322
99 8079
88 9736
80 1289
86 3600
45 7615
49 4768
71 8172
44 2554
10 5991
32 9772
93 6568
80 4195
100 6516
41 2585
92 4872
58 9774
92 1586
61 1111
91 5122
24 2359
53 4769
37 9272
27 5303
66 1770
51 5854
72 9584
91 4758
50 4297
84 3440
45 9135
53 7807
98 5944
54 6368
38 1441
64 8662
65 5835
80 3334
68 8999
80 6311
46 8828
52 8682
52 5255
48 6783
20 4867
20 2498
70 3583
75 7502
88 1278
99 9937
46 2081
60 6944
58 2254
90 3110
63 6149
23 6499
63 1784
49 3476
58 7402
99 2476
59 8846
63 5708
16 2585
53 6038
83 6915
15 1386
84 3573
11 4066
34 6943
100 9674
67 5804
23 3656
81 6860
47 7435
99 1826
50 2893
34 3018
64 1007
70 5803
18 7627
26 9353
50 4071
20 8978
63 8517
93 3684
90 9605
51 1458
36 1780
74 2968
97 7680
20 6903
66 4397
12 6962
86 6987
28 3917
61 6829
85 1918
55 1075
35 6622
68 5168
98 1413
21 5528
79 7778
68 3728
37 9979
72 9872
64 3514
100 6291
34 9116
11 8630
50 6282
12 6054
62 4947
91 7942
94 8709
61 2022
72 5258
72 9310
35 5091
57 1929
72 8962
28 9080
36 7848
81 7794
20 2711
20 5439
15 4993
97 7774
71 3329
47 9686
80 5719
98 7409
51 2591
54 7574
42 3230
98 8067
50 9009
87 5860
57 2877
78 3429
14 6392
54 6210
91 5487
41 3153
48 7961
49 6702
22 4662
23 7809
83 6969
87 1145
89 6955
71 5146
46 6345
78 4291
98 9068
75 5689
15 9083
98 5515
95 2040
46 1226
12 4292
29 1862
11 5237
59 8075
47 2695
53 4593
59 7708
89 4809
84 1675
73 5281
96 7156
25 2881
97 8599
82 9950
51 2949
71 7239
68 7019
13 3025
14 9165
86 7317
16 5708
51 2294
30 6871
48 5509
68 3282
97 1883
16 4537
61 4650
95 6808
40 2378
87 3104
66 8291
41 2578
34 2598
21 2618
33 1050
65 1831
37 8633
84 7392
80 4812
45 9406
80 5910
19 8423
38 9550
23 2558
54 5754
72 7241
90 7039
53 6659
88 4027
94 8531
20 2545
11 3373
76 1517
10 9492
90 2045
72 5975
92 1140
64 4158
30 3551
24 5015
38 7280
29 7985
89 2450
18 8506
29 3277
56 3360
49 4250
22 5520
73 3850
29 5837
66 1252
36 4844
99 1317
49 4389
65 6423
81 2621
47 5196
25 2666
66 5196
41 8102
97 1966
35 3461
91 3741
26 8106
44 1313
12 6215
67 6023
73 9999
50 5656
58 8000
38 6588
17 5764
70 5730
56 1339
42 1662
32 3517
83 1198
26 2480
77 7330
52 6616
66 2922
17 7760
16 5153
49 8713
97 9069
14 4130
47 9956
20 8530
80 6136
29 7018
63 7702
88 3307
34 4310
50 1043
52 5427
66 7758
47 9167
100 9061
30 3054
87 5492
55 1950
100 8807
27 9367
44 6587
80 1646
19 8070
45 5068
94 6845
35 1570
30 9058
76 8637
49 8805
37 1640
82 4204
49 1469
70 4804
64 1790
19 3028
97 1451
34 2113
59 8699
13 3057
86 3366
77 3327
39 2244
41 9754
39 8408
30 6863
81 7242
14 6056
63 8358
84 7860
97 2939
99 1158
56 6270
65 8052
13 7725
83 9634
42 5183
67 5850
36 9368
31 6936
59 3253
76 8065
84 9371
85 8116
16 8383
57 6071
92 5783
75 3680
75 5913
51 7593
89 1464
55 9565
60 4904
91 5008
25 1740
18 6728
28 9899
20 5981
65 3405
93 2566
66 1055
40 2445
94 7480
66 6504
22 3808
98 1799
96 4450
35 5965
14 7617
18 1142
63 1652
67 8198
50 6603
62 3029
25 6430
96 9476
98 9246
15 9642
68 9733
53 8092
17 9064
51 8704
92 8436
68 5212
34 6894
30 2969
32 8745
10 1275
67 5773
64 8514
66 9843
17 7059
28 3972
21 8806
94 4227
45 1600
85 9642
85 3556
47 2029
76 3443
45 6163
63 1587
30 2097
37 1808
87 5032
48 1983
19 8143
63 5038
30 7514
60 7291
25 4398
51 3115
14 7332
50 8548
46 8754
45 7456
77 3745
63 3450
25 9832
64 9496
34 1819
68 5539
33 4786
83 9994
71 6138
70 9548
58 4096
96 8575
71 8967
27 7566
74 1292
18 9197
67 8351
12 3425
63 9861
26 3859
33 5616
65 5229
97 9844
81 9002
38 3284
29 3896
42 5070
59 7314
41 7287
65 4637
59 3680
97 8623
60 5233
78 6156
40 4193
23 8956
37 4829
45 3421
96 8804
33 1555
49 8460
99 2986
82 1210
53 9640
85 7647
75 7532
75 8367
70 7377
95 1008
83 8261
70 9117
18 4999
18 9657
11 4671
61 9973
28 9287
46 8871
92 5814
99 8017
26 6511
56 5418
94 4518
76 5723
29 5221
91 7928
78 3954
76 1774
95 5182
17 3837
27 1098
99 8003
100 6875
29 7699
95 3642
28 5703
38 5342
79 2016
51 8829
90 7320
62 5169
51 1989
98 1791
21 6005
41 8094
17 1188
30 1241
24 2455
71 2662
45 2932
90 5391
79 8183
88 7058
28 9444
24 7418
47 1520
52 5628
100 3425
94 9678
37 3869
55 4838
84 3599
20 1474
14 3572
19 3257
22 3333
88 8680
17 5843
22 6161
86 8322
37 5685
21 4561
22 1539
57 4388
21 4233
11 1836
75 3311
33 9838
39 6668
88 9702
25 3168
34 7843
55 1041
80 5754
90 2695
91 2643
95 3399
32 5762
82 4618
42 3051
75 2410
11 9137
57 2951
43 6616
90 4850
11 4875
63 9632
98 7542
55 4402
36 1286
46 7620
58 8223
15 7516
22 8972
50 4638
91 6256
39 4462
11 6351
82 9147
57 1319
74 3847
11 7636
39 2290
16 1072
59 6665
94 5152
83 3650
57 9343
58 6265
32 3101
54 2097
57 5582
25 2724
53 4855
38 1982
34 2487
31 2401
12 7763
30 3120
93 3510
22 9963
69 4166
86 9358
41 7684
99 7193
10 9806
28 7469
68 4479
26 3806
39 7022
27 2979
92 7710
64 1130
24 6040
100 5690
61 4471
96 6340
53 5934
50 5580
24 2355
23 6123
55 8933
20 7429
87 1179
61 6202
31 9753
10 5831
16 6239
40 4173
58 8800
28 7873
87 2687
78 6749
59 8064
69 8907
46 3194
26 1325
69 7758
16 7261
38 4587
39 4803
86 3496
97 7107
44 8759
33 4990
11 4801
78 3426
73 4866
92 8021
50 6577
51 2000
17 6845
76 3299
97 4531
78 1010
83 8750
62 1485
36 9721
97 9334
21 8146
36 5597
69 2947
73 3676
85 1584
50 7256
84 5869
92 3220
80 8427
93 4678
28 2768
93 3502
18 1978
10 9538
96 3025
92 3760
25 5903
89 3199
93 8770
13 9251
98 2601
56 5091
87 3567
86 8801
75 9924
83 4804
53 9235
68 1540
49 7682
44 9245
85 9626
68 2556
90 3765
31 1754
30 3472
43 5669
43 7835
90 4694
11 4029
82 5712
40 3427
34 3100
12 1431
53 7422
72 2323
20 3730
73 2798
68 5372
54 1093
46 5209
35 7850
31 5271
31 2721
73 8554
54 7273
81 9012
41 9224
41 8132
81 3920
90 8878
27 2309
54 3111
44 9603
57 2509
61 4356
12 8897
58 5827
44 6685
40 8058
60 8406
10 5393
60 6425
58 1159
71 7037
70 1896
43 1822
39 9997
29 9888
29 1121
18 4112
97 6611
89 1854
43 6273
37 6726
97 6639
59 4716
25 3480
18 1976
18 8492
81 2678
96 3471
26 1998
24 9991
11 5731
73 6845
27 5816
92 2807
91 5234
67 3205
35 5320
12 1898
58 7859
16 1749
27 4620
96 6892
36 5278
73 5664
12 9432
36 6313
38 2137
52 9846
53 8812
43 1545
52 1938
48 5951
12 9383
23 3923
58 4020
14 6598
88 3915
57 3834
89 9433
36 5844
62 1615
82 5615
53 3977
70 1405
46 5082
31 5460
28 4076
19 9306
35 5911
98 3284
37 3690
42 8812
84 4854
15 2085
92 8322
89 4743
55 1316
22 7736
25 4756
63 7558
28 4118
32 8253
87 6071
66 4971
34 8592
72 3172
98 3521
54 8527
79 1624
86 6588
96 5248
52 3721
20 2535
97 6717
93 5983
13 7163
63 1277
13 8980
14 5539
39 3768
42 1330
41 4287
66 5101
31 7578
55 9755
14 3250
12 9144
74 8251
76 2806
66 3227
78 6392
31 6632
19 4110
65 2615
92 4382
83 7380
68 3784
25 2919
95 1192
48 9623
63 8974
78 2959
46 7878
21 6427
78 7096
73 1553
96 1611
28 4988
27 7269
100 3094
26 5799
73 4835
34 5100
92 5063
98 5863
72 5596
24 5916
51 1547
50 4220
80 2522
50 2170
13 4948
52 5922
31 2874
62 5429
67 3487
77 7874
82 8744
76 6373
89 7491
38 6965
83 9235
78 6969
57 1548
10 4825
99 8901
89 7427
77 4685
22 4678
58 1695
80 7459
29 7246
25 1315
13 6919
16 5575
90 7773
33 2738
40 1990
47 7532
56 2947
62 8651
60 2005
16 5632
53 2318
63 4433
99 2163
75 3516
65 9638
66 9917
19 8505
47 8410
33 6594
23 6148
43 7139
41 9843
12 2572
35 6996
68 4364
80 2954
55 4067
23 5022
29 1510
56 8354
36 6733
59 9661
71 4283
10 4557
58 9294
91 5246
78 7030
66 7711
61 2786
12 2764
44 3373
24 1087
59 7339
16 4848
79 7709
65 4430
96 9268
95 6340
52 8951
16 2360
21 8816
54 1600
55 9212
71 8019
100 8285
35 1358
13 4892
45 3657
41 8457
42 3665
69 3762
42 3530
11 3994
19 7829
40 8612
94 2731
56 5191
77 9289
26 5253
51 2833
34 5194
90 5961
15 4366
51 5161
88 4794
83 4352
32 7895
32 9208
35 3048
43 3586
41 7921
98 6087
75 4779
10 8852
72 8404
48 9199
19 4181
98 8607
18 8706
92 1673
21 2693
35 7499
19 8281
26 3397
15 9839
42 8352
70 1584
48 2896
89 7129
93 2622
75 4831
68 4465
76 1870
45 3473
79 9370
91 5210
17 8877
65 5423
100 3037
90 3557
48 3023
33 4774
34 8351
21 2726
47 1084
82 2986
64 2233
14 8744
97 8669
79 9900
20 6794
69 7350
62 3210
60 7463
73 6828
73 8123
67 5465
32 9895
72 6521
20 6922
45 6178
96 5060
60 4136
43 4099
71 3777
59 5470
78 5048
19 5841
34 4092
21 4259
10 7416
19 3539
74 6379
64 2075
34 9534
14 4942
77 1251
66 5131
92 9695
94 8262
79 6189
61 7595
37 3766
59 9421
51 3168
18 3507
90 6340
22 5965
21 3485
23 9535
56 4603
89 4594
31 9274
11 4708
55 8239
70 8467
38 7393
24 6684
24 8464
74 1238
87 4962
34 9856
96 4716
60 8247
16 8276
32 5370
98 4171
79 8905
78 5072
95 2570
81 3564
75 4823
100 6025
94 5111
30 2320
63 4842
30 2255
85 7163
46 8185
25 4428
74 9862
56 4083
80 2771
37 1851
25 1554
66 8539
30 4309
45 1140
53 1514
61 2219
11 9532
41 8272
60 2737
94 8680
24 3153
17 6913
54 6468
22 2199
97 9078
16 4512
62 1419
88 9939
55 8789
16 8048
68 8865
35 4840
42 6233
23 3743
66 7849
17 7451
47 7662
28 6334
94 5273
31 7516
52 1919
51 1601
66 9565
42 8383
65 6517
44 7128
89 9217
34 7221
61 1200
34 4043
98 9723
50 1226
50 4635
98 7852
30 7862
95 9660
95 1931
94 8758
59 7541
78 4116
59 5074
86 1431
32 6878
73 6144
55 4352
81 6981
86 3546
43 6150
77 5831
65 5544
28 6202
97 1728
90 8690
94 8971
96 3694
54 5999
17 5691
55 1170
22 4723
47 7773
21 4838
53 6742
88 1905
35 8607
33 2239
66 9505
64 1728
51 7458
10 8130
56 2299
99 3837
21 3779
75 6465
63 5985
87 1131
66 5988
29 1734
25 4951
88 4961
75 2612
100 5381
53 1709
58 1139
48 1019
78 1374
23 6044
56 8412
53 1736
59 7042
21 6153
34 6303
53 9197
15 1922
100 5921
100 5448
24 2685
50 3061
51 1823
77 7274
66 3541
75 6032
17 9576
56 4026
22 5806
68 2678
70 8978
45 1413
25 7286
79 5321
67 3862
81 4886
11 1478
76 1986
22 7301
97 9869
89 2468
58 4907
57 2620
90 6362
21 7004
87 4247
15 2204
72 7342
78 9512
97 5876
49 3638
93 8771
56 4110
33 3669
53 9755
52 8999
50 3874
15 6114
42 4695
34 1961
94 8276
11 4553
52 4791
39 5456
68 4038
77 9910
46 4409
100 5623
35 1269
93 6103
72 5291
50 5359
84 2796
92 9677
84 5902
54 9915
79 2155
92 1937
20 4901
63 8014
30 4330
62 3621
29 9195
89 1691
36 8845
59 5130
20 7348
46 4511
79 2007
26 1545
10 2820
56 5530
14 9949
75 6051
22 8694
77 6132
97 1757
32 2728
62 6264
46 5629
30 4086
87 7287
63 4945
47 3806
51 1508
41 9377
27 3913
28 1577
94 8467
38 3457
47 9190
50 9523
10 9140
77 6341
88 7611
50 4955
54 9478
28 9614
15 2750
15 1018
20 6331
100 5358
73 3803
52 3688
15 3309
53 8077
59 3061
53 3353
37 2209
61 8499
24 7987
68 1057
40 8757
69 2811
88 7877
80 3479
100 3351
66 1114
76 7051
66 1351
64 8231
55 7845
63 4203
27 3322
98 8797
38 7076
16 5242
92 5806
98 6573
48 3506
89 5447
50 5938
45 8783
78 5414
57 4005
61 3349
45 9716
84 7876
83 9087
54 6208
84 8829
17 5928
59 6174
36 8155
68 2626
63 9206
48 3203
36 6909
72 1987
31 2812
38 7641
61 9000
24 4053
53 7513
50 9567
75 1478
68 4867
94 5835
61 1145
98 8883
78 2820
57 6051
81 8583
16 8189
28 1628
79 7356
95 9348
65 2274
60 2110
66 5182
89 9655
36 5178
30 3812
95 3058
69 8457
32 9704
28 7809
24 1772
28 4488
29 6329
31 9093
67 7415
88 8005
71 7283
31 4930
39 7534
61 6658
32 5905
71 7535
74 1274
11 1173
89 5937
82 9755
59 9921
69 7624
94 9243
36 8021
62 2190
74 7496
96 5261
83 4265
41 9194
16 7740
64 3134
43 8857
97 7202
94 3009
54 5217
32 6827
79 4579
99 4136
57 2592
93 1251
99 9332
42 3804
71 9661
42 7607
61 3980
17 8542
58 9937
59 9870
68 5221
86 3540
30 2338
85 9793
50 5346
77 2616
69 7619
72 8775
53 5420
22 7956
96 4284
71 1982
97 7564
22 1886
75 5087
79 8863
40 4184
43 2738
41 6857
65 7148
74 2990
31 9505
95 9453
86 6038
46 3611
72 4180
64 7687
55 9792
19 5266
71 9699
37 5959
64 4814
92 6652
20 2428
97 1288
34 9681
65 4410
88 5009
31 6408
46 3015
42 6382
53 4130
100 6170
100 5275
35 2346
19 3808
37 9305
66 5150
41 1607
47 4039
23 4921
46 4145
20 7320
73 6352
10 3490
30 8286
90 5080
94 9972
40 7207
93 2968
70 2364
32 5788
41 5669
29 9359
53 4128
80 4306
37 4113
96 7781
37 9455
28 7496
92 9242
80 1555
53 2125
24 9165
92 3569
40 1786
18 9331
82 6359
50 1461
99 4297
92 2984
75 2777
52 3075
20 4620
72 1814
70 8760
56 5681
51 2268
27 4408
63 9222
39 6510
38 3109
13 8220
10 1014
90 9973
65 2080
33 2974
41 5641
95 4283
24 1174
34 7186
23 2934
55 9552
68 4710
44 7658
98 6965
17 2823
12 6542
83 6248
97 1911
67 1904
16 1348
59 2596
79 3141
95 7124
77 8432
66 5420
49 9934
60 2667
61 5725
78 8234
75 3415
62 4200
33 7277
94 7935
70 2866
47 1115
74 9506
25 5294
13 6828
24 1701
41 9721
91 7836
61 5977
69 5721
77 4357
36 1169
70 9722
85 3533
40 9558
30 7285
82 4180
47 8086
21 6803
49 7394
41 2030
35 8870
27 9790
66 5863
70 9456
10 5489
87 3961
94 9651
84 5401
71 9919
87 5673
37 9142
77 9204
88 8249
73 3121
54 4727
11 4033
79 9873
65 6768
40 1924
32 5290
60 2910
47 3357
61 4049
84 1397
89 8361
86 6441
61 8077
82 1158
69 7187
42 8625
17 2106
39 4346
23 1046
48 1793
59 2459
51 4417
52 5163
31 2904
14 7182
97 9320
36 8595
18 9242
69 7714
36 8608
86 3904
31 4504
81 5149
16 2578
94 6261
45 5483
47 1307
67 2010
12 7053
33 3759
26 8249
94 6946
68 1903
84 7012
66 6465
53 9672
70 5015
53 9209
92 8924
16 8402
51 7227
30 8099
67 5536
61 6158
89 7967
95 3904
83 4554
14 2762
30 2622
95 6530
81 4473
17 2705
92 1193
72 6072
18 9116
15 9126
41 3956
46 7445
51 7267
81 6335
79 8967
16 2416
45 4103
27 6903
73 4758
60 7363
72 2709
78 6841
85 4141
51 9973
83 9343
42 2653
93 9869
78 7225
92 9664
16 5933
93 5995
21 4691
66 5340
16 5587
75 4246
50 8336
80 2212
92 4851
40 9701
71 3334
29 8995
64 6652
43 6261
38 1255
42 3610
99 2419
57 7316
53 8926
51 3380
63 8715
20 7213
49 2811
35 4826
93 4637
89 3287
81 9293
10 1620
61 3443
54 2386
43 6415
58 9475
28 5263
39 8207
53 4723
29 4520
32 5932
23 4389
43 1966
89 1566
34 1798
80 7119
60 8752
45 2215
66 7604
86 1522
78 8942
93 5098
93 2510
32 8665
27 3653
32 5683
24 7154
78 8063
26 7893
19 9601
34 4367
28 9711
73 8472
60 7642
55 9244
96 4553
47 9515
88 7390
78 8827
71 5478
52 4520
45 9956
69 8773
68 4752
77 6313
16 1322
73 6027
17 2811
96 8354
100 3330
14 1478
72 1813
45 3068
94 7545
62 5979
85 7520
89 1950
89 2177
72 6637
32 3219
44 1692
31 3991
27 1333
90 5525
21 4997
16 7254
36 6308
98 3718
29 1560
79 2804
45 9498
81 3196
77 5850
84 9597
21 2717
82 3213
45 8178
44 2566
91 2681
100 2030
100 5768
47 1393
43 7457
30 2632
14 9637
24 8834
15 5658
72 8969
52 3645
56 9562
87 2405
20 9838
76 4404
74 3926
69 9532
27 5332
89 7127
93 9327
41 3899
92 4501
71 2472
63 6848
17 5703
39 5124
66 1139
64 5081
23 7870
92 4974
10 7866
50 2514
67 6647
25 6797
87 6643
37 1982
74 3834
19 8563
50 9742
71 6819
51 2595
20 8851
89 6736
32 7294
57 6558
33 8359
62 2151
37 8669
50 5863
65 3229
64 5993
14 1010
96 2753
78 8593
43 5578
37 2024
17 7742
40 3868
73 8008
18 7695
13 9912
59 7001
10 3592
24 9175
14 1028
19 3006
28 4359
45 9613
32 7424
82 5984
49 1253
91 6668
12 1686
33 1312
74 4528
23 9372
19 1639
66 7537
81 7606
100 5165
96 3479
90 7363
35 2083
95 8165
48 9637
70 4009
28 9382
76 7229
86 9739
16 4822
34 4722
86 3044
28 9986
40 9945
63 7948
98 9164
98 6065
34 7626
96 4427
51 2747
99 1640
85 4713
16 3826
69 4769
10 3799
92 5549
19 4431
54 3992
17 1006
35 4638
12 5506
85 6277
20 8938
94 5650
41 6104
33 9394
12 4673
23 9612
64 4070
80 4740
76 3034
41 1415
59 6625
63 6973
87 2233
25 6563
68 3010
15 7605
20 3470
46 4443
31 5905
15 9256
86 6633
63 8185
67 5700
77 6676
69 8655
19 4665
44 7109
72 2736
69 9020
57 1016
100 1004
57 7192
50 8740
92 1260
69 9049
49 8839
11 1868
22 2298
17 2265
13 5254
18 8644
49 5797
57 5993
35 8871
58 5622
31 4966
29 8988
32 8642
71 5479
50 6906
33 1547
18 6979
76 8268
96 8757
19 7958
20 5454
30 3999
20 2047
12 8316
35 9634
31 3071
12 2638
86 2279
27 2680
99 3290
12 6809
93 7765
45 5982
80 7566
49 2665
83 3549
14 5168
37 1504
77 1214
45 1172
39 1148
30 8432
89 2325
33 6162
83 7357
17 2920
92 9576
82 8487
25 4629
14 9537
15 4572
85 2832
60 5322
25 7007
28 3456
52 9271
61 9895
14 6139
60 9435
83 8177
55 2913
15 2216
38 6287
40 5375
12 3670
84 4000
30 7817
47 1870
14 6154
82 3915
74 7502
54 2143
99 2061
25 6808
65 2888
62 8935
28 7361
43 2888
30 3474
100 2600
37 8455
14 1009
69 3118
34 8323
93 2779
32 9332
52 2013
34 5247
57 8942
98 2842
99 7495
32 7052
37 1331
97 5868
54 1411
75 9263
30 9031
57 4549
75 1283
45 2253
67 1628
32 2719
48 8056
44 2590
82 6050
37 2199
86 6528
76 1397
63 1013
43 9542
94 1949
56 5598
78 4498
29 9165
71 3915
92 5409
46 1852
29 7869
10 2322
74 7953
34 1232
63 8559
17 3074
83 5448
81 4103
24 5253
70 1135
92 2194
80 1458
87 4434
30 9608
56 6163
29 6337
46 4464
92 4164
67 8172
63 9452
29 6849
98 2133
83 4816
21 9592
26 6229
38 5115
22 1339
11 6153
95 6561
64 8776
97 3194
17 5824
72 5228
39 1194
73 1187
37 8854
99 7301
10 6723
71 4516
84 2213
38 7228
47 8165
38 4715
84 7309
24 6841
47 6342
48 8718
78 7997
84 7749
92 5968
75 6895
63 4948
55 9047
32 8562
76 2064
55 3798
55 1158
41 7185
99 5811
44 8594
85 1347
63 2644
68 1574
96 5312
40 3531
55 6485
16 4926
99 7275
69 1636
42 3970
34 5068
93 8659
22 3080
52 5872
97 3473
58 5986
84 6586
56 9686
32 2490
96 6653
52 9152
81 6399
36 1813
48 7382
34 7273
97 3782
37 8335
47 3255
31 3115
25 2754
79 5743
40 6855
39 7048
16 4887
10 3095
63 5030
94 6137
38 2155
42 2249
44 4621
96 6036
89 5451
63 2961
41 9556
89 7501
36 3091
56 1789
97 9502
64 3945
28 8364
67 9565
48 6060
88 7944
85 4917
13 4571
61 3483
49 6064
20 2397
84 3377
49 6760
94 6121
71 8143
72 1925
41 5405
40 1231
40 8514
41 5070
40 6813
55 2230
86 4647
59 5261
26 2721
93 9937
34 7356
31 7410
35 7859
34 7211
85 3638
100 2000
44 2554
57 4113
12 8903
97 4509
76 2738
65 3688
47 1107
16 3459
86 9561
64 1495
57 1815
95 5777
51 7930
82 8905
59 9778
94 1353
13 5281
10 4953
85 2439
39 7955
24 2911
70 2801
12 4462
56 3215
47 2178
35 1432
38 9279
97 8084
61 4577
18 9811
65 2685
50 2504
49 5006
98 4907
75 8391
15 9088
57 6697
52 8893
83 6166
54 6934
70 2011
63 8026
99 7786
15 5601
77 7979
29 6834
35 9378
51 7683
46 8016
93 2557
64 7113
79 5223
51 8788
78 5988
58 8475
52 6215
51 4041
60 4309
57 9555
16 9185
18 2440
19 8526
65 3281
19 7767
25 7635
42 5900
53 1921
16 7848
83 9957
39 4222
19 3840
43 5914
72 3588
88 6065
38 7142
56 1762
50 1050
60 8775
18 4557
31 4527
77 3889
46 2571
97 7274
45 6876
20 6318
70 7740
88 8470
50 5629
25 7567
81 6807
11 4775
51 9692
45 8123
70 1368
32 8110
48 7640
83 6081
23 9483
60 9113
17 8976
75 4602
65 3843
68 3484
47 7443
93 3660
33 5549
42 1073
64 2930
50 5543
34 9686
10 8964
54 1385
73 2322
55 5117
57 3961
93 6941
37 4500
98 9142
68 5725
76 7455
13 5008
41 7770
100 6302
94 2965
84 2705
41 8267
45 8274
45 5891
79 5000
65 6910
14 7249
51 9271
63 4917
29 9697
30 2890
24 7903
26 6432
32 1656
29 7491
60 3268
80 4631
10 8829
72 4861
31 7897
68 2985
75 3174
69 7503
85 2689
95 1675
40 4334
13 3973
92 7747
11 6688
45 1800
41 5454
99 2515
10 2216
77 6120
85 2884
25 5702
57 5433
57 4406
50 7107
12 4185
51 2183
99 9134
50 9509
57 2100
44 2318
92 6832
25 6470
86 1799
57 3272
48 7287
15 5579
68 1375
97 3703
73 9819
78 1294
79 6840
39 4532
10 9130
15 9537
36 1852
30 9001
36 6747
99 3635
31 4633
55 2120
76 5321
41 6348
65 3870
26 9726
55 7143
38 1547
58 6539
64 6963
50 5660
51 9419
50 9118
43 8850
42 1001
14 8624
50 8168
62 4701
35 3827
84 3086
33 1250
46 1081
59 2621
33 6132
91 8581
63 7673
11 3666
55 1290
61 2735
40 2500
89 2821
18 2080
97 4541
54 7729
78 5882
95 3445
24 6298
23 4715
51 5406
62 1105
20 2504
58 3324
48 7293
63 2426
39 4884
60 9734
89 1042
96 4025
78 8333
12 2279
80 1077
23 1335
91 9022
16 9188
99 4751
65 7940
91 8310
91 4837
89 3192
67 5829
37 9935
39 6433
56 3956
79 4776
89 1612
25 2827
90 1580
93 4888
95 9859
52 7109
73 2414
72 4329
81 6697
68 3820
75 6032
92 1886
58 7190
47 4196
36 6607
41 4654
21 4951
54 8237
13 2339
48 7785
86 2191
64 9843
46 5523
34 3297
14 9732
56 7996
76 7555
41 8842
59 3617
82 7373
30 6632
23 4737
13 4620
27 7313
28 4169
98 3151
28 8252
92 2418
82 5353
53 5578
70 3248
64 4225
77 1033
67 8397
76 4967
37 6020
96 1441
91 2606
55 7502
18 5939
33 9604
53 3451
86 4972
68 3060
21 8445
22 6804
53 9701
28 9529
22 5988
100 3083
16 3304
88 3823
78 8774
48 1317
16 9731
96 1941
44 6712
89 9496
54 1534
55 2420
50 8510
14 4000
11 6097
61 9088
77 3192
94 9446
27 8114
95 1516
14 4609
38 3634
36 1546
36 5002
67 8972
100 5878
65 8837
24 6815
38 3577
74 2835
11 2477
71 7377
79 6806
25 3114
67 1192
55 1050
19 6493
26 7770
73 7324
24 8198
58 8150
27 5788
19 7223
25 8521
68 9618
41 6656
83 9997
67 4872
80 9308
82 4532
16 4100
44 9998
86 5882
44 6261
85 4139
30 1982
63 9468
98 4372
86 7775
67 5073
33 9765
70 5040
30 8237
47 8157
28 6876
35 3554
39 9040
73 3523
16 5483
83 3379
98 7520
18 3062
45 3554
20 4139
58 3967
44 1603
60 9396
82 2599
31 5806
85 2381
43 5641
73 7379
61 2842
84 5885
92 6706
33 3338
67 6716
13 5752
34 8664
29 2208
89 2888
47 1236
71 3489
25 1911
84 2425
74 2023
88 5808
67 1265
90 8968
14 8974
23 9585
38 8639
50 3722
20 2314
45 7743
47 4714
24 7613
83 1589
97 9259
77 1718
93 7723
53 6799
38 8650
91 6308
25 6510
41 1622
66 1493
24 4640
83 9830
99 8972
49 3125
44 5975
17 9346
93 3201
100 6447
76 3379
75 4532
34 6737
12 3230
29 8360
10 5168
10 3855
87 2802
90 8015
96 7673
50 8951
24 7894
87 7340
89 6580
25 5899
13 4860
92 2395
58 7773
39 9982
39 8166
82 7367
32 4011
38 6975
37 4328
29 1307
82 9724
65 7410
73 2272
73 2440
21 2556
32 2188
37 1453
61 3578
87 3014
60 7881
38 7076
15 5051
70 6714
68 1237
22 4429
89 4245
12 6915
44 6136
57 7106
80 8276
81 6050
79 8520
12 8782
94 4948
40 5143
52 1361
78 7196
96 9308
20 4450
52 7723
15 2834
12 2172
70 1230
100 8966
98 3934
65 7744
58 9158
99 1465
45 9049
76 4490
97 9111
31 5999
87 4589
13 7277
79 9873
31 5213
55 2434
100 7757
75 7996
19 9981
78 2326
76 9934
39 1773
100 7391
45 8526
33 2448
35 7376
79 9025
25 2545
38 2763
81 1625
85 5853
86 9259
69 9382
28 4103
22 1737
42 5694
19 4833
67 2490
16 6609
14 1594
21 2005
17 1227
65 4867
24 5767
81 1059
54 3886
57 6135
89 8896
93 7070
35 1327
19 5473
99 9512
36 6278
34 1351
31 2156
74 2009
18 2417
66 9919
10 2409
11 4738
84 2798
43 8834
23 1536
24 2722
28 5927
23 7092
82 5167
84 9025
37 5813
68 1573
42 8162
50 9250
48 2235
96 8699
86 1510
36 4976
42 7314
94 4259
62 4976
65 5004
51 8448
66 4183
34 8155
55 7276
83 5055
94 4917
43 2448
84 8610
19 9635
79 6783
50 2358
45 5904
28 5956
81 9088
71 3630
74 8252
35 3345
63 9909
11 3784
44 9882
50 6072
58 6647
16 9255
43 7934
79 6853
63 9218
94 5116
65 8204
25 9372
27 4368
34 5112
97 1883
35 1930
11 6137
63 7055
39 9597
36 8263
55 8131
12 1236
80 8171
80 7112
46 3372
49 7229
72 8948
16 3617
76 8882
11 2186
99 4422
16 8698
42 4120
36 4459
38 5806
43 6801
28 7324
67 2743
17 4065
20 9434
88 2536
78 1107
16 6395
23 7511
70 7690
88 5084
28 5699
81 4501
39 2498
87 8838
11 1138
79 4686
68 6544
56 8817
84 2930
67 4436
86 1532
51 6325
92 8425
54 6105
17 5141
66 9822
94 9355
15 1168
12 3313
97 2599
20 6118
23 7947
76 7803
41 8591
72 8861
46 8958
33 4632
46 7081
72 2007
24 8899
19 1324
41 5522
36 6570
81 7037
61 5624
14 2958
13 7639
15 3365
71 2799
43 8765
19 7526
82 1206
20 2285
10 9408
30 3093
12 4772
58 2601
47 9681
71 6694
42 6093
98 4275
66 9375
44 1233
22 6456
85 8377
82 9265
80 1473
24 9902
32 6387
25 2383
78 3053
26 7066
58 5194
73 2900
79 4803
63 4398
66 4159
65 7021
17 8085
27 8855
71 1214
33 2132
87 5393
42 6310
61 5057
30 6983
30 9393
41 6238
47 4865
69 2724
15 6955
20 2825
59 8934
38 7988
50 8807
32 1447
86 6827
95 5286
40 5035
10 2568
41 3403
72 8345
86 8056
44 9544
52 5750
93 6818
32 2904
33 2790
77 1945
57 5675
70 1803
20 8176
59 8290
78 7809
61 8505
23 8654
78 5242
60 9332
100 4035
75 8926
90 9405
29 6920
70 5756
55 3042
13 4863
70 8950
35 3349
84 2009
47 7223
59 7101
37 8169
15 5279
72 4046
19 6177
14 5881
100 6131
74 3506
17 7585
25 2336
32 9977
94 9350
58 9115
61 1394
24 8257
20 8991
37 3713
84 3830
49 5706
70 9952
64 8706
78 5803
31 7440
59 5624
37 3699
99 4252
77 9014
72 2051
59 2483
10 3488
78 1601
86 1911
17 5057
43 6781
17 8229
39 8000
50 9711
11 3608
85 7322
63 6498
63 9279
55 4179
59 2230
39 7260
39 7538
12 4137
67 3245
75 5736
79 8742
72 7911
57 4073
93 1317
71 7125
66 7199
11 1833
70 5218
48 8429
18 9959
13 1502
31 5579
83 6420
89 1558
15 4689
64 6452
17 6844
23 8611
67 2000
35 6046
36 6753
11 2516
38 3515
13 1519
17 8806
57 8496
35 7814
90 6291
66 9230
22 6568
19 4533
70 6919
17 6207
22 7338
41 8504
39 5819
45 9464
40 5860
26 4959
64 2353
25 1410
66 3493
52 5693
11 3469
100 9575
86 6877
65 4306
61 5012
40 8672
27 8683
66 6613
62 5954
27 9095
33 6180
34 8565
55 5448
63 5273
53 3284
56 1485
61 2650
80 3557
51 8146
99 3698
70 6288
39 5780
22 8929
96 5922
71 3262
88 5054
83 8330
80 4509
56 1628
66 2647
88 3849
96 6864
76 5685
85 7732
78 5007
10 8467
55 9454
85 6538
63 7476
18 4186
47 8685
40 1599
92 1540
27 8562
66 6719
27 1671
84 9889
32 3624
30 7784
10 2067
66 8803
28 1965
62 8383
26 8463
70 7905
15 4739
70 2404
50 8696
19 2537
82 2935
15 2029
23 2014
82 1056
75 3648
42 2666
51 6657
96 8029
93 5198
52 4418
98 7346
16 3076
100 7515
15 1007
59 3820
56 7294
89 7361
70 6147
72 7767
90 4456
83 4394
82 2708
93 9602
67 1079
50 7781
80 6979
45 6564
63 1030
82 1531
88 6328
47 5709
17 7267
69 7816
47 5541
94 1115
98 6787
88 8737
85 1375
41 5142
87 3983
33 8396
55 1236
89 7748
67 6856
45 3098
27 3377
27 1561
60 5476
60 1983
50 9678
73 8500
73 6568
20 9271
48 3423
20 9900
61 7637
68 2074
43 2271
67 7664
37 4873
100 8095
17 9805
60 7707
27 1348
83 8946
10 9685
41 8009
73 7478
16 3030
25 2829
44 1362
30 6824
74 5206
42 2236
83 7080
32 5439
74 3290
65 8070
85 1691
85 8260
32 2992
78 1388
31 8495
55 7315
22 1822
34 8248
43 6226
48 7987
47 4117
71 3776
33 3514
84 7247
55 8671
70 5058
79 2661
88 4017
23 6685
84 8366
21 4032
73 8279
84 3342
38 7768
76 4558
87 5214
62 4150
91 8033
69 2676
76 7430
68 6453
10 7514
100 9195
61 8741
47 8064
96 9846
74 9390
57 9037
19 9847
29 3319
58 1015
49 4342
84 2705
31 6377
36 5402
62 1238
38 5857
90 7374
30 6233
71 5842
87 6287
28 9725
51 7265
80 9789
18 5359
85 4194
45 8035
62 2419
68 5942
13 6365
71 1850
47 7680
90 3130
38 9513
48 2902
25 6066
19 2119
46 6926
74 2505
60 7728
20 4032
33 3206
92 4292
45 2553
80 9872
94 8633
57 9876
75 1894
95 8983
32 7571
48 5013
87 7612
81 2153
32 1451
31 8099
59 1061
28 6800
62 4851
12 7932
22 4662
81 2256
55 4843
78 9782
65 4083
60 2182
10 6371
35 7428
87 2801
53 6299
58 9468
43 3516
61 4630
63 9310
95 2706
96 7012
39 3241
18 1982
74 8071
52 8279
27 7970
21 6304
38 3536
16 2089
52 8976
21 1966
44 6186
54 8689
27 6514
20 1441
13 9685
21 8160
49 8250
29 4837
57 1168
65 6386
35 9738
61 1708
61 2795
16 5363
76 9062
97 2524
36 3297
24 9333
88 9985
26 2929
83 9746
20 7023
42 8872
73 5585
49 2973
75 5094
29 4042
98 6074
98 9592
87 2515
80 7138
34 8734
99 1698
59 6331
67 5025
23 6841
89 3853
16 6531
79 2899
64 8511
29 9944
36 5679
54 1665
82 4028
92 2709
89 6479
20 9771
93 4140
39 2697
96 1811
98 7990
81 8210
52 6644
42 2616
30 2008
16 1650
95 5983
45 2504
21 6250
12 5334
33 9690
97 9552
91 1927
20 1864
55 3124
17 5023
31 8096
14 7833
50 5679
41 2633
99 1648
65 1430
67 7910
83 1841
63 4567
35 3051
15 7600
54 1908
37 6396
80 6265
27 2891
57 6319
42 5635
11 4552
56 1925
63 1592
66 8058
46 6480
16 3986
98 2268
33 6429
98 5801
30 1942
84 5132
93 9512
85 6412
74 4243
67 2306
72 1724
66 6269
56 3339
45 2456
37 9784
51 5282
64 5639
55 1235
33 1474
78 9199
44 2696
96 3378
47 2747
45 5476
68 1034
14 5167
47 6114
97 4390
51 9971
24 8603
22 4972
22 3006
77 9354
83 2627
10 8791
48 7728
43 6386
36 6675
46 2835
32 6145
25 9737
14 8754
50 8186
31 3917
19 6815
51 8096
94 2853
12 8171
53 5549
29 3006
23 1693
79 5865
98 2045
30 4035
65 6368
56 7801
26 8700
69 1915
97 5804
60 6555
57 8183
37 7992
55 2959
58 2043
36 6821
42 9212
99 7820
84 6072
11 8982
23 5475
64 9358
10 9813
20 8154
16 5112
70 8723
47 3046
17 2416
33 5531
43 4860
67 6576
47 6129
45 1482
58 5585
41 1112
79 9448
74 8023
91 4319
39 2397
10 4825
45 7573
92 2908
71 9217
13 6348
38 5924
96 6845
25 8055
29 5805
61 7080
38 1461
22 6420
37 9296
54 8906
12 6159
57 4478
52 7382
12 3641
34 8385
93 4111
58 6039
60 2294
87 5030
57 1178
89 8534
53 2551
75 4485
21 8193
50 4276
100 5523
31 7118
97 9625
11 1850
53 2488
80 1221
37 3029
22 1814
23 4375
15 9763
11 4507
20 4304
98 3724
97 1089
99 9032
47 7393
55 1877
67 6227
77 4315
62 1955
46 7265
17 3987
90 4010
99 5505
40 9202
45 1143
60 3454
29 6385
44 2668
41 5606
19 4626
64 8392
81 3397
13 3309
17 8078
46 1711
28 3115
40 2165
14 2495
16 1337
38 3242
25 5942
86 7942
95 5541
87 5911
84 3207
40 1913
92 3729
53 4347
81 9640
75 8497
82 8916
45 9897
24 7680
48 3289
39 5488
85 4490
92 9362
55 8624
55 7113
69 6140
48 7067
28 8008
16 3243
91 2215
64 8154
11 7959
18 5556
32 6100
57 1395
15 2999
80 6040
59 9796
94 7054
90 8016
53 9433
86 1475
21 4316
49 9664
65 4375
82 1500
44 8089
50 6682
72 3525
31 5863
17 4399
20 4401
65 2217
73 7233
12 5346
26 2323
12 6136
70 4044
34 1795
75 3100
52 7307
57 5548
27 5283
71 3304
78 9777
23 2801
79 1421
91 6719
15 5979
61 3533
84 1381
59 3859
91 5598
62 4105
47 2298
88 9723
24 8143
18 9732
24 4078
33 1142
39 2835
22 2138
71 7931
23 4708
74 3045
12 1443
81 5617
60 4201
36 7399
56 7982
89 7479
90 8588
15 5030
18 2314
12 1746
11 5350
69 7403
96 6748
37 9404
57 2548
10 3470
72 4462
58 5742
42 3683
80 7352
93 3799
92 4333
54 6534
60 8874
56 4602
77 8289
22 2853
45 1670
21 7814
18 3213
11 8828
87 9127
11 1607
74 5266
50 4670
81 3751
50 9322
21 6739
21 5686
31 4307
51 9106
61 3548
48 9044
95 1018
99 1703
44 1150
88 2442
11 7259
62 9761
69 7403
68 4893
62 6337
43 1780
97 2222
91 5364
48 1077
57 6035
52 6430
98 6360
83 5013
66 2240
14 3152
69 7811
64 2306
81 5504
93 5878
68 4181
25 8507
60 3219
47 8506
11 9033
31 9327
78 9281
73 3925
22 6032
66 6389
72 3309
84 9574
57 6356
22 9917
75 8431
55 9190
56 9183
24 2534
19 7529
43 1058
60 4399
16 6154
42 8580
51 8015
75 3424
43 2822
10 5155
93 5543
65 5967
95 1656
94 9614
25 3737
71 5035
45 3652
28 5511
62 6476
13 2320
94 6778
11 1222
49 4351
41 1218
99 9781
76 6563
80 9135
26 9768
41 3421
36 5650
95 4895
96 3145
85 9849
27 3089
50 5197
48 8812
16 2038
73 8547
45 4608
77 2076
89 3019
84 9637
94 5260
68 2652
50 8928
45 9279
86 5274
30 7669
39 6795
54 9778
79 9608
28 1772
31 2911
97 7753
68 7553
11 2456
17 4823
18 7635
75 9333
61 4562
88 6038
67 7711
32 8598
54 4511
28 7472
33 3038
52 8473
21 7868
47 4166
31 3133
87 8289
54 1979
32 6288
67 2491
22 3671
16 8834
98 9943
46 7816
63 2492
20 4841
50 1684
40 9883
28 1680
62 4920
21 9508
79 4784
47 9860
78 2999
61 5665
49 6726
10 1710
13 2886
54 6042
55 4030
73 2276
59 8432
42 5364
76 8896
100 3696
96 9015
88 9326
35 9221
81 1483
90 7756
18 8245
54 9195
55 1804
13 3926
64 6831
73 5135
82 3787
71 3554
41 1380
100 8254
53 2855
35 5740
57 1076
16 7067
19 1031
64 5259
53 7859
61 7890
69 5021
87 3306
46 3124
84 2372
34 4586
69 3083
52 3058
72 8056
94 1632
82 7977
13 6709
87 6796
38 9429
26 6686
100 1510
28 8296
76 8901
59 4417
50 5371
22 8494
19 5711
44 7439
87 9990
83 4397
72 6735
30 3766
18 5015
69 7990
15 1502
32 9589
34 5292
100 4781
47 2033
64 1911
100 8598
76 7990
63 7905
42 7613
62 2214
92 8964
72 4033
64 4937
87 4732
88 1882
83 4167
63 2797
100 8622
54 3129
70 3248
74 5418
60 8024
84 4348
79 5970
75 5225
99 4305
33 3010
93 7822
27 6092
74 1997
67 6901
97 5708
15 1823
48 5596
23 3156
14 5774
74 9093
84 5179
35 2237
75 4407
36 9187
62 7499
82 4707
43 4777
86 1136
15 6958
33 5029
22 5727
57 1100
54 7160
62 5964
73 2402
72 8966
24 8231
36 7527
75 2089
64 6322
60 2369
24 7848
53 6572
86 2610
19 2048
48 1466
84 8388
60 7644
44 9242
71 6727
43 1400
59 8040
100 2133
17 1792
32 2022
24 8807
43 2376
10 7794
20 3923
27 7249
50 2630
97 4400
66 6771
59 1951
79 2918
14 6363
99 9624
71 5701
77 3741
52 7384
34 7779
22 5578
86 4977
92 4477
47 6012
81 5974
45 7638
18 9748
69 3220
29 6191
13 1326
22 3347
31 5272
92 3783
22 2166
61 8090
48 9626
47 7233
26 1791
18 5037
76 9937
49 4329
99 2405
76 5318
63 1491
62 3995
31 7942
58 6045
33 7821
44 8949
60 9275
58 6076
46 8981
95 4303
39 3251
59 8326
21 3594
54 4221
99 4620
77 9329
78 7795
80 1298
21 2480
69 5257
94 8073
14 4846
17 8871
56 7535
69 1984
28 8121
38 7033
60 5296
96 8375
86 7904
28 2216
59 5759
63 2808
48 3129
55 3424
86 5016
51 8746
44 5906
19 7611
49 7617
71 5571
77 2268
56 6243
67 2141
98 1878
90 3112
87 8074
38 6953
23 1455
88 3971
49 6183
77 9599
80 9426
44 1908
26 8135
57 6553
87 1780
72 3371
71 9414
33 7575
54 5731
31 3649
72 2727
82 5919
56 6311
81 1912
25 6975
57 3831
54 9654
28 5245
32 4079
95 8049
75 9275
72 8182
78 5664
78 3096
75 9377
45 1428
36 6742
38 4517
21 1038
21 5231
82 6193
94 3563
32 9578
96 7118
53 9140
93 2437
85 2755
81 4795
32 8133
15 4607
78 4926
72 2408
68 2390
14 3890
37 9234
98 3975
57 2927
71 3711
15 8916
25 1683
94 2413
57 3167
68 2829
42 2727
52 4349
43 2815
61 7858
14 9385
78 1124
91 2267
25 5876
65 4936
74 2758
48 5931
98 9765
23 2434
62 4767
80 4285
39 2094
56 9153
51 9244
91 6887
12 4908
61 2712
91 6974
19 9500
97 4755
62 1678
95 4603
84 6957
91 5502
30 1407
40 8263
91 6018
69 8644
26 3312
88 1180
86 6860
12 1212
31 5095
59 2402
25 1644
99 5237
66 7111
70 1779
50 8810
60 4086
81 3517
14 9085
18 3131
88 6504
53 6749
41 8979
17 8332
29 6546
34 7582
47 4203
76 1286
55 3926
79 1817
99 7715
77 4741
65 9464
23 6953
38 3366
89 8810
45 5313
10 7775
49 2793
37 2971
72 5718
30 5299
90 4566
66 3104
52 9662
20 6683
79 2795
47 6993
24 7596
31 1365
11 9334
49 3286
42 3924
62 1471
10 8213
60 7336
80 7232
54 4746
90 2360
45 8676
21 4648
53 2647
13 1086
32 6303
15 9980
68 4846
56 3990
55 7362
17 9138
53 3364
11 2943
36 1295
24 7514
31 6280
93 7249
100 2813
82 6410
21 1756
86 3039
14 7267
77 6978
49 8225
17 4900
12 3739
18 9922
97 6861
78 3487
24 7997
77 8516
39 1672
86 2074
96 6287
90 2403
81 6104
45 8749
18 4770
86 2182
90 5338
11 2959
24 1441
70 9256
19 5350
41 1045
27 8877
42 2757
46 9396
83 2999
80 2773
61 9193
15 2889
18 3291
97 4898
27 3194
12 9345
47 8372
100 1467
79 2980
51 8108
35 2481
74 2376
83 4126
85 3225
88 3250
93 4393
30 3063
78 5794
77 8649
31 6219
33 1850
52 4048
86 4354
59 5768
16 5470
50 1011
76 7388
60 9334
82 4315
93 8653
98 2434
82 8394
77 6984
44 1764
91 5753
32 9846
82 7227
75 8645
40 8698
34 1454
38 8149
26 7392
74 4518
41 5443
68 8666
90 8582
12 1286
91 4573
33 1137
65 3003
94 7430
56 4172
47 9541
72 7235
18 3721
25 3952
68 4602
68 8116
71 3229
70 3775
28 2830
98 4617
99 3818
25 1305
34 5067
47 8540
59 2054
22 1725
44 3121
74 1845
76 9542
31 5282
50 3507
40 2813
33 4461
60 1853
81 4811
32 6542
14 4023
21 9197
96 5923
90 5876
35 6417
71 5846
72 2193
38 8183
27 2120
87 4142
11 2927
39 7278
36 2227
14 5796
26 5467
41 7447
82 8212
84 3910
84 3020
18 4843
77 7290
92 1014
21 3810
23 3168
40 1804
49 9013
13 9801
80 7564
26 8129
53 5531
77 5571
56 2531
35 9692
99 5450
47 9883
22 7939
16 3602
71 1921
65 5041
22 4346
32 4021
72 9067
22 6460
70 1015
84 1094
15 9788
10 2006
69 3520
34 8617
14 3481
28 5397
78 3567
18 8345
75 7937
25 2604
25 1255
58 4660
66 9382
27 7443
43 1533
65 9029
69 6321
73 5988
59 5676
19 4709
10 1484
69 9980
64 5231
70 4136
64 3660
50 5035
46 7057
52 3608
83 3307
25 9544
50 1975
70 8626
63 3206
67 8828
13 8442
96 8880
13 6113
52 8836
71 2903
66 1120
41 4619
11 4516
72 8225
98 8461
36 2105
24 3396
100 2559
56 3261
37 5882
41 4466
95 5988
59 8685
42 3403
50 3426
79 5624
38 8599
93 2402
93 2637
72 9951
15 7092
27 7900
26 2659
79 6682
56 7813
24 6258
67 1432
20 1684
79 7723
53 6997
13 8608
96 4832
95 1382
71 6563
24 8350
78 2236
12 1312
91 3464
83 8835
55 4481
31 9573
67 5865
82 5001
66 6923
83 2256
54 5972
70 1596
52 3064
73 1430
100 7636
98 9176
33 1563
71 8784
91 5614
15 5127
80 4031
76 6495
51 5418
65 1813
62 9479
16 5907
77 2399
85 1494
82 1450
38 4592
76 8084
17 2932
73 3559
61 7367
82 3590
35 4514
72 5455
66 6171
37 6162
80 8922
80 4600
13 5704
70 2245
35 1088
37 7742
74 5705
36 4189
96 7109
17 8529
47 1266
90 9051
46 6999
90 3937
76 9477
68 6202
52 7536
99 7170
99 4379
53 8980
92 4056
24 5511
77 1060
89 3083
98 5084
88 9255
51 2061
83 6618
71 8905
58 7567
14 8568
94 6895
31 9950
34 4812
71 7380
82 8954
59 4191
65 9058
68 9386
46 6846
13 2773
45 6824
71 7380
84 4136
58 9158
33 3598
58 4575
74 2983
42 6446
56 7472
43 3933
94 3790
56 8412
44 5576
39 6367
67 4249
54 7686
63 7337
17 7798
42 4114
81 4965
16 2604
35 5566
23 2382
72 1883
37 4839
92 8094
88 1491
69 5967
80 1282
32 6315
82 9209
38 4092
16 1318
84 2900
22 8517
99 1195
94 7876
35 2526
52 8617
49 7140
75 9479
11 4600
35 2729
87 8012
26 8179
30 7175
63 7859
85 5196
35 1278
37 9637
88 3743
43 7315
24 5055
34 3206
29 1013
87 9659
72 7735
35 3898
22 5185
40 9441
55 8329
24 6283
72 2469
83 8736
12 2748
54 9457
99 9903
57 5311
10 3911
44 3949
45 4066
43 9095
58 8392
85 4014
76 5868
75 6810
13 5589
88 2893
39 4502
64 8298
100 9172
23 4047
79 4988
47 4721
65 6263
40 5666
24 2952
45 3653
22 2597
62 9559
69 2357
17 3428
74 7304
25 3900
46 3923
36 9673
62 6498
31 6148
79 1558
45 4770
59 4116
97 2806
55 3519
42 3177
77 2036
38 6514
53 6877
13 7370
37 7500
74 1362
52 4580
40 2076
59 9921
12 7113
19 8797
95 2207
66 8132
74 8803
23 3952
85 9315
65 2543
62 5916
64 4168
17 8593
55 5875
17 6054
81 9276
57 4228
26 1121
62 3741
53 4354
75 4021
53 5568
57 9170
32 9401
95 7153
22 6489
23 4090
26 1229
84 3198
28 8814
27 2550
72 6557
100 1551
81 6195
33 4012
55 9151
45 9333
31 3074
31 8493
51 6879
85 7219
69 7173
60 4532
78 6692
68 9830
22 3101
30 1831
91 9798
40 6103
19 2758
63 5314
58 1132
55 8253
46 3007
82 8188
50 1514
100 6642
74 5016
59 8379
26 3727
72 5004
23 8443
14 6843
65 8401
81 7712
74 8996
83 2665
71 1758
68 1679
92 4171
24 1002
38 1081
78 9884
100 6416
43 1595
14 6108
10 5462
45 6085
33 6535
26 2112
79 5302
30 4536
57 6791
57 6361
27 6900
97 7460
87 9575
100 8041
12 4714
54 6168
43 4094
50 3389
33 5056
86 1943
38 7689
47 7582
82 5662
69 6623
72 4136
59 5540
36 8947
16 7561
71 7659
25 7585
23 4086
19 7726
59 5041
59 1710
10 3160
40 7387
68 1278
45 1096
31 5352
74 8343
55 9399
51 1497
87 1429
29 5684
36 7144
98 8391
47 6548
26 3488
76 4678
55 8804
71 4467
78 6007
68 2500
92 7471
67 5334
23 7466
79 2032
80 9804
22 5827
97 4245
26 4180
47 2599
30 5415
69 7228
41 3412
27 1336
19 5347
33 2968
61 7815
21 3661
91 2063
56 6669
49 1463
17 2304
24 1645
35 7679
99 4292
55 9906
40 6314
23 6891
93 1758
16 9905
55 4578
18 6560
100 4626
53 3215
92 3420
95 7051
37 8892
59 1669
94 6898
66 6581
19 6711
91 5637
75 1713
39 6070
62 8697
88 3025
53 6564
89 7689
63 9819
25 6765
29 8759
11 9827
13 9325
59 1945
23 5550
38 7784
35 6213
96 2666
85 6340
78 7537
91 4733
20 1304
23 3902
16 1457
95 2186
50 8970
94 4518
79 9850
29 2324
85 4279
10 3792
44 3367
69 8270
73 9295
13 8502
26 9433
30 3758
45 7372
87 2128
97 9383
75 3850
35 7099
92 2491
78 8629
14 5771
60 5535
19 6048
16 8820
50 1639
96 3210
20 5186
59 4414
14 9444
61 9583
60 5989
31 6236
13 1985
80 1196
95 5859
98 9059
11 4384
79 8148
92 7138
82 8558
14 3092
25 2565
12 4633
31 2863
26 2799
24 1301
32 9367
72 2642
47 2648
61 6057
53 1612
24 2240
86 1735
38 8106
16 2617
61 6908
61 9894
37 1237
46 3324
63 3557
60 5017
87 7488
77 9643
34 8653
36 8703
20 1708
19 8192
67 5791
68 7414
83 5907
18 4897
34 4001
38 6269
73 4871
37 6563
94 8507
73 3865
91 4156
93 6973
14 8817
76 8388
93 6401
50 2349
67 4045
43 8440
78 2551
46 6050
99 6443
23 6848
96 8431
33 4680
36 7795
27 5030
62 8796
93 8780
68 3545
93 2895
28 1912
42 9256
49 9490
92 2170
15 9343
80 7970
68 3599
58 4549
88 9146
94 6619
33 9180
16 8013
98 7344
99 5833
55 1802
48 7729
67 6954
83 5811
41 5984
82 2471
72 3966
13 4316
62 2390
27 5513
47 7640
12 8696
41 3307
91 8492
28 3203
23 2718
58 6997
37 6746
50 3156
80 6368
90 3302
55 4412
14 8909
31 4530
39 9217
39 4310
31 7551
59 4285
61 2608
58 3694
27 6992
30 9708
60 9662
97 3642
95 7323
83 5365
87 7703
67 4514
10 2856
40 1282
93 2072
59 5621
99 5916
64 2494
98 3308
29 3119
27 3302
33 3706
82 1989
63 3550
68 6638
62 4814
44 9189
68 5566
13 7186
94 5952
98 2948
80 2944
90 8795
78 6519
56 6759
25 2164
58 6625
58 4637
93 7936
15 5108
17 2271
58 8870
74 1176
30 6261
60 6766
12 1039
15 3725
93 6589
97 6718
10 9856
19 4703
72 6437
74 5265
57 9780
46 3518
36 1678
88 9512
40 9521
13 2321
33 6794
37 2735
68 9941
47 5259
40 3818
86 1468
55 4534
51 4324
33 4731
35 3457
54 1816
60 4025
85 9627
67 9867
55 3183
58 3033
60 2198
14 8211
15 4633
46 6902
35 6709
27 9119
15 7761
31 9835
20 6605
54 9751
66 5473
10 5341
10 5577
22 8806
88 9220
47 2321
39 9348
58 5121
96 9866
60 8704
10 5910
56 7400
96 4945
56 5541
35 3770
83 8024
77 2566
37 5080
51 6016
28 5715
50 5300
42 6735
65 7381
64 6223
45 2226
69 5845
94 2710
30 8921
17 8537
35 8698
44 5853
62 7795
34 6477
77 4558
96 6137
80 8718
18 5898
50 3915
57 1227
26 1884
27 6047
89 7509
93 1806
13 7171
99 1930
64 2327
65 4686
53 4638
36 7340
37 7632
54 9768
98 9541
77 5960
86 7648
83 1896
53 8787
91 9442
23 4446
61 4612
37 3174
28 8457
15 7537
22 6345
16 7210
23 4048
38 7360
78 4789
17 9687
38 6003
95 9863
49 4614
43 7698
15 3740
53 7985
97 1823
23 1210
26 2887
23 1628
36 8274
71 6099
72 1134
95 7860
54 9712
43 4040
57 7014
60 7548
77 8376
15 8577
70 7164
37 3339
88 6236
37 6484
54 2398
34 2847
79 3626
45 8775
21 4296
53 4792
82 3823
19 8602
61 3781
51 7878
97 6325
71 7263
61 7056
48 4582
77 2468
60 2747
49 8977
27 8965
92 8975
11 2758
53 7477
96 1831
81 2205
47 1648
40 3115
71 5315
31 2108
21 8500
88 2114
23 1665
52 2258
84 6502
49 4991
40 5834
24 8090
99 5760
87 4349
99 3215
31 2527
75 2870
39 4332
65 8219
31 1678
38 7856
39 8701
98 8469
85 6721
30 5105
65 2527
24 5995
30 6500
31 7205
33 1488
68 9137
50 8858
57 3370
45 9980
37 5017
95 6821
45 5588
91 7724
78 5759
57 8399
97 9686
34 5341
27 7216
71 4027
30 7567
18 1155
53 2034
46 7225
43 5683
90 8556
90 4325
74 9577
54 6023
74 1056
89 9886
92 2016
26 3808
19 6425
17 6539
52 8353
88 5128
53 2179
54 6119
70 3333
41 5091
61 1800
15 7867
86 2829
47 6077
46 5328
13 9734
38 1028
65 5911
11 8096
14 6230
27 5372
28 1615
60 5526
29 8865
39 1913
98 4627
82 1302
77 2189
92 8419
48 9289
44 8166
36 3517
34 7313
16 6472
77 1506
98 7884
45 6775
88 6156
94 7929
43 9561
66 2122
49 7143
95 1227
52 3008
63 7314
96 4761
60 8991
72 5021
31 7713
95 8305
35 9620
58 1069
60 1262
73 5065
72 1647
81 4372
78 3566
88 7482
100 3186
31 6813
31 3612
44 9793
76 6281
42 2078
23 2040
20 2163
20 8536
77 1052
64 5640
18 9702
27 3319
40 5288
80 5717
57 2018
23 9376
53 3376
31 6928
20 7701
41 6570
30 1948
96 3161
20 6069
60 4450
30 3861
40 6969
79 1031
47 1207
48 5636
92 8996
74 3715
45 2653
100 7421
31 4725
74 9525
84 6620
52 2248
75 5990
12 7201
36 3899
42 9611
28 3343
59 5595
10 7682
15 5745
38 5329
78 3509
61 1398
66 2169
70 5880
79 4486
80 4195
74 6514
97 4310
17 1396
36 2521
53 8837
67 1374
54 9545
29 7185
57 7004
67 8303
88 1451
22 4805
97 6930
88 9508
25 5559
68 9078
73 6662
26 6640
63 6811
39 4429
51 1052
67 3607
97 6458
61 2183
66 8779
39 9570
27 3523
90 6199
54 8295
37 8013
90 4479
36 2868
79 6628
35 7917
67 8651
70 2215
83 9890
61 1245
66 5183
29 4964
36 8986
31 7951
28 9001
22 6371
75 8408
47 7740
87 3110
93 1363
76 1597
46 6160
32 8746
37 8192
86 3702
94 8575
37 1215
44 5408
70 4834
91 2620
52 8604
33 5795
64 5880
98 2967
18 1636
16 4106
19 1530
50 5899
11 1843
59 6888
21 7787
18 3911
82 2900
46 6303
73 2407
51 9806
47 4643
67 8129
77 6826
77 8092
10 5373
69 7895
66 1692
85 7476
21 1245
36 1421
31 6528
97 8867
48 9680
14 3003
37 7757
29 9388
92 1984
34 3494
28 8265
56 6022
76 8664
77 9843
18 8749
80 3059
11 4404
45 7936
41 6320
47 1734
44 6561
38 4563
58 9951
14 8233
78 4226
64 5941
98 3193
25 7128
34 9423
34 7569
58 3386
82 3197
78 5135
17 1654
43 9769
22 6492
62 4407
72 5168
14 3015
94 7078
13 6487
26 1173
69 7407
63 5858
82 6383
14 4402
76 9064
41 1470
61 5390
84 9001
97 8858
65 3306
18 6895
81 4150
53 3477
76 6392
88 9956
76 1803
45 1116
43 8260
59 3960
87 5502
73 4742
74 4697
40 1147
60 2168
21 3655
22 2393
41 9736
99 5170
59 9564
99 5039
16 9131
24 2134
20 5694
77 1571
57 2802
98 8154
85 1621
40 1345
81 4555
92 1458
79 8628
57 7772
22 7556
74 9327
72 8630
78 6064
78 1253
95 1822
34 2358
15 9145
96 6814
61 2414
61 3249
11 7013
33 4458
51 8375
100 6592
66 3514
15 8482
99 2985
99 4316
99 8374
44 2755
38 7600
93 2416
71 5421
83 9990
26 7681
28 7052
18 9475
71 7656
48 9761
88 6616
75 3651
21 7756
13 2094
68 5786
18 4405
87 2935
42 5173
56 2831
78 1346
14 6286
80 4118
71 2451
90 8328
62 9437
12 1901
29 4004
25 9877
99 3230
64 5187
84 3206
44 8147
52 7087
72 6753
98 9578
55 3415
58 9414
86 6312
32 6590
77 2213
54 4912
60 5256
92 8407
31 9874
17 8669
52 2284
92 3981
47 7570
90 9114
42 7072
77 2123
21 7106
10 6119
70 6566
35 7143
40 7800
78 7084
22 6005
36 4680
90 4880
66 8378
74 7928
45 9117
33 6807
25 7345
30 3069
24 9042
50 9613
53 7125
79 2620
83 6285
50 8114
15 6383
96 3950
22 6714
64 1511
51 3639
95 1126
97 2783
97 3151
23 4152
12 1575
52 8075
63 5557
97 9300
73 1098
75 7484
61 4617
71 9799
70 7800
18 3354
48 7958
20 6749
81 3832
36 7933
79 1353
81 6414
44 1644
12 6636
43 2913
81 5899
22 7227
59 2546
19 9540
15 3988
20 6691
68 6371
14 5843
64 9332
73 4578
28 5631
68 8097
74 4887
59 4111
60 6154
56 7219
18 9871
86 7912
50 6389
90 7389
43 6228
82 4211
45 8288
63 8913
26 4797
63 8416
41 5651
25 5199
45 7974
73 2138
15 1671
70 9128
12 2698
19 2668
82 6949
11 1121
67 2098
31 9829
65 7954
27 8525
92 5720
11 1572
59 9632
72 7942
50 2975
27 4925
78 1575
29 5438
75 2131
87 1110
43 6356
23 9105
72 4238
58 8480
41 9864
16 8369
98 1023
18 1207
15 9015
25 1880
39 5875
95 6772
80 1902
87 8213
63 1726
37 2013
13 7354
52 7504
55 7156
79 1437
85 2170
85 6976
22 4273
15 6675
69 3365
32 1441
44 1020
36 9175
90 6896
29 2780
38 9679
19 5082
20 5767
28 2705
78 9373
61 6771
65 8353
31 1584
100 6164
30 7684
94 3917
93 1896
23 1094
63 2469
61 4485
36 2447
93 7950
11 7752
99 9590
26 4746
39 1918
70 3028
82 3306
57 5099
78 9790
24 8008
100 6973
91 4156
87 1337
62 1930
81 4604
82 8576
83 2694
98 4499
58 1675
27 8136
47 6139
60 4635
97 2509
55 6039
20 3091
45 5647
31 8530
42 1368
22 8966
14 9526
68 2477
49 2797
36 5964
23 9081
97 7065
10 1619
11 6089
68 4032
37 9221
53 3189
95 2363
95 8016
20 1323
26 9623
73 7989
70 6364
46 3948
71 5325
77 1915
50 7154
26 1767
54 9890
33 3121
86 1965
46 9222
10 5065
87 7187
86 7569
19 5066
65 1533
68 6637
92 5717
17 3182
48 5289
25 1415
28 5689
89 1340
21 8493
50 5319
45 7057
45 9546
83 2318
13 2098
91 6551
96 7789
27 6542
43 8864
12 5176
34 6637
34 8643
80 4426
96 2256
33 2724
19 3356
53 5496
67 1397
56 4074
22 1352
48 9311
84 7132
31 4222
96 6030
17 4200
15 5121
42 9549
76 2381
20 4703
23 4553
21 3418
87 7323
23 4729
31 6697
25 6361
28 2182
68 4990
86 7557
57 7481
81 3202
77 2592
66 8118
28 7940
82 9492
100 7816
57 3083
79 2096
28 2988
30 7204
54 5396
43 5877
25 8564
82 2127
53 8989
84 1173
92 1509
11 9489
64 4431
93 2969
57 5593
34 9171
85 3281
55 1762
62 3754
62 8661
76 6075
65 4095
35 8930
19 3543
77 9913
71 6181
60 3345
55 4267
95 9906
34 7077
52 6233
38 7231
95 7521
31 8898
80 5281
49 1705
61 4207
96 7277
56 2494
18 7724
54 6426
64 2400
99 1213
