56 5736
68 8031
38 8195
98 9199
43 8205
10 8260
71 7117
91 9034
14 1464
80 5495
53 1694
14 4147
11 5525
56 2076
39 5727
44 3218
40 2027
59 8159
76 8102
27 1159
76 2838
78 3539
83 8534
73 7392
24 6881
64 1538
25 6545
47 7549
95 9951
76 1201
60 7445
55 2490
70 9115
40 6943
82 5374
47 3252
88 5900
27 1133
40 6255
79 3532
97 3791
92 3350
23 5733
73 5710
42 9112
83 1424
47 9994
80 5746
83 4418
84 3947
52 4950
19 7186
78 7831
35 3535
25 1854
52 8284
99 3506
33 6182
100 2795
51 4202
98 8168
75 2809
46 6172
11 4450
74 5506
33 7062
57 5128
64 4288
16 3069
16 3259
63 3392
29 7376
85 4060
23 4899
94 6829
63 7553
78 6538
82 9079
51 8537
53 6913
43 7085
25 5057
23 7997
59 2910
58 2116
77 1757
25 4834
64 5397
81 1191
34 3646
60 8344
94 3023
44 9362
21 2635
87 9355
28 8163
95 5321
58 9690
42 7172
22 6091
66 1467
45 8753
68 9965
47 6436
84 5402
16 6321
66 2532
27 1030
65 1880
88 6872
59 6471
95 4445
28 3188
73 8785
92 2883
51 5876
15 7655
12 4384
82 6869
74 3189
90 9931
52 3978
100 7724
69 1058
53 6724
12 2410
75 1726
68 7597
23 9490
41 3043
10 4227
54 5570
29 9254
94 3380
54 9445
60 4596
35 9000
100 8185
43 1926
53 5465
73 2847
23 2718
41 2598
10 4110
37 4163
86 9881
32 2152
15 8523
64 1897
52 4143
16 5956
91 7391
52 6906
79 6662
68 3573
99 3233
65 5971
32 9591
14 6289
16 4872
36 9369
44 4370
70 4082
69 2392
93 4920
18 6438
31 6952
24 7341
48 7900
49 8172
53 1938
85 7126
52 3008
97 9452
45 3346
20 1501
46 6856
23 8160
70 6260
23 1739
43 8982
71 4183
56 9579
69 3216
86 5131
100 8270
12 6044
28 8314
28 7541
28 5856
54 2033
23 9198
36 6714
20 1874
12 3285
66 5005
73 9683
42 6874
84 8662
50 4924
83 2381
29 9683
62 2818
80 8526
34 3532
66 6509
80 7517
58 8269
81 2502
42 9480
87 7477
17 1648
43 1575
45 1027
78 3739
50 5553
28 8698
54 4145
79 5859
87 8350
12 2375
30 8656
86 6783
28 4954
94 8293
66 9588
97 1221
79 3681
71 8766
45 6951
57 5227
10 6003
98 3813
65 6663
83 8055
19 7869
84 3351
98 2325
76 9248
47 2921
35 7655
88 1434
23 7113
98 7050
10 9886
33 3185
86 7332
33 7634
72 3556
94 8475
71 9248
74 4375
80 1537
84 1400
40 8935
40 5420
21 8850
21 7411
23 3589
90 2863
82 9179
76 9495
29 8157
25 8509
31 5948
56 7579
16 2976
25 6376
75 7910
66 9237
74 4309
68 9484
38 6900
36 1156
86 5408
63 8531
43 3938
23 9375
47 2641
13 7869
42 8502
23 7550
48 5064
92 3014
26 8619
73 6089
97 5237
68 1250
67 7915
60 5073
53 1832
38 2334
84 5200
57 5944
75 1929
22 7576
89 6175
60 7720
20 7631
14 2593
33 8417
87 9864
86 8096
97 2743
21 1480
74 5243
48 1226
76 9376
88 4410
78 6721
55 1727
27 5697
69 4390
19 3454
98 6563
41 6481
67 2593
78 3657
36 7451
43 4937
43 2685
89 3747
50 4086
91 7553
47 1591
48 9475
71 6659
55 3949
73 9460
10 7809
57 3888
33 4979
43 1564
53 3909
18 2291
59 6245
40 5519
51 6876
63 5014
39 6094
61 5249
63 5168
72 1374
75 3493
47 2061
47 6773
99 5097
51 9522
92 6418
66 3004
69 9752
69 4881
64 2022
15 4406
94 9333
86 4882
63 6252
59 9960
47 9827
98 8043
90 2381
58 8474
85 8046
52 9346
26 8887
13 2471
64 3833
83 8015
50 5932
12 6925
32 3205
52 2512
97 5836
17 2424
77 5167
69 3576
67 4947
21 5272
55 2377
40 5055
15 6061
48 8495
52 8994
18 5618
90 4195
29 6659
93 3678
57 4496
48 7270
27 5976
83 1343
54 4806
21 7884
98 5279
25 3616
94 8346
57 5643
65 7545
16 2553
15 3927
90 7924
78 8910
75 1803
58 7639
49 3452
86 8620
18 7757
58 6823
54 9034
25 8653
11 9505
95 6795
64 6226
13 5163
60 4500
74 8905
73 4798
89 7686
30 1088
85 5129
87 6916
38 9512
98 3443
77 9438
76 3999
77 5594
78 5743
18 8132
36 1447
71 1506
81 7940
83 5869
35 1062
20 3935
55 1760
29 8519
97 2547
20 5028
33 6277
25 9788
41 7895
68 2560
75 8939
30 2442
93 5543
81 3250
61 3287
99 9176
44 6404
78 5971
56 2802
68 2313
66 9525
39 3904
56 9764
69 6491
73 8713
61 2818
54 2999
62 7631
61 3313
26 9173
60 4081
55 8504
24 5266
56 7510
48 4059
72 4527
15 3779
19 7687
76 1339
20 3564
74 2392
55 1781
67 5130
98 2977
62 4985
60 6349
47 7726
63 8891
63 9632
73 3262
90 4119
66 6110
94 1293
36 5965
29 8862
30 8954
20 8630
41 2134
98 1351
27 6189
37 4230
81 7361
42 1109
66 3519
37 3371
83 9680
26 3410
77 8664
57 3372
69 9913
72 2919
57 9894
37 3590
42 9444
98 4219
39 3770
53 9986
62 8532
40 9206
47 4956
81 2156
63 9498
10 9126
73 2378
79 2218
58 7650
34 6385
45 1356
89 8432
91 4053
12 1474
67 4883
71 8003
44 8940
47 7373
33 7654
16 5389
42 9318
17 9898
43 1610
36 2114
75 6431
53 8810
73 9418
65 6788
44 3032
27 7909
48 7066
23 7049
50 2643
99 9614
24 1280
62 1747
74 3758
63 1322
23 3917
19 3647
21 3817
58 1927
33 6400
63 1560
48 1442
33 1072
69 7565
87 7875
73 4274
38 8950
41 3873
57 3263
13 9508
71 1963
88 2226
13 4977
62 9905
25 2790
14 8665
50 5844
99 3931
11 1817
30 5847
57 2712
52 4317
97 5214
45 5842
28 3422
36 4479
79 5356
11 1213
93 8287
56 9792
89 3512
57 1304
16 8887
18 3103
67 9452
94 6708
29 8048
64 8889
65 4080
83 2351
83 7952
24 4400
65 2624
97 8015
35 7610
81 7101
76 5374
14 8103
91 8560
71 5122
81 7973
14 2983
27 1461
41 9754
59 8230
79 3448
11 8399
76 5262
13 3128
47 3878
22 2023
89 1301
92 6890
22 2712
92 7401
25 6680
85 5205
43 6395
15 4884
41 9716
83 1690
11 3424
39 4082
24 6913
78 9432
73 1106
64 9412
40 4039
28 1224
29 1445
90 1982
18 2004
51 6546
16 6245
89 5646
16 8392
78 9418
11 6614
39 3551
66 8527
96 4794
42 6226
100 4517
94 7050
27 6940
16 7255
80 6664
96 8480
85 5686
67 2329
83 7232
93 6238
63 9001
65 9250
84 7381
74 1624
45 9296
92 6610
82 4387
47 3987
56 5563
37 7812
28 5296
31 1889
16 6397
31 3300
87 1238
60 9080
11 8618
71 9282
39 1007
10 5499
83 2144
23 3788
96 3053
25 8134
23 6397
76 2774
22 3175
100 6117
76 2240
74 7230
70 8579
52 8315
91 7109
45 4553
41 6871
66 5314
37 5888
56 3865
84 1144
83 7300
47 7343
11 3366
12 4278
31 2053
87 6727
21 8979
87 3015
91 6127
27 8276
38 3224
85 9094
97 2306
94 4123
92 1836
87 6204
27 1498
91 3913
93 7783
59 7364
33 6173
47 2249
25 2662
11 5413
60 4421
52 9943
83 1926
23 6969
70 1719
16 7499
12 8847
99 6065
23 3592
38 5542
91 7451
29 2545
73 5598
83 8614
16 3620
22 4557
94 5441
49 6573
16 2778
10 1667
63 8332
37 4859
73 1875
99 3239
85 5995
63 6011
36 9649
28 6774
78 4454
58 9981
55 7880
49 3494
90 2147
83 9697
46 5918
84 6607
39 9554
71 8423
12 7818
41 4096
80 1434
98 5703
58 2433
41 2531
99 3370
87 5487
15 1994
64 9971
35 7303
70 5769
74 4314
19 1412
91 2542
70 9549
21 3047
67 8490
70 5210
32 1432
88 6844
94 4194
54 3986
26 8185
37 2222
97 2741
27 6217
19 2828
67 7130
61 6501
17 5288
43 7940
23 6446
98 8978
79 4603
41 2151
53 6039
81 1927
28 7540
93 4075
93 6422
80 8158
29 9501
75 8019
44 8383
18 4081
93 3663
67 2623
21 3578
89 6047
15 7906
86 8297
65 3515
25 3624
24 9000
68 1518
59 8939
55 1231
27 7478
49 2010
70 8626
28 3350
24 5227
39 4079
54 4986
96 1178
31 1136
40 4826
51 3407
93 3130
76 4580
91 8732
51 5432
40 3004
56 1183
28 7219
27 2437
23 3766
12 8467
43 7099
88 9581
48 8535
23 2685
13 7790
78 7007
37 9309
57 5327
36 3128
65 5942
28 7097
16 9890
35 4482
49 2815
85 5319
90 3329
79 3199
60 8259
68 4826
28 2477
31 5964
63 6134
66 6055
77 7518
39 6071
32 4257
36 3913
59 7963
67 5496
49 4285
56 7204
26 5105
99 6554
64 7363
76 8782
33 2864
94 8247
98 8350
39 1709
54 6101
99 2169
56 6061
70 6458
37 4157
72 4829
23 3837
20 6976
65 8718
97 2385
70 6658
93 8825
27 6691
32 2235
78 6364
28 9798
79 6298
72 5057
92 5708
63 4136
30 6614
29 6659
56 2321
23 4969
75 9880
30 7222
21 3245
34 2333
86 5221
51 2437
47 8585
81 3658
55 5062
22 5343
52 4404
58 8344
15 5584
76 9965
86 2214
89 4936
70 2429
94 4561
51 9882
57 3818
99 8204
50 8615
75 3499
60 9674
92 7788
29 5865
86 8530
21 4408
76 9034
54 9121
92 7932
88 2906
30 6044
49 3656
64 2542
67 7808
51 1386
94 8921
78 9180
89 4419
32 9339
12 6419
24 4387
64 5756
44 3613
93 2577
54 7503
29 4954
89 3074
17 7067
15 1788
99 5667
60 5633
84 3907
21 9860
40 5621
93 4139
65 9473
90 9924
64 3119
46 6749
46 3827
54 3878
71 1729
58 5732
58 3339
42 7704
71 8489
59 2254
56 1139
80 1199
14 3859
84 7719
55 9383
19 7921
53 9449
11 4763
95 7535
36 1741
93 6448
66 8088
15 7511
20 9087
49 5995
98 7761
55 8436
34 2651
22 4036
33 4609
59 3359
73 9678
19 2877
74 9746
35 2236
67 4769
99 5948
60 3564
14 4476
74 6473
100 6273
90 9281
60 3343
56 1257
41 9163
23 5990
100 3042
40 2428
72 8049
37 2435
45 5197
18 1676
21 2156
66 3742
38 1849
16 4447
44 7793
19 7942
12 1742
87 2030
84 2070
73 8634
45 6680
62 6270
71 2304
48 8571
52 2297
48 6320
75 2753
68 3376
23 7024
86 4155
69 6253
75 6683
47 1841
88 6691
90 8433
60 1401
62 3015
24 9873
85 5302
27 3466
93 9637
55 5696
32 6680
82 1640
30 7938
26 5734
40 5475
71 1455
80 9932
80 7336
67 5184
33 3571
71 4536
64 9457
32 9515
58 1986
79 8955
20 9684
57 4452
60 2631
15 2675
21 3530
96 1613
17 6031
18 9041
50 6918
29 1171
57 3383
27 7629
11 9992
46 1691
37 8745
69 6278
29 1886
68 7688
61 8589
10 4004
56 9576
24 3843
62 4914
58 6580
88 7263
72 4922
79 9646
89 2788
54 3277
33 3076
52 4118
39 5575
62 9840
39 3561
77 7373
82 7339
29 8764
57 8952
43 7941
13 3382
28 4677
96 6174
68 6362
62 4882
57 3795
75 5966
65 1626
22 1853
65 3918
68 9430
37 7707
85 4341
48 5902
88 7387
26 2380
68 2534
75 7873
26 1740
63 7924
46 1923
82 2110
41 7088
13 9011
93 2196
64 3650
12 8523
95 5044
22 7620
56 6464
28 4273
77 3121
39 6336
14 2100
81 4339
18 1370
78 4176
58 6836
79 5162
78 8153
16 8739
28 2502
84 4224
14 6152
60 2498
58 7644
41 1720
18 4005
55 5998
66 3506
96 2799
41 9426
49 5945
29 3827
51 4145
36 1740
85 1731
42 4798
39 5498
98 1252
71 3273
24 3441
97 4716
37 9070
58 3738
100 4353
83 1190
39 8849
58 5436
52 9676
67 4804
19 4005
54 4101
51 4305
95 7582
21 7652
10 4510
66 8424
28 9867
14 7062
71 9302
10 2178
89 9699
59 1824
12 9425
54 2893
14 7965
51 5508
18 1774
76 3176
10 6214
22 4964
49 4916
81 4805
15 1159
23 2023
40 9133
88 6005
57 1139
86 4554
68 3313
39 4218
58 1329
80 7094
26 5297
18 9197
43 6770
86 8484
91 3161
57 5626
85 1981
91 3893
37 4780
53 7513
92 1391
42 9186
85 8962
60 8132
91 5004
98 1342
41 9671
95 9424
95 3802
79 5394
90 7788
33 2055
18 9170
98 5495
25 9715
92 7719
68 3041
44 8884
98 1410
78 6115
18 9961
67 4773
55 5621
22 6603
78 7757
39 2455
40 8400
84 8786
85 1222
36 6468
49 3790
14 4235
77 3677
27 1757
31 5675
92 3094
83 3243
68 1227
23 6065
46 7619
79 1435
65 8989
20 6952
79 8325
56 1862
44 1421
69 6386
81 2234
14 1286
18 6561
40 3371
16 6888
31 6001
74 4988
12 8900
79 2277
34 9179
72 6092
79 2484
61 7218
37 1055
11 4344
57 8244
13 3447
97 6964
92 4819
38 4889
37 2274
48 5839
85 2452
75 2505
29 8547
86 8093
64 7028
69 3817
92 2745
32 2554
75 5678
12 3001
59 4318
53 1296
49 2862
41 2333
33 9447
36 3944
42 7226
18 1827
14 9229
57 6128
79 6041
79 9908
98 4884
82 3261
50 9138
99 8747
86 3673
81 9144
53 3054
81 2575
49 3120
22 4313
46 2281
61 9832
51 1324
48 1528
66 8431
84 5823
16 6407
81 3732
13 2862
91 6444
56 7939
72 7018
33 7803
38 6768
17 2326
91 9846
70 6629
20 5155
43 9244
93 3329
58 2681
77 8420
49 2064
97 9453
56 2742
27 2145
62 6342
57 8018
63 8994
47 2837
87 1136
36 3838
53 9150
60 4116
25 7254
50 9752
26 3892
18 9563
32 3192
11 4877
97 7881
72 9305
24 2078
38 2923
100 3588
69 8908
24 8252
24 7735
69 6269
12 4930
78 5324
62 1642
91 8091
100 2718
61 8241
61 9796
77 8481
28 7580
48 1218
59 9135
60 2670
67 5196
27 6105
82 7614
47 9096
13 3190
52 8221
45 3262
15 3832
29 4727
36 9902
50 5386
79 4236
61 6542
12 2510
91 1146
56 6728
13 4146
18 2836
29 7772
41 8596
77 9564
85 2185
38 9462
38 7440
94 3338
38 5179
40 5061
43 2240
75 5603
63 6902
18 3691
76 6340
44 6348
50 4646
68 6595
39 9642
30 8871
21 2471
38 5324
22 7933
98 2893
39 7409
76 8363
27 2463
95 8005
14 1358
76 6762
38 1359
96 2429
92 6902
52 7669
44 2543
86 4628
73 8381
31 3784
30 1951
91 5279
55 3203
22 6203
19 8571
74 3562
89 8082
40 6765
63 1907
38 5876
96 3076
24 6083
47 5947
64 2876
85 3697
16 7251
23 5438
14 6773
54 9495
24 4328
23 6185
91 4240
69 3912
45 9615
12 2419
19 9991
63 6449
50 3462
90 1242
51 5472
18 2465
27 8081
57 5567
56 1989
28 5216
20 8798
56 3422
23 7254
44 9840
37 2313
99 7542
75 2729
66 1672
53 2082
22 9391
43 7790
34 5309
42 2589
97 8146
44 9968
94 5320
96 2668
66 2464
31 5852
89 4365
50 8071
28 5336
45 4496
83 2645
38 3040
96 9212
35 8506
69 9879
39 7559
98 7821
63 2474
67 7388
58 6886
25 5204
44 9051
50 1084
67 6540
20 5593
52 9877
33 2054
78 7589
56 6845
56 6809
66 1910
15 1400
12 1311
87 7069
56 5028
100 4212
88 4747
38 2821
57 9125
36 2756
26 6763
23 1184
25 1521
93 5729
48 9848
68 1832
12 6798
87 2352
34 4220
53 6734
17 4494
49 1337
23 3535
61 3908
65 6602
37 2933
75 4398
81 4947
94 4768
54 5640
43 2918
49 3070
67 9690
18 6527
86 1686
18 8447
28 3599
62 2048
53 9601
51 3844
15 8996
37 3865
17 6746
71 9773
45 8887
20 5107
63 9396
39 3932
41 9648
89 3927
57 5432
10 6968
97 1935
60 4874
42 4206
72 2915
56 5389
18 9263
22 3189
86 3802
42 2021
72 7749
93 6679
28 1023
93 3727
61 5491
35 6248
29 1094
91 10000
31 6138
73 3512
85 1318
95 9214
18 9349
79 2773
40 2670
95 7147
68 1595
71 6511
73 8210
40 9315
21 8489
77 7394
35 7615
49 1505
82 7947
64 5640
35 5267
24 7577
54 3079
69 7236
74 6831
53 4098
77 9438
33 5771
92 7578
31 3809
90 3904
46 9610
89 7768
93 5225
36 7728
75 2003
52 3370
99 9626
91 9827
54 8643
21 6863
28 4053
30 8960
46 7319
53 3629
48 3697
67 9505
34 6217
93 5453
66 2529
82 2686
13 4536
47 5843
54 7312
82 6845
23 6184
14 5511
15 7247
70 4135
78 9874
27 5882
35 2670
30 8914
40 2651
19 9652
93 4842
25 9551
62 4931
31 5417
97 9610
89 8314
31 5462
22 6347
54 4724
13 3607
27 3559
30 3168
34 5158
46 7802
49 3682
94 6278
72 9724
63 6255
94 1500
22 9533
88 1789
36 9390
70 4230
63 3236
16 4895
79 6080
80 4176
53 5566
38 9464
17 7269
24 6507
85 1829
71 2642
43 4618
58 2084
68 6082
57 6672
32 8235
54 4309
68 7007
84 9770
12 5958
60 4120
100 3365
21 4138
82 1723
42 4742
40 2421
14 3056
26 5284
44 7468
18 9372
42 1564
81 2551
27 6826
32 5775
61 6869
36 2910
30 3133
80 8571
33 7561
38 1699
79 7741
79 8138
22 6074
93 8700
90 2929
41 2292
45 6811
86 6660
46 9523
62 7832
39 5521
11 5832
44 8531
12 6887
69 1175
53 7263
21 9494
16 5014
61 6857
61 4012
88 6807
55 2057
14 3646
87 7616
14 3508
64 7018
46 1329
12 2104
82 6028
68 7161
63 9590
27 2685
91 8035
31 3786
16 8682
72 5880
61 1054
97 8744
54 8036
38 7931
19 4138
65 2308
12 3524
38 8259
85 8201
78 3335
15 3930
49 8782
73 7156
83 8722
36 5348
55 6226
80 8954
13 9479
46 5881
98 5687
80 5863
84 5039
34 9167
34 4048
18 7877
42 8300
31 9643
11 3811
34 3048
17 4596
17 9130
88 9285
14 4862
93 9736
97 4694
81 4170
42 7916
45 2141
41 9432
24 8495
23 9285
63 1249
39 4181
13 6846
41 4011
53 4036
62 7829
60 9461
25 7659
71 5033
54 3458
88 6463
33 9975
76 3518
14 6488
76 4017
21 3237
52 2430
97 4710
89 8910
98 5293
30 9584
74 1271
67 2423
94 7523
27 3055
71 2319
39 1467
49 3790
91 5503
45 6846
27 2341
48 3411
100 4353
14 2558
64 4491
49 1949
33 6514
73 6235
22 6377
14 8244
16 4690
35 5580
18 6470
75 3113
69 2212
11 5019
45 4212
64 1324
79 1183
47 4084
89 1010
31 6721
23 8780
53 3520
60 8294
71 4563
87 5396
44 2302
93 1244
84 7565
94 8380
88 4375
35 3282
74 8172
56 4471
90 4444
42 3417
81 6233
90 9516
85 9543
46 5378
16 4803
13 3088
81 1566
59 6817
61 9814
82 7159
55 7144
33 6241
89 3431
92 4869
27 1052
24 5787
65 8164
36 6469
87 2166
14 3649
36 4961
66 6773
81 3263
89 7271
19 3030
46 6590
47 9553
75 2951
45 6410
43 6860
70 6052
91 7756
55 7720
54 9215
65 9534
21 6927
27 6009
83 4537
43 3624
60 4149
85 4786
92 9043
57 5798
10 6732
99 1975
18 9573
53 6252
34 5419
23 6237
71 6246
71 5369
68 1464
50 1230
13 8224
63 2651
47 4716
78 2695
35 5572
96 1753
51 8945
74 3287
99 7935
18 4718
16 2387
52 4991
55 7471
27 3498
49 4752
96 5187
88 5301
59 9071
10 8629
67 9605
69 6887
79 6645
25 7411
98 1963
10 9961
47 8033
45 6925
39 4574
31 2930
55 3153
41 3134
29 3681
16 1453
72 1522
42 3068
21 8429
53 6465
30 3117
72 2102
24 5368
85 2159
17 3313
81 1298
31 5437
99 1790
68 7139
21 4915
67 9766
29 1957
10 7185
37 8679
71 8777
83 6919
37 2409
42 3449
33 8147
21 7122
49 3747
58 7587
68 5744
11 1930
52 2889
99 8589
32 5309
69 4937
62 5850
75 2762
15 6585
94 6547
95 4214
26 1594
86 6272
15 8157
69 8640
94 1241
23 6351
70 2473
80 1625
74 6361
44 7664
85 5985
65 4443
52 1039
52 2685
70 2001
60 8685
70 8368
47 6916
28 6133
25 9951
56 8403
67 9989
20 9048
77 7308
43 9118
39 2246
48 8495
34 3223
20 4675
57 9373
98 9542
32 6517
80 3733
37 4028
56 7893
61 5317
