75 4108
76 7846
53 5535
11 4267
91 4065
68 7058
70 7073
95 8884
59 4854
78 1299
69 7829
81 9015
50 1845
37 3729
100 3219
75 5326
36 7625
35 9284
12 4406
47 9814
18 3856
32 2838
16 3080
13 3968
91 2222
21 9734
57 2632
87 9542
52 9003
66 3753
89 3297
76 9489
11 6728
94 4900
20 4966
59 3754
96 6638
83 6732
15 6989
31 8656
53 1139
66 6822
39 6609
33 9092
16 7757
45 2596
45 8546
88 5598
83 4358
88 5130
56 2716
55 3354
97 8968
27 3628
98 5598
75 4721
30 5452
27 6878
56 2341
53 3404
57 9493
17 2068
41 8543
75 3709
58 1078
43 4319
24 8793
27 1536
19 8299
19 1483
63 5451
96 9092
16 4600
93 5774
75 1115
31 6161
10 9318
40 8900
20 4511
62 2941
80 3249
54 4498
56 1440
33 8898
29 3282
61 3580
86 1750
21 5219
63 1024
12 9889
51 5497
76 6091
71 4772
10 8220
38 3077
21 9490
75 3240
83 8121
38 4321
66 5970
33 6875
100 6260
36 4378
20 3542
47 9541
80 5162
52 7143
30 1708
40 7912
47 1712
95 3768
79 9738
80 3728
56 4132
25 2328
28 8280
27 7688
50 8361
84 6313
26 2573
17 1314
77 6164
32 5164
42 2323
62 7430
94 9319
54 1566
20 5122
74 1068
56 2788
19 4529
97 2020
79 3933
15 7640
100 1012
10 2110
56 5868
29 4900
66 3681
16 6275
78 2121
93 2706
50 1420
99 8163
97 1905
58 5598
85 7077
32 7255
96 7536
20 5956
21 5266
52 5483
66 4779
16 5961
59 9808
69 5142
75 7351
55 7758
22 2849
91 6367
73 9549
39 9978
77 6055
67 9849
92 1312
70 2363
61 3136
44 8783
38 9465
29 6420
31 1130
87 7538
77 9808
16 9792
73 4070
26 9199
48 4935
23 3149
16 7986
97 8037
61 8256
44 7567
22 6962
100 6222
46 7226
22 1932
43 2353
16 3162
68 4296
85 9672
30 9715
82 2378
71 1429
38 1301
38 9282
70 3410
61 5245
56 8040
57 7420
15 9112
65 1777
51 6398
90 4530
83 2633
96 2826
89 1755
100 9972
38 2293
99 2211
75 8326
55 4991
45 5094
65 1520
10 9897
68 7732
35 8061
39 7384
91 7722
86 2649
84 6007
53 4423
93 3514
73 6036
90 7545
64 7542
63 2265
36 9608
84 1798
50 8949
13 3517
48 4749
92 8356
92 5346
94 7334
90 2256
13 9097
23 9511
56 5513
23 7544
90 8579
45 2920
79 4619
31 7770
21 8547
95 5306
28 5999
32 6979
75 9197
15 2912
82 9865
44 9343
100 5930
53 6689
42 5205
43 3046
93 9586
90 3341
63 5987
54 5840
16 5133
55 7492
79 6345
19 4971
52 9682
60 7845
99 4592
73 2397
63 1679
84 7380
90 2377
81 5271
59 1500
35 6187
11 4745
41 6627
24 8329
56 1300
81 8968
58 6753
81 6942
32 3969
56 9600
44 9714
53 5741
69 7093
95 7351
37 8020
55 2943
58 3141
74 8128
59 6428
11 4550
14 3982
34 4290
33 6104
51 4301
75 9658
10 5349
89 6501
91 5744
82 1268
30 9831
79 3577
90 6466
47 8869
73 9245
65 6315
12 6491
79 3515
99 3965
72 6380
90 6309
57 3725
68 3956
72 8448
97 4116
23 8928
80 4725
19 8667
40 3931
99 1077
82 1916
89 7712
34 4028
52 2248
31 9411
15 1402
22 4325
57 8294
18 6071
30 8434
61 2566
27 4111
57 2685
28 8164
73 1964
64 7181
82 2061
64 1386
97 2564
37 3133
86 8258
37 5199
66 7897
58 7853
39 1840
21 2444
19 6231
87 6207
15 1996
10 4943
44 5895
38 6615
40 8370
21 9103
77 7570
17 4834
39 3745
92 1182
17 4205
21 9640
34 7988
15 1038
23 2693
24 1582
23 3843
95 3988
68 1337
47 7073
56 1947
86 3127
83 9976
74 9051
69 1536
65 7564
92 4294
93 1615
36 7175
68 5582
93 2868
95 7677
46 2291
92 8944
54 5554
81 9585
87 8230
38 8835
18 1378
19 2786
34 5567
78 9267
14 6333
48 2227
33 3026
81 3178
81 3193
86 2187
19 2221
27 1842
72 5416
79 8112
92 5767
23 9585
32 1579
30 8647
22 3090
60 8397
32 2251
86 3485
34 9353
47 2751
45 4518
90 4799
11 9424
29 8963
33 4421
89 8794
63 5930
76 8046
96 1574
91 4680
50 2376
53 8914
11 4934
73 5308
64 9636
26 8636
42 5280
63 6474
19 2036
64 7589
58 3453
41 3121
41 2267
69 4337
67 9156
81 4255
13 2315
46 3802
100 7403
27 1043
53 3074
69 6825
53 6598
17 6785
77 2798
52 5749
45 8466
90 8161
68 6645
87 5315
27 2042
30 9104
99 9006
17 6767
83 7545
68 6269
91 5296
86 9575
47 4779
41 4148
23 7339
10 9497
14 8859
94 8968
81 8959
30 6277
56 4557
72 8515
16 3289
48 2727
65 2955
67 9984
10 8626
20 3526
11 4702
81 3715
16 5225
54 3861
17 8159
53 8253
39 7292
17 7678
19 9927
33 8754
43 3966
62 8579
63 5605
94 6144
46 2315
80 3663
35 8040
41 1361
98 5334
41 4229
40 5552
50 5705
72 5033
77 2271
44 8707
72 2457
96 4940
82 8062
85 5335
41 4602
44 8887
89 2558
71 2607
26 9937
84 4519
72 4186
100 3469
60 6524
46 4189
50 9198
74 3768
75 3410
79 8116
68 7425
58 5513
81 7891
78 8495
28 4008
30 1989
56 9763
23 6338
16 9059
46 1856
78 5697
41 1403
10 9672
39 9932
72 2302
14 4878
88 6053
72 2333
30 6305
84 1438
18 5903
98 2725
44 5108
56 3141
66 6623
54 5675
79 3126
93 7829
61 8937
22 2554
98 2080
92 1598
74 4013
36 3223
27 4205
90 8346
37 8535
10 9779
18 2241
40 9113
54 3674
46 8832
36 2901
69 2905
20 3895
54 6291
93 7043
10 9649
12 9376
76 5104
32 9570
86 3357
28 5384
16 8240
50 9976
39 7728
82 7621
95 8799
19 3623
32 9635
30 1995
76 7700
57 8406
24 6226
11 3944
84 3398
33 6288
98 5238
61 4734
22 7523
47 2560
56 4091
15 8110
23 7752
16 2357
66 8517
62 4093
28 4261
66 6506
70 1305
74 1781
44 6939
58 4071
30 7545
79 1423
96 7221
44 8989
27 1726
81 3466
65 4745
38 8504
72 6390
57 3368
63 4396
28 2165
55 1876
23 6307
49 3172
21 9103
49 7243
34 6826
88 8450
26 8064
55 4058
48 6713
31 2182
27 1840
49 4995
57 6932
10 2949
66 1724
21 7552
43 2082
63 4622
67 1697
13 9613
71 6072
98 5484
100 4157
27 4176
25 3788
68 8990
24 1623
78 2773
95 2269
30 3121
35 6769
51 2938
16 5177
40 5907
68 9691
75 8904
84 9186
20 4910
10 8099
60 7359
44 2245
90 2139
89 7656
99 5132
69 9942
43 2540
48 5414
77 8967
99 8847
27 8420
45 1312
45 2030
16 3346
12 8826
45 3036
52 7457
75 7234
38 8724
73 7528
63 7192
63 6362
67 9129
99 2836
24 2395
46 2488
35 7562
36 9494
26 8844
25 9977
69 9490
43 9949
51 2707
94 2941
63 8217
60 3503
49 5542
94 6314
21 4855
52 1701
13 4381
16 6922
89 2392
52 2805
97 3881
48 2763
45 7135
67 1404
22 6176
45 4867
23 7044
83 8892
46 4549
64 8288
16 1997
15 3163
51 7877
48 3336
29 2611
34 3649
67 3046
46 6450
16 9523
41 7354
63 6959
70 6555
30 3520
23 3347
66 1168
67 5249
64 2165
46 3733
55 8804
38 1025
22 1430
97 2911
96 6100
37 6383
97 7488
87 3153
37 5862
48 1687
18 2869
79 1157
70 7438
13 4238
65 9229
84 9552
81 8994
36 8142
51 1113
88 4421
64 2661
14 4329
69 3574
47 7919
90 8684
25 8816
45 2120
12 5379
73 6432
80 4321
60 6968
92 5859
85 7016
82 7724
88 7073
62 7774
56 6042
61 1858
55 8997
100 4303
68 9337
13 9469
30 7738
34 9055
95 7085
58 7671
99 8507
36 5579
81 6407
95 9612
92 7954
49 2512
94 4838
35 5473
98 9345
23 5108
33 3291
31 9702
75 9642
92 7807
64 3183
70 3309
92 3830
18 5141
62 1475
87 3830
91 5832
62 9153
78 9377
37 3838
92 1278
53 2667
50 9067
55 6851
76 3863
47 4417
99 8575
38 3614
36 8553
87 4586
48 8486
80 2719
71 7668
25 8924
85 4163
65 2793
33 6727
30 8518
31 2746
77 7390
41 7669
47 8795
65 1399
95 5588
37 8538
65 2347
93 4545
88 5203
55 7921
88 6913
34 7350
81 4840
33 8237
53 8973
71 2074
30 3743
46 4188
28 7982
16 9230
87 9092
92 8940
20 7907
85 6900
66 2286
54 5643
66 7209
81 9979
17 1344
11 9083
83 6488
57 2019
36 8490
25 6890
42 6193
69 8058
67 1140
44 5319
91 6844
90 5908
55 7237
23 3602
79 7632
14 4737
44 9453
96 7408
67 2075
67 4473
76 9240
33 9912
62 6929
59 1558
98 8077
29 2162
35 3146
80 1473
14 1662
95 9677
100 6688
46 3129
22 7530
66 5836
23 9570
33 9585
35 8746
47 6905
99 6049
97 1226
28 7846
42 7719
40 5707
65 8737
68 1900
47 7505
33 3457
60 4114
98 6000
23 8810
45 3403
13 1405
56 8713
22 5423
35 5620
25 7893
55 5812
37 9907
68 4852
91 7731
30 3969
94 5215
54 2909
76 8257
79 1181
100 2428
69 4532
77 2955
44 7022
33 2098
10 9849
82 8900
85 7551
66 6012
75 9955
40 8302
26 7114
30 5522
94 9262
11 8179
70 4977
57 8053
83 7941
46 5322
84 7941
13 8310
97 6618
28 8573
33 1383
44 4195
57 5760
59 8654
12 1234
79 5850
87 7581
70 3557
49 3252
92 4998
54 6668
71 1441
76 2512
49 8775
10 8190
41 5423
16 4952
86 8340
84 6416
14 8119
36 7770
81 1742
18 3131
80 9997
82 3152
26 6304
15 7908
43 9613
13 1667
27 2969
75 5563
68 1246
54 2488
99 3488
89 3334
64 1256
35 7925
17 5869
100 5660
63 7974
38 6869
26 6193
51 8511
45 2935
98 4353
67 3735
22 1403
26 9489
88 8951
16 9768
74 9366
98 8826
44 3282
38 7554
41 9387
36 9515
43 6137
97 8525
93 4977
95 7585
36 5440
39 4552
16 1924
76 6401
14 8830
82 7463
41 8632
68 4071
61 8354
40 1658
45 6023
64 9133
100 8938
60 4278
71 3938
79 1521
81 7615
38 8034
62 7126
34 8379
41 6612
94 2225
98 3696
41 6964
51 5208
94 1737
66 3816
60 4695
12 5198
44 1062
45 8400
68 4170
75 2350
70 6333
36 5002
27 4554
71 6824
81 3466
79 5863
99 9781
38 8173
18 6334
84 1956
74 4380
59 9337
75 1125
79 4296
51 5584
28 4298
60 8078
92 3082
93 2688
10 8013
33 9019
99 9992
94 2760
61 5169
60 5953
78 9038
70 9183
41 1613
47 4917
26 2551
87 1537
31 7378
88 7909
20 9408
24 8011
69 9501
39 6032
64 6342
27 9930
61 3150
91 1560
27 4563
72 2025
33 1877
61 2701
98 4260
94 2338
14 6347
94 8073
63 2498
58 6133
87 2215
91 7406
73 2714
34 3765
95 1251
13 8159
28 7152
74 4922
42 1584
56 6179
51 8498
51 4342
71 4597
92 9945
64 6112
54 7001
50 3142
84 5336
22 4104
89 8753
90 1980
30 7616
42 3323
56 7543
40 6511
26 2899
66 1841
17 9809
78 6188
62 1260
32 4600
88 2263
27 3676
100 6220
19 3452
73 1525
11 6479
97 1548
99 4679
29 8638
56 6579
27 9759
30 6552
27 8704
13 9944
12 3495
37 2700
99 7787
43 8911
85 1947
20 6244
97 4840
25 8979
40 7018
27 9529
58 7904
88 8848
50 3016
38 3107
74 9745
48 8307
25 4369
97 3178
93 4857
76 4219
73 8682
54 3091
87 3061
88 9141
13 7873
38 4306
36 4407
86 1727
45 9224
81 5507
91 2225
28 5648
60 3140
61 2132
35 1759
52 2841
73 5426
99 5537
54 7581
63 4928
35 3941
42 8464
70 6472
97 1907
98 4848
35 7378
40 5707
47 7997
31 6210
32 2482
26 7513
64 8318
77 5460
81 5939
91 6110
61 3784
75 9585
93 3548
65 9565
19 8732
70 8865
91 4275
49 8828
70 1874
50 5014
69 8367
63 2924
50 1482
60 6440
71 4280
67 8192
58 4381
21 4381
79 2101
54 2176
52 6497
32 4654
12 2921
18 9685
93 6567
17 6487
43 5210
13 3642
75 9379
36 8432
39 8777
68 2031
33 6807
66 1542
32 1944
81 2443
81 6419
87 3347
43 4948
55 4497
12 8897
10 2382
80 8639
76 1077
66 1408
42 4842
45 6840
96 3444
35 1473
88 3600
67 2216
44 1010
54 6296
26 9851
34 6650
15 3121
80 7293
88 1955
47 3728
15 4499
22 9827
52 1197
68 9003
26 9727
40 4548
85 2113
37 2921
51 4443
31 3106
30 6152
40 5280
41 2171
52 3110
43 8939
26 4988
73 1056
31 2085
95 7182
91 6048
67 7946
12 7795
26 3299
98 6713
42 9470
66 7525
18 2309
67 2599
46 8612
15 7451
88 5129
47 7163
91 1665
72 1836
46 6225
44 9905
30 9220
58 5473
55 7995
52 8268
67 5326
30 7105
48 2374
49 4702
42 6463
57 7771
48 4514
90 6060
78 1906
67 8050
88 9359
55 2765
50 5307
97 3100
65 3395
19 2941
61 5064
78 5907
36 2963
31 1965
23 5031
22 3078
34 8750
72 2633
11 2141
33 5367
84 1800
34 7473
11 3720
23 5122
86 3675
53 7958
55 3286
69 7250
47 4791
23 7262
68 3315
50 3400
36 2855
87 6833
19 3051
95 2416
37 9157
73 2855
51 5896
58 5149
13 3491
36 9025
92 5297
68 9729
78 8572
50 1667
92 5602
66 8911
46 1896
83 1581
99 1210
97 3141
37 5699
23 1726
53 6929
64 6437
41 3400
34 1931
76 4661
23 5899
47 1454
17 5234
53 7789
67 9867
58 6235
52 6183
37 9804
38 8813
45 1280
28 9116
42 8879
91 4707
44 2514
84 1028
37 1840
76 6377
10 5038
19 6476
34 3610
42 8452
25 1985
86 7820
96 2044
85 3900
92 7884
66 9175
80 6271
42 2698
95 5926
58 3820
66 9045
13 1449
49 1158
93 1412
38 1250
99 3054
38 5970
96 3643
23 7385
49 6543
85 2202
100 8165
75 9309
65 8694
48 5039
99 5422
14 6287
13 5858
52 3449
100 8428
50 6725
92 9129
92 2231
96 2555
44 4895
66 5507
37 2587
80 8513
32 8105
38 9310
20 6209
86 1851
64 1061
20 2304
30 5764
45 5116
72 2033
33 7085
91 6643
23 4856
72 2716
65 5676
44 1530
17 6118
43 5062
79 7964
71 9545
78 6120
64 3115
83 7250
29 2253
32 6653
100 6695
70 6016
74 9242
26 4427
78 9826
63 6808
62 7340
54 2200
69 9475
31 8551
72 7199
72 2657
17 8262
17 5495
91 8617
51 7497
41 2664
33 5519
62 6728
22 6536
67 7583
51 6005
76 8273
12 7180
88 4238
14 1218
43 2582
13 8066
11 2564
21 4587
63 4566
60 2182
83 4624
25 4617
85 8813
94 9515
41 8007
26 6806
96 1444
69 1012
88 1232
78 5981
61 9757
65 8514
67 2066
52 6856
81 9332
23 4247
31 1043
92 9653
28 6869
77 5691
55 5704
80 2839
80 7601
32 3926
53 6013
43 6815
27 5134
27 2362
72 9998
11 4926
39 9672
95 4051
14 4844
86 3184
93 6558
80 2883
38 5727
29 9723
91 9698
15 7134
58 6964
56 2572
66 5837
14 6242
32 4861
12 2060
93 7427
76 5293
68 1293
28 3688
33 8029
45 2243
57 4203
11 3671
59 7608
74 3980
62 9232
93 6218
88 5787
28 9982
48 6649
66 2844
40 8384
78 1484
73 9765
55 3206
16 6098
88 4947
99 4221
83 7342
79 7027
71 9266
29 2629
33 2169
57 5763
54 4500
31 8748
61 5083
52 6153
55 3000
45 4557
26 1777
87 9306
18 8844
75 1862
21 7960
57 7262
75 5852
80 2315
14 4225
20 1812
55 3342
80 4703
11 6960
62 5352
61 6158
96 2279
83 7360
52 7447
73 3241
75 8413
49 2846
98 5757
61 1808
27 8996
72 5881
30 8165
11 5164
21 9933
43 9500
13 3445
87 4715
29 8502
36 1917
57 8857
57 6723
30 5492
13 3736
70 2291
91 6972
12 4088
17 3903
49 1304
73 9111
58 8666
75 3026
99 7412
62 2719
11 9435
17 7606
59 6658
17 3111
55 3974
55 3406
84 1637
16 5465
88 8694
10 5788
26 6575
70 5087
54 6368
89 9272
47 2904
96 8621
72 3241
43 6715
76 1950
16 3772
18 5954
24 2482
72 1368
55 9163
98 8362
36 3656
90 5962
37 7911
74 7428
77 2016
35 6675
95 5855
22 9197
81 1383
39 6061
14 8284
13 6287
60 1333
35 7332
90 3000
28 8766
83 8993
19 4265
46 6646
95 8509
91 1715
64 2921
52 5953
78 9284
38 1896
83 5863
84 6834
96 9167
61 1628
15 9972
75 2467
40 2096
11 8582
61 6694
47 4989
13 9157
41 2465
98 2366
91 9513
55 8857
21 9298
27 4736
11 3975
84 5609
49 4337
75 8465
76 5760
94 3051
10 5130
94 6166
47 6299
98 4597
58 9793
20 4334
88 1708
57 5363
17 5442
64 4573
53 3167
23 2975
40 3067
98 1607
62 6185
21 2677
61 9951
17 6570
79 5705
87 9900
93 9801
40 8749
38 5350
34 7541
45 5380
28 4392
68 3180
42 8146
62 4401
50 5052
50 9791
19 2613
33 1497
16 9031
71 4611
60 2741
30 4649
31 3728
75 9847
12 1060
59 3117
87 5103
34 4475
18 8449
72 7275
23 9205
82 6555
79 2545
49 9951
95 8665
54 2298
40 3156
32 4377
75 7916
30 1634
53 2817
80 7265
100 8545
95 6777
37 3812
45 8771
86 4723
49 2359
13 1189
47 2795
81 9735
37 6508
79 1182
54 8702
31 1286
59 4739
85 1600
84 8366
73 6226
20 1694
96 1634
45 4705
11 8172
52 2982
71 6848
100 8894
42 2409
74 5163
51 4956
48 2232
30 6974
57 4399
71 8673
47 3671
38 7322
36 9364
81 4974
70 4679
48 5828
74 8686
19 3724
55 3211
77 9325
64 2977
23 6329
29 7156
91 3053
74 3183
51 8395
56 3086
61 1804
52 8309
22 1500
85 2043
41 7921
78 5864
72 4405
78 4668
19 9626
48 5173
100 3212
11 9454
26 8406
39 1791
68 6395
70 4679
92 1122
82 3832
86 8639
69 8295
24 3157
95 1643
49 9548
80 3777
33 1817
73 5380
26 1725
78 2286
46 6410
47 3132
38 6910
79 9762
27 5410
89 7780
14 9303
80 9584
25 3870
76 7379
31 7010
19 1485
82 6168
76 3659
27 2614
32 1541
94 5790
70 9499
86 6656
79 5279
40 1126
41 8460
32 1506
90 2062
92 1102
41 7077
53 5119
39 3876
84 3499
22 9106
51 5778
70 7709
12 4896
35 2949
90 7155
64 4930
69 2143
69 6856
86 1443
27 5322
92 7409
31 5770
56 7483
87 4468
88 3945
25 1115
12 2401
89 5244
16 3213
94 6188
66 4932
24 2032
77 9359
95 9941
68 9605
55 3669
37 6522
77 1807
18 8064
22 9582
79 9358
98 8252
62 9172
96 2712
82 9538
95 1162
72 1475
69 7132
94 7694
49 6729
19 5643
55 7932
65 9995
52 8944
61 1699
47 4990
78 6215
25 3030
84 6734
43 4796
98 9500
13 8066
98 4477
58 2014
62 9216
24 9759
67 5544
37 3452
69 9793
44 2040
20 4761
29 2482
42 7301
65 7362
34 9826
52 1286
89 6230
76 2857
20 3025
80 4014
94 1008
53 6688
39 5287
73 7866
18 2776
11 8710
30 4631
29 8645
31 9172
18 1006
55 4950
15 4146
40 1153
91 2623
57 6623
19 9241
14 8370
91 8712
72 6955
66 9818
95 4116
46 6225
23 1607
12 7394
73 2935
53 6112
62 2509
16 7828
11 7774
54 8522
78 5915
69 4356
34 9877
19 3856
64 1907
71 6926
10 5649
97 9358
14 4143
36 4359
66 8148
12 9476
92 8075
34 5796
89 5925
60 2621
37 5157
26 6639
76 7968
68 3958
43 1710
21 2771
22 7395
46 5872
72 3583
34 6399
85 2343
90 8635
92 5811
59 2818
63 9299
69 9761
24 1128
49 3348
30 4266
65 4340
85 3093
18 6629
94 3736
24 6588
14 8036
85 7873
45 8213
33 5257
65 6918
72 2820
84 1531
62 4849
21 7962
35 3464
30 5233
99 9663
46 5400
85 5030
13 6941
15 7382
41 1934
66 4578
89 5067
78 2841
81 2207
24 2885
23 6358
71 6434
19 1629
26 5776
24 6335
48 4275
37 3727
88 4021
20 6159
66 8878
84 4406
22 1592
85 1160
100 7143
84 5989
57 1249
45 4561
16 1036
40 1392
29 6814
75 7424
86 9893
34 1963
54 9625
90 9853
60 3102
37 7033
94 4413
86 8464
48 7393
79 4381
52 1330
18 3909
20 7468
76 2163
28 6138
40 6949
100 8170
31 1461
67 4302
29 8763
12 6364
83 3172
94 1309
83 7743
16 1975
93 9549
88 3906
56 2089
47 1809
56 5729
30 4869
83 6290
63 2545
62 2974
65 1972
78 5722
100 9240
44 5495
46 4319
33 8310
46 1648
38 7360
28 7425
53 6932
98 4522
47 7572
19 9740
56 3801
32 4881
74 2747
66 5852
43 1031
22 7920
38 4861
12 4413
69 4216
31 1774
56 9897
65 5242
97 8943
26 4520
83 1644
79 9992
30 2477
88 8411
50 3978
25 9694
54 7923
87 8484
37 8727
10 5559
41 4899
23 4470
53 2678
62 4020
82 4563
18 8563
63 8200
86 4478
56 3894
30 6879
97 8064
63 7492
70 8961
27 5015
43 3363
90 2331
72 4990
15 1423
96 5670
39 1144
56 7629
59 8131
56 6235
65 3482
89 7074
72 2569
15 2014
28 5655
78 4041
28 4577
65 5045
75 3746
96 1522
52 2265
41 8724
29 4996
90 3598
42 8229
18 8586
98 5911
29 3118
59 7190
88 8555
59 8704
49 6072
17 4804
38 8039
91 2103
64 6329
94 2200
12 8482
53 5039
47 2983
29 3899
26 3797
90 1709
73 5813
12 6890
90 8483
72 1031
52 7171
39 2157
93 7548
35 6571
80 8611
78 6120
17 3591
80 1472
94 4555
92 4765
11 6430
69 7533
61 4116
37 5167
17 9808
31 3261
80 8174
85 1788
52 4134
39 9626
35 2497
10 3209
19 4046
27 8253
15 3252
66 3104
50 3794
55 5477
100 6262
20 6682
61 8817
96 4641
35 8351
51 7365
18 8755
100 5124
99 2155
91 8367
47 8717
45 7524
87 8119
75 8982
87 6117
32 7649
30 4520
30 1449
65 5722
37 9484
93 8424
13 7789
72 1485
13 9690
32 7739
20 3786
13 9445
68 1752
69 5123
84 2872
27 9693
77 3764
51 6529
63 2589
72 1401
60 5464
47 2179
96 4054
59 9126
87 2061
53 5964
28 1028
32 5112
62 7882
10 3812
32 4187
59 3443
27 3734
46 4182
84 5928
29 8022
100 2336
25 7176
40 7390
40 1968
13 3700
36 5003
42 9662
52 7724
55 3337
24 3013
75 6466
18 6669
21 5873
58 7797
15 5233
49 8980
47 1044
55 2021
25 1142
99 1335
42 6158
55 3729
44 5881
94 6395
37 2599
63 7640
71 2482
15 5699
66 6948
61 1280
18 6854
33 2418
29 3369
33 9858
44 5837
12 4179
87 8101
20 4969
84 5191
14 6045
37 5727
33 5365
31 6334
45 9532
29 6349
40 6317
93 2792
53 7790
45 7090
21 7489
75 4057
87 7326
51 9484
46 8978
41 8933
95 2724
83 3150
85 5882
98 6106
26 4572
54 9859
18 3378
24 5323
45 3513
93 6351
69 3520
26 7777
76 7618
20 5232
64 3131
74 6209
29 4039
74 8799
60 3592
30 7235
92 1062
25 6798
11 1321
24 8908
50 5333
73 6324
65 3389
30 2091
64 3759
25 1283
46 5146
20 3107
52 4346
67 7305
72 3331
97 3068
85 7430
69 3956
52 4629
41 2369
94 4384
44 9778
18 2604
14 7910
22 1771
69 1921
37 8871
61 6140
14 7487
56 5912
84 7376
33 3941
50 1511
21 2506
84 6774
68 1673
67 9475
23 7088
98 8147
55 6141
52 2892
98 5568
17 5954
93 4272
47 6040
18 9035
44 5411
58 5494
15 6065
62 7079
57 8184
65 2189
50 9550
45 2611
42 3081
76 4382
88 9801
97 3264
45 6560
31 4347
74 2264
73 2204
25 2305
89 3168
15 5959
50 5771
80 4019
49 9690
72 8417
92 9245
81 9660
62 8111
100 4567
55 1659
49 6567
21 7483
34 6524
78 7690
59 5582
37 8301
82 9719
57 6208
35 3748
57 5519
93 8304
78 5858
39 9288
70 7811
73 2460
25 8482
40 3761
58 3623
60 6047
41 5746
42 5398
82 2669
62 7388
51 7570
63 3674
78 7845
79 7613
10 8189
71 5520
58 5960
98 3641
55 1385
97 2373
15 3653
55 3772
70 4398
44 8744
76 1165
47 2068
15 3353
78 9225
93 8140
96 2517
33 4700
73 1923
88 5895
86 5770
24 6485
86 2976
89 8790
63 2983
21 7062
57 3885
69 7088
29 5923
72 4351
79 8343
47 6944
88 1516
94 9623
17 7335
20 4378
73 1578
82 4496
59 8227
87 9096
93 6817
27 1531
48 2312
44 8119
65 6838
80 5890
100 2697
38 4376
42 3194
34 7763
53 3771
23 9642
62 1494
12 1554
69 3617
95 3996
28 9052
44 4872
67 5542
40 9809
56 1257
35 1294
85 4712
53 9832
92 4631
27 5582
79 6905
42 2708
31 8305
25 3800
89 9538
16 4728
67 7184
45 5051
17 4642
49 7253
62 6819
96 1937
13 6414
14 5163
27 5797
82 2792
46 6194
21 3400
27 4201
36 8924
52 8535
28 7313
55 3697
47 5253
65 7082
25 9557
58 5124
13 9404
38 3023
92 6393
71 7984
100 7240
56 5111
78 1193
50 3639
24 2981
91 2721
54 1432
18 1189
53 9384
66 7535
50 6056
76 4381
54 7710
70 7362
70 3098
51 9789
47 4127
55 5498
90 7220
72 8196
65 7246
74 7408
91 7693
41 8133
91 1683
34 7586
61 2405
50 9502
26 1544
34 5352
61 4253
99 1808
78 5289
77 4306
21 2066
52 5165
14 6744
45 6848
80 3033
26 1646
64 7848
75 1468
34 9562
21 7739
28 7977
84 1221
42 4667
63 8035
50 7060
59 1791
46 6240
88 6508
55 3484
71 3619
46 9506
88 9503
58 8304
10 8107
44 5009
29 5617
13 6349
50 7446
57 8942
100 5146
76 7126
69 2045
76 7396
17 9841
60 1033
26 5697
76 9706
67 5338
16 4725
41 2294
23 8351
36 7365
72 8047
80 6088
83 2995
17 3821
83 2098
16 1357
94 6005
49 6332
41 6131
78 3936
59 4368
93 3252
80 9663
39 5776
29 5792
61 5218
87 4673
78 9677
17 4949
74 5809
53 3683
37 1508
41 6367
27 1591
59 7838
81 9561
32 3486
20 2542
87 3800
68 1096
61 5359
84 3650
30 3894
34 1238
73 1953
76 8805
46 8209
91 9524
75 8907
88 6522
34 1476
77 4124
29 5206
65 2825
78 3649
88 1405
69 9367
29 5317
38 9734
13 4568
87 6632
50 6266
25 1190
73 6181
84 3779
54 9908
28 6427
83 5207
80 3290
82 2667
92 9554
84 1924
31 9382
28 9773
15 9564
27 2355
75 1007
30 8512
34 2563
15 9095
72 7494
13 6278
89 4457
22 4757
93 2927
28 5705
35 8549
89 5040
54 1977
92 5639
32 8572
24 6199
80 8758
50 4505
52 2281
22 4507
59 2593
49 1729
37 8717
49 5692
88 1099
90 9329
95 7713
51 1199
91 8941
68 9920
75 4221
31 3577
96 8158
19 7217
80 7615
95 4933
44 7025
99 5394
37 2354
27 6211
66 7498
78 9764
62 9884
79 5095
20 4069
30 4333
66 1803
48 6125
82 5159
46 8227
42 5373
96 4534
54 1102
94 4060
88 8977
91 7682
65 7989
18 6074
69 1312
28 4814
56 4775
56 4566
33 8596
77 4494
91 5271
47 6609
74 9503
93 4864
85 2379
88 8009
46 1483
37 2172
96 4011
46 9698
58 7232
35 7859
81 4852
72 6868
95 7698
25 5751
99 1934
84 3559
100 4871
83 8334
92 8685
31 5567
70 4614
99 3854
39 6731
46 6961
92 9692
14 3072
73 9958
40 5524
32 1979
25 1705
33 1441
90 7442
34 5250
66 1813
36 1083
64 4544
14 2234
24 7670
12 1006
66 8107
93 2887
66 8407
100 5858
14 8978
10 4506
25 8874
91 4048
91 5915
68 9384
34 1993
80 2349
50 9284
56 4579
99 8940
95 2011
13 7776
52 3333
95 3574
48 2664
90 4725
97 1105
14 8008
72 1140
74 6011
85 5484
93 9677
86 5676
44 5659
85 5298
63 6978
50 3214
28 7522
75 5525
34 8128
35 3808
93 9377
23 2908
40 5556
83 6378
39 5653
64 5104
31 8629
62 9145
13 2817
70 5921
33 5133
47 5209
15 7144
57 8621
81 8842
26 4244
68 4681
27 7434
59 6526
10 4491
45 7156
15 6209
67 1221
11 6056
33 7803
33 6159
50 1651
99 3964
41 5132
51 4042
95 2816
41 6022
46 9397
34 7806
26 4408
45 6962
69 1143
51 8288
89 9778
53 7291
25 6932
66 3727
43 2154
45 1485
98 4431
10 3276
91 6552
63 1596
59 5761
34 7344
76 7144
96 3112
60 1826
75 3358
56 5964
56 7091
59 7241
73 3099
64 8272
66 5757
31 2037
51 9812
68 2983
21 8934
33 1415
41 2524
19 8932
93 4744
11 2926
91 2735
73 7287
64 7582
71 3926
16 9308
35 4149
14 3167
97 1304
47 9671
95 2032
61 9197
80 1619
72 4405
88 9661
61 9647
31 1183
23 1088
91 4089
47 3567
14 4468
28 6826
59 1507
56 3541
12 7255
93 2671
92 4632
51 8918
83 6919
54 7169
70 4806
95 8036
47 4797
83 6258
21 5309
35 1380
80 7405
54 8516
14 9788
11 1829
20 4299
91 4957
37 8457
69 2876
34 2506
75 5878
100 6248
64 2346
19 3155
21 2025
18 5408
35 4348
43 4952
61 9936
87 5979
60 8208
87 8267
23 4729
24 3470
35 6249
23 5482
25 9101
38 8441
61 4658
99 4762
96 2575
12 7239
18 1042
65 7469
46 7893
54 7946
88 7518
91 4895
44 6016
84 2670
16 4655
38 1356
57 1710
26 2778
100 3400
31 4289
48 3773
100 1027
80 1531
57 3128
71 7847
93 8738
39 7271
59 7928
77 6499
100 5081
42 2563
23 9069
27 7166
99 7944
69 7998
93 8592
86 7966
71 5188
87 4967
63 8427
77 7165
11 3652
24 1927
23 9685
13 8928
17 5959
95 6976
48 2344
18 1212
12 1694
26 9311
87 4393
86 5083
82 7694
79 6196
24 3838
80 5945
42 9139
69 3679
69 4738
70 4535
77 9898
26 3733
52 9231
61 7207
47 6339
88 2429
78 8272
68 3955
10 4754
12 2401
24 1217
43 8749
63 6696
99 8832
57 7930
54 6812
50 2413
74 2108
46 5781
50 6780
99 4266
68 5313
91 1331
10 8024
39 4152
96 4798
34 5549
97 1859
39 4869
40 2902
68 8181
25 6756
60 6102
100 7073
30 8091
71 6824
93 1619
20 3709
18 1080
40 6861
24 7088
52 5590
90 3042
84 2992
33 5738
63 4466
49 1726
47 2380
45 1698
13 9746
70 4556
93 5096
49 5412
85 7216
73 5711
62 6721
82 1495
22 1981
61 4591
67 4858
60 7160
77 5364
15 1696
95 7817
13 8628
84 8613
31 1430
35 1842
94 9416
98 7041
77 1779
100 3185
17 9714
12 6612
82 8639
98 6885
67 4313
90 4682
84 1611
53 8401
57 5089
11 9752
73 6119
88 6536
94 9322
31 2356
49 3314
39 5200
23 7050
19 9229
97 6007
75 9513
38 8396
67 9739
89 9163
13 6898
70 7535
89 9043
14 1430
25 4563
83 3916
58 9083
54 8424
15 3161
51 1505
59 2660
38 5916
58 9639
25 3522
51 9043
47 4378
68 8138
44 4929
19 6821
29 6008
13 9230
15 9116
56 3342
57 2715
57 1535
22 6036
45 6953
98 6707
28 7259
20 2959
91 8224
64 8522
66 5355
55 6771
21 9314
54 3033
56 6954
99 4976
46 8950
63 2857
61 9380
75 1410
70 5099
95 6380
37 1890
65 7382
11 5926
38 3035
73 2086
73 4547
73 8509
50 4040
33 2565
76 1158
26 3103
18 9453
98 9353
53 9309
99 1719
95 8824
89 2536
72 4372
48 1917
53 9796
72 7176
72 1324
66 6865
58 4518
43 2780
96 3443
95 2238
46 5014
42 5258
19 3842
89 3210
58 4933
20 3296
66 5404
58 1865
38 8471
83 1593
67 1185
72 5059
35 1654
78 8069
93 9697
95 6925
47 9222
79 3376
38 9000
63 9082
52 3047
84 3022
56 1807
58 9708
13 4080
49 8513
90 4950
81 1035
87 2156
56 2360
16 9073
37 4761
80 9737
62 1516
52 4144
52 7864
75 5240
97 5588
28 2525
94 9850
48 7498
73 8560
89 8892
39 4431
78 7826
72 4939
23 3804
59 9620
13 4293
10 8598
24 3972
37 8606
75 3540
26 7878
10 3139
33 8353
37 3083
97 7030
33 5156
100 7494
47 3573
10 3280
78 7907
18 4638
89 1485
38 4552
11 9599
23 4359
45 8455
80 2461
33 7983
61 3837
67 4730
29 4641
90 7180
20 7192
80 2088
38 9725
94 7011
60 4490
73 2243
64 3396
67 5699
16 1252
94 8542
55 5747
55 2598
52 9491
91 7057
100 4455
23 8947
79 2949
79 4614
93 9153
40 8458
85 2994
31 1536
47 2066
55 8845
49 7636
15 3704
47 9960
90 3347
12 6760
89 4315
34 4426
59 9882
18 6036
100 6839
59 8675
95 7561
88 9042
28 3969
45 3938
34 2189
66 3511
42 9205
67 1416
34 5911
66 2449
19 3077
52 9853
16 9804
95 9789
13 9120
40 7257
40 6148
42 1473
75 6147
79 2359
96 8219
12 8772
10 2948
76 4361
20 6130
82 8458
34 4532
15 3453
16 9272
38 3523
83 7708
90 9073
44 1453
49 9956
17 9772
37 7351
93 6905
13 6371
41 9414
34 2688
27 4318
39 5390
49 5271
80 8987
43 3190
75 3804
95 4515
17 8960
60 1720
22 9034
18 8688
53 3925
64 8435
80 2276
96 8618
20 5354
18 2030
94 7450
39 3645
95 7922
33 8454
36 3462
20 6068
14 8601
63 5887
46 3874
48 3564
99 6449
34 6423
49 2618
66 8545
93 6903
54 5612
16 4748
22 5914
13 2573
40 1908
39 4252
95 9990
74 8421
30 7381
64 7207
21 3867
24 7930
57 8182
46 7433
31 5897
53 5415
14 7357
72 3624
44 9086
93 9206
47 5610
37 5198
18 9454
50 3923
51 6404
65 8943
18 1850
71 4494
24 3097
24 7888
22 7753
80 9142
14 6014
100 8481
77 4766
53 8750
80 5843
95 2795
50 1762
71 7730
44 5180
62 5977
89 5819
30 8018
93 7479
44 9803
70 8203
47 4906
63 7524
27 2458
69 6491
40 6701
26 5419
58 1013
73 9154
91 4906
82 1320
91 7206
28 2221
100 1607
87 1736
14 1383
93 1848
88 8523
29 7575
26 9554
30 3638
36 2666
54 8815
22 1772
20 1837
87 8415
80 5472
91 2330
56 4046
44 9798
11 1145
19 3555
81 7976
46 2146
23 3873
28 4880
96 4980
44 4796
54 1551
84 3884
14 7750
52 6979
55 7296
61 5907
69 2311
56 9000
54 5755
65 1940
16 2327
94 5133
84 8443
79 2630
42 9957
30 1613
40 5225
23 2754
81 1392
69 4764
75 2165
84 6563
52 6854
87 9283
69 7928
58 3152
27 5381
81 2679
14 7637
62 3608
29 4554
77 3038
15 9190
90 3597
100 3781
56 9910
43 1613
68 3589
65 2337
95 6386
75 2736
25 5319
55 5252
26 9164
27 2534
73 9569
60 3749
99 5803
97 1851
83 3586
16 8597
57 5887
29 7097
44 4307
80 6944
73 4614
89 2277
41 9741
31 7944
27 8445
76 3514
93 2206
42 3339
40 2219
41 4001
96 4583
80 7343
37 8093
51 1471
72 2160
78 3662
48 2315
58 3070
16 7372
20 8520
30 6947
44 3593
79 4472
42 8142
99 4083
17 9752
23 7437
76 2574
46 1224
62 8883
18 6390
53 4941
52 8598
48 3630
41 8102
58 9513
14 4600
77 1968
20 1909
70 9429
75 2449
85 5997
72 4817
59 3206
31 7462
99 8723
54 3360
84 6974
12 5653
67 7753
64 8275
13 8081
96 7138
76 5790
40 2140
75 4671
14 3527
57 8927
100 3847
92 3748
91 7256
77 7872
71 6570
61 4645
85 3753
29 2589
54 5678
69 9848
55 6423
37 4653
25 8600
24 7774
21 2095
99 5682
47 2729
100 3642
68 2597
68 5628
14 7708
82 4174
13 8409
29 9443
39 6421
17 5117
32 3939
86 8833
33 8162
30 3901
57 4533
100 1363
71 7615
11 3168
16 5125
82 4104
68 2625
88 6341
39 9852
56 3604
98 6286
91 9315
61 7366
56 4067
99 2118
12 9099
90 4579
81 3615
11 9527
28 7673
91 7341
90 3170
22 7971
93 5504
69 1338
55 1729
83 9945
84 9620
87 4967
21 2993
74 6796
13 5926
42 3851
10 6264
98 1089
27 7329
19 3101
23 5697
96 9534
84 4082
87 3317
48 7993
13 7803
45 5140
37 4275
31 5869
99 6599
26 4988
75 5740
62 7824
49 7710
83 1272
55 8936
64 2353
37 7822
18 6122
68 1976
98 8725
66 8239
43 2197
92 2911
95 8759
100 6447
27 9150
50 5209
19 4133
99 6571
63 1883
57 1392
55 4931
39 3221
16 2739
20 5118
43 3865
34 8164
29 2504
78 9796
27 4674
74 8928
69 2259
50 2108
35 2234
66 6026
72 2530
39 6473
43 7680
99 7488
88 7913
36 3658
96 9453
79 6684
44 7780
34 1158
23 2088
40 7475
99 6166
80 1480
37 1010
24 5000
33 8613
20 4746
92 3901
71 9336
15 6442
10 9663
10 9819
62 6555
56 7913
92 4117
27 4891
81 7558
22 2779
65 4265
11 1651
83 1153
44 7729
89 4368
58 8324
13 6271
18 7528
54 3630
29 4395
37 5280
60 9111
16 9418
21 6604
100 5167
76 9113
43 4637
84 6500
53 4249
83 9427
23 3586
57 7434
44 8567
96 9541
80 5598
89 9580
91 4617
97 4938
75 4161
99 8301
11 6024
46 1493
44 9950
64 7056
58 5647
83 4105
31 6143
53 4339
65 8838
33 4241
13 7860
69 9154
39 9977
66 6321
20 5065
25 7656
61 6466
85 2789
16 6902
70 2411
34 2095
27 7540
57 3156
63 6640
62 4045
52 7281
92 8529
94 9142
60 6802
50 3775
58 6602
56 4700
81 4489
46 9570
98 7093
20 7118
54 5600
48 6234
52 9324
76 7672
97 7298
48 6191
81 4302
34 1275
41 3609
39 7494
11 8084
96 7470
100 6292
31 2402
47 5328
39 8637
50 4003
81 9380
37 1560
25 3378
56 8369
91 2462
36 3167
12 8736
15 4513
67 8623
27 2749
33 9874
47 5634
82 6804
33 8945
94 6312
33 5465
98 1658
83 3506
48 6425
37 6756
45 4105
46 2363
91 1279
90 2442
55 1772
10 6649
82 2965
32 5136
88 7688
85 4857
19 9956
95 1703
18 4740
26 3316
40 4533
62 6780
39 1027
47 6586
100 9827
42 6109
66 6039
18 4497
24 4604
23 5305
70 9897
11 1486
70 4849
24 7980
62 2408
59 1596
48 1882
58 9574
37 9771
68 1148
44 3056
91 7900
93 8915
78 9580
60 6521
41 3618
29 4015
78 5898
95 3680
17 3944
30 5194
92 1589
57 9552
35 6146
97 7297
47 7775
45 9941
86 9185
93 2295
58 8521
80 2001
31 3278
96 5081
63 2874
55 3107
96 5887
19 8380
58 1045
13 1591
84 1726
25 8167
65 3704
18 4685
100 5272
46 1596
89 7393
60 2677
52 1856
39 7344
74 9699
14 4733
97 4698
11 2253
71 8187
97 4936
89 5725
41 1357
96 6569
31 7400
59 2676
25 3249
41 5112
56 2107
48 1309
89 5117
88 2876
98 1881
72 1686
77 7012
49 2543
16 1396
99 9410
23 8577
79 2683
82 2436
84 2676
72 8160
87 5050
20 1094
46 1761
36 2845
42 6412
34 6525
27 7976
61 2170
36 8865
61 9427
100 5428
80 9576
52 4898
89 6338
43 6376
86 6811
85 1124
42 3600
68 1050
76 4024
55 3991
44 2430
92 5754
72 1350
49 9840
44 3742
51 9586
86 9302
97 4377
77 4904
69 2815
10 8853
98 7816
56 4975
43 5189
55 2835
52 9133
66 8191
76 3471
74 5664
86 3343
34 7779
10 4370
72 4217
94 8630
76 7820
18 9310
49 3584
40 9637
65 9152
59 2946
58 5571
63 5674
22 2763
61 6005
14 7000
26 6805
100 3447
98 4392
98 1366
12 8766
59 7914
68 1840
86 3509
88 9896
42 6224
38 7306
55 7568
78 7996
87 7421
27 2350
60 6554
45 5877
29 4016
99 6312
87 2244
15 7802
35 6578
92 9597
23 3546
97 7821
58 9227
98 1527
12 9501
77 7098
11 4998
82 7140
94 9519
51 1987
99 2617
67 8369
96 7523
86 2324
79 4819
99 4665
75 4308
96 5652
94 3930
92 9718
64 1224
71 8879
57 6683
80 1456
88 9353
70 2839
42 7589
21 6747
28 3880
26 5025
32 6311
72 2290
59 5163
40 9432
64 3376
44 2698
13 1249
52 3222
66 8553
72 8437
82 4364
97 9400
82 1303
26 5843
60 7971
18 7943
32 3790
98 4913
99 9515
36 6153
38 7149
19 6272
83 6231
51 5281
83 7036
57 4648
47 9083
97 3788
33 3370
12 7534
86 5474
11 7124
26 7769
73 7194
68 4699
63 6615
23 7694
39 4612
97 6972
67 5076
86 4895
60 2762
18 5592
17 6921
44 9585
60 8690
48 5448
54 8788
66 8010
53 1211
40 4492
23 3550
82 4131
84 9544
74 9866
33 4135
19 5120
77 5980
19 1153
37 7028
53 6524
58 8753
56 8924
35 9619
13 6187
82 8126
96 5686
96 3884
98 8859
76 8855
63 2605
27 1696
52 1068
96 1540
49 5319
81 6993
40 5694
88 2161
90 5782
90 2655
76 3038
78 8621
51 5255
96 1692
16 1588
19 1036
40 2436
28 4474
43 5880
44 2405
23 6025
17 1150
16 7659
78 9784
69 3381
96 4463
29 8668
59 9087
22 5227
25 5965
26 4058
66 3739
34 6828
62 1045
20 6535
13 9023
79 5913
40 7188
27 1551
42 4956
19 8471
21 8001
41 8743
85 3940
33 9895
74 6934
17 4241
96 3480
15 3274
54 2468
65 7248
12 2027
13 5604
100 6280
86 4114
43 1135
84 8639
24 8239
97 4729
17 2218
17 8706
82 7145
56 4238
81 3135
67 7756
44 5733
87 6701
13 7640
18 4761
84 5239
100 5111
24 4579
40 7407
53 6897
33 4887
33 5557
74 2109
19 5938
35 1836
99 1370
37 4845
63 3243
88 4960
21 7221
78 7656
76 6250
11 1785
37 9180
93 8504
10 6664
66 1310
56 5784
74 2700
22 1699
17 9805
26 2714
93 6030
60 6021
57 2253
68 8888
49 8281
37 7111
35 2928
12 4852
24 8959
82 8563
54 9338
23 6032
83 1858
70 5052
40 8264
75 6452
76 7421
92 8316
66 8379
14 6972
75 2011
87 7583
38 6463
46 5895
27 7501
64 2934
85 8643
16 7890
12 2722
23 3024
46 8224
26 8703
67 9652
39 4586
63 7814
54 2939
68 3247
40 2364
80 4442
12 9512
51 3744
25 5261
36 8600
51 5567
82 4796
23 1072
61 8532
25 2080
44 4562
50 5259
16 6209
31 7425
100 1160
67 3144
53 7782
88 8661
62 5839
84 4748
10 3788
55 5103
73 8332
69 9383
23 8217
59 3986
85 3660
75 2932
41 9338
29 6724
96 6082
52 2580
22 9534
77 2498
25 1153
42 9394
25 8417
96 6542
80 7530
74 7279
77 9628
40 4467
34 8194
39 2666
42 7624
73 4442
26 8065
21 9726
75 7726
61 1664
80 7996
67 6008
71 1435
22 3668
34 1095
56 9417
77 5936
74 1813
57 1064
84 2720
78 2990
53 9418
85 1097
28 1154
34 4909
27 6682
11 5965
43 6712
84 3801
68 5100
48 4772
55 4810
31 5630
42 7893
88 7315
25 3488
18 6155
63 2092
58 2808
30 5727
98 6401
37 5977
14 8530
48 3913
66 1377
98 4573
13 6893
51 7585
17 9226
57 5607
97 4081
100 9163
99 2539
72 5346
57 2602
37 6065
57 5546
73 7317
50 3539
73 5725
45 8324
65 7335
68 6108
35 1360
97 3546
45 2143
70 9781
64 4986
30 7353
53 1676
71 4105
50 2920
36 8464
56 6708
65 8268
52 2371
43 3884
96 5536
84 3907
60 9601
71 1285
74 1787
38 3974
79 6645
19 7860
26 2620
56 7426
70 3832
46 3892
48 4160
23 8750
31 8770
39 7944
40 1584
72 9230
96 6349
27 7619
61 5570
46 5088
54 7204
39 1340
36 8014
78 8068
65 6154
83 2603
85 8952
91 4054
74 9179
18 2402
38 2766
52 1910
15 6851
34 9180
76 6092
31 7275
36 8092
88 4791
42 3865
93 7416
85 8724
28 5076
90 2399
83 5397
63 6750
81 8219
22 9997
34 6534
67 4655
75 9830
95 9578
33 6145
92 2133
40 9266
47 8745
99 3949
90 3529
17 8971
24 7217
43 9450
20 4099
83 9669
86 7576
94 5348
42 6926
85 1475
95 4580
82 6487
33 2176
54 6088
25 3215
69 9768
57 6603
97 9694
68 4056
38 3115
85 7851
46 8008
92 7604
65 3077
55 1799
95 2360
53 8677
97 5296
19 1487
27 5135
18 8170
45 4800
42 7709
34 6338
86 7314
92 1194
48 5375
79 8666
23 3286
97 9491
36 6290
75 6519
92 4742
99 5224
70 8520
44 4447
70 1365
11 2117
43 3902
43 3448
21 4139
30 2931
66 9417
11 9392
72 9913
82 8957
100 1140
10 7238
43 1763
96 8377
86 2211
13 2478
40 8928
21 9829
81 5361
37 2680
21 3335
50 1175
64 8900
34 9868
48 9622
71 1479
96 4786
44 5133
50 9975
41 8457
36 1139
71 2389
24 4227
92 3683
29 6579
46 8026
66 2476
83 1046
58 2324
82 2758
27 2573
28 4444
38 8617
90 2477
20 1822
25 5795
73 4699
11 7123
78 1984
84 7544
62 8393
37 2114
25 2689
15 6641
57 6168
31 6121
68 2698
73 6125
73 3108
58 6837
47 9749
20 4252
82 4688
31 7367
16 8973
19 5329
96 6007
73 4275
20 3076
26 9858
25 2206
57 2329
22 4593
38 5186
96 9879
83 9633
93 5733
90 2419
49 9038
57 2626
39 8355
18 6848
26 8758
39 1994
69 9549
11 1752
26 1155
64 1952
34 4216
59 1616
49 4087
40 5799
85 3192
90 1223
81 5636
85 4088
10 5524
74 6823
59 9822
87 4509
80 3148
26 6837
100 3362
75 2812
72 1976
54 8441
63 6374
30 1289
79 8845
41 3517
66 9254
81 2652
41 2414
61 9558
10 1494
40 9233
22 3142
57 3488
11 5469
52 9198
82 8863
24 1056
21 7697
10 2735
99 5828
91 4824
52 3301
68 8749
82 2361
13 4692
14 6331
45 4366
51 4602
29 1225
40 6223
31 2052
45 6194
77 9184
68 9544
30 7847
93 5337
31 1306
24 7998
88 5081
24 9439
81 9850
25 2394
65 4102
41 8344
96 4778
15 6484
63 8862
33 6014
81 6659
42 1716
50 6693
72 6868
34 7104
87 2000
32 1992
51 2633
89 1983
72 9042
90 7085
52 4006
17 1373
70 7069
39 3423
48 1031
76 1176
47 8102
77 7145
11 7791
57 9900
84 5335
59 3621
67 9488
43 6907
68 2861
19 7781
16 7500
74 3283
69 4595
88 5449
55 2586
26 1580
85 4308
86 9806
71 9094
38 5152
83 1012
67 1363
19 7143
70 1747
85 9109
71 6504
11 4221
47 2862
59 4276
80 3410
19 8658
94 1078
91 4172
61 3478
78 1087
71 4777
36 9445
93 6911
46 1545
87 4390
92 9710
29 8055
24 9059
28 1654
40 4774
64 8708
61 9709
26 2609
20 8966
45 4185
41 5704
92 3358
27 9868
48 9734
75 2317
18 3598
59 2074
14 5884
32 7068
64 7757
41 2509
71 7485
93 5316
34 7058
30 4050
39 3386
47 3487
41 1945
38 2701
12 4704
29 3998
86 1402
24 2670
21 9782
32 1931
90 6574
36 3165
12 5073
60 9479
20 8284
81 1184
38 5785
19 6363
81 9302
92 8554
86 6088
26 6321
82 6586
56 3040
86 2135
38 2978
44 4051
24 9651
88 4245
40 2558
89 2325
54 5680
75 4418
27 4912
19 6223
84 6954
55 6215
93 5020
63 9925
84 3069
90 8475
29 9843
69 4415
61 7101
86 3995
20 7424
98 9708
27 3263
21 5081
79 4483
45 6242
68 2919
29 8124
14 4539
29 6942
21 4690
56 1354
68 9915
86 9539
69 4398
14 3749
94 7239
94 5421
60 5801
23 4703
86 9566
60 6892
44 7968
80 6083
62 7595
45 8745
51 1991
85 3471
79 2330
14 5663
84 7109
78 3470
26 6447
80 3407
90 9222
72 5599
82 8999
49 8175
77 2125
63 6809
59 1454
47 4836
29 5952
38 9987
33 8306
19 1943
49 7847
77 5410
95 9768
59 5552
95 3311
27 5143
49 5941
59 5374
25 2087
10 5453
42 2824
48 6781
13 2802
56 7359
67 4293
41 8496
91 3131
54 3767
29 7892
20 3724
95 5328
66 3822
11 3068
44 7510
69 2264
93 4494
96 4575
81 4480
72 7514
72 5208
82 5325
92 4989
10 1177
67 5061
25 2431
91 4335
54 8299
26 4356
80 2852
10 8496
93 5806
90 1563
77 4751
31 2882
85 1191
10 7963
43 2818
73 1535
71 4093
86 3654
29 9434
30 3232
51 2995
95 4783
18 7294
74 9717
45 2281
49 1023
35 6348
14 8942
63 7727
79 5237
17 9994
82 4973
51 6497
53 9111
80 4258
15 2222
44 7204
65 1245
82 2730
72 4662
64 8470
75 9604
94 8927
55 7132
61 7694
31 1056
42 4714
30 7065
69 3169
65 3961
53 1739
56 2634
85 9153
84 7181
68 2578
90 8165
95 4840
31 9611
81 6782
71 4379
97 8107
65 4132
12 8574
22 4112
87 9205
96 4639
34 7417
96 5491
34 6390
83 1163
81 7381
66 5219
52 1415
73 3800
77 1763
44 2465
10 3245
10 3625
70 6774
89 9919
75 2116
51 5687
56 5823
68 9262
42 1671
30 5041
34 8135
100 9486
36 9203
73 5895
83 4417
92 4899
41 2557
30 4538
83 6788
91 4717
78 1401
95 5445
51 7531
66 8972
60 7396
12 2886
30 5156
67 1803
57 4399
20 7082
13 9145
97 4361
99 4409
98 5372
11 6364
18 1967
86 5051
73 4407
35 5245
27 1592
85 4866
66 2173
77 2242
31 6116
19 6450
33 2623
68 8260
21 5134
68 6161
31 1814
82 6447
52 6674
45 4269
29 4751
84 5598
13 9957
41 9373
24 6161
62 8438
96 7370
84 2406
97 8028
78 4277
90 2897
57 8796
23 6266
91 4036
90 5233
92 4235
40 8233
91 4321
41 3177
53 8142
24 1890
45 3364
65 6948
28 6570
75 4630
46 9397
61 4299
48 1163
53 5290
50 8286
43 1962
28 3891
58 5448
91 6001
30 5404
12 3405
63 9561
43 1623
96 3112
32 6730
20 6777
25 2225
27 2104
27 6871
22 7586
39 9074
35 1340
59 5596
44 6139
98 6650
40 1420
68 5821
29 9647
33 7559
30 9461
91 3214
55 9372
26 6423
31 4960
59 5936
97 9393
19 2620
71 2745
93 2602
24 4352
39 7386
46 8900
52 3216
68 3027
28 1497
46 2794
53 4216
17 7136
60 3964
41 7967
35 6979
88 1956
34 7251
16 3899
10 5502
92 2020
91 7358
32 2776
79 5866
49 3388
27 2520
80 4134
32 4019
80 6237
92 6985
91 6604
95 2466
53 3796
82 9752
82 6401
85 6124
92 3143
14 7554
10 5632
38 7304
97 2005
59 2435
46 7751
91 5418
53 5729
42 3620
98 5134
91 3144
69 9820
83 5171
46 5889
82 1797
96 4988
89 5253
27 6746
36 2184
23 4721
99 1003
47 4781
60 8959
66 4635
98 4320
73 9873
90 2056
11 7883
100 5891
28 2542
44 7391
90 7438
59 8231
84 7247
56 9359
25 1354
