61 5370
25 1989
76 4781
62 3013
87 6424
60 3419
26 2270
94 5227
20 4193
93 9114
68 1196
24 9338
96 6863
87 5757
52 2500
100 3031
13 9809
20 1080
23 3050
44 4795
74 5724
54 4806
51 7443
39 6635
78 4242
76 8256
30 2190
23 3408
75 9249
73 2359
96 8607
36 6352
60 3141
11 3742
57 6862
20 8119
85 7621
99 7793
95 6724
32 4846
45 2192
25 3596
90 8613
77 8563
44 6909
27 3418
59 7993
58 7534
16 5178
61 3762
84 3191
78 3857
81 4517
51 9465
14 4656
24 1574
29 1768
72 2990
19 4443
87 6508
30 4391
33 8215
92 8808
29 6910
74 8726
46 6390
57 8872
52 4473
52 6026
76 6139
16 2980
69 6853
27 1714
80 2076
79 6264
20 1152
25 7435
25 9731
32 7592
30 4928
23 4779
86 4825
45 2412
99 4902
59 6520
68 5914
98 1618
97 6518
79 3899
90 6373
78 4472
46 7241
50 5138
34 4879
61 1418
20 5317
28 7803
25 3198
42 1004
77 8866
44 7674
50 7549
57 8684
73 1869
25 3270
28 5915
34 1660
46 7507
14 8267
93 1051
52 3004
62 1380
40 5153
23 1582
10 1833
57 8441
85 4020
83 9781
69 4381
56 4714
60 8953
11 1406
27 3750
73 5059
47 1687
81 7623
10 4608
23 4327
88 1775
50 7381
86 5863
49 5031
13 7511
12 1082
43 8142
99 8469
76 3457
49 6883
41 8161
47 1249
26 2209
73 8013
49 5056
85 8082
74 4231
72 1577
45 9267
46 6684
75 2088
85 3950
81 3617
35 9252
99 8775
56 2046
78 8672
62 9927
79 9541
100 5628
99 9940
80 1613
71 4184
87 8069
58 5515
89 1716
59 4331
74 9855
79 4148
16 6446
68 3141
16 3796
100 7081
98 7927
42 8106
76 4600
100 4174
70 4850
32 6072
32 6317
67 1200
36 6868
76 6415
84 6470
83 2501
89 1816
80 5163
52 3868
41 1868
53 5462
36 8105
33 4676
72 7163
39 4723
30 8325
75 4182
77 4959
10 2267
27 4644
20 2406
74 5752
91 1200
42 4650
15 1134
55 4973
52 8844
50 5477
13 5777
99 5296
65 5600
16 2362
66 7522
54 8632
54 8349
12 9498
19 4389
77 2304
47 7747
51 8925
53 5831
97 2757
49 7023
59 9389
92 2307
95 4181
85 4549
24 7296
81 6354
42 7737
45 3935
81 1557
97 8006
89 5893
78 8112
41 7833
68 9075
74 4050
56 9852
31 2387
63 7120
100 4173
63 3148
37 4864
67 9486
88 9502
78 2488
16 7210
97 2099
31 5653
94 5848
69 6972
32 5602
17 4790
76 5612
71 6021
65 7853
31 8612
14 8003
82 6393
12 7645
45 6744
100 2054
61 1853
74 9863
63 3297
66 4638
23 7997
32 1923
92 5172
41 9326
37 9316
100 3825
18 3550
20 9334
62 6996
98 1039
80 3395
59 5807
45 6070
72 6825
41 1411
57 1622
32 5072
87 2741
63 4658
43 2799
51 9790
37 6506
88 4545
21 7049
19 8849
86 8270
56 6943
59 9903
80 5261
14 2224
68 1435
89 9891
95 8302
55 8758
55 5937
22 3171
33 8864
90 1792
15 7244
56 9168
99 3006
66 1166
66 6388
19 6260
48 3742
27 2491
46 8365
43 9982
21 4457
51 7189
13 9703
20 8406
89 8442
96 1293
12 6460
13 1906
89 5477
62 4449
87 9558
84 2543
59 3751
50 8830
67 7534
32 7569
13 1178
70 6771
62 6274
10 5986
70 8992
96 9287
44 7404
71 9495
15 9354
62 5473
33 7506
10 5948
92 8810
73 4365
60 3711
11 2176
91 4162
62 4922
24 9501
77 8644
26 8056
72 9604
71 4243
67 2031
22 7387
42 7569
59 3346
57 3327
48 1219
27 5493
48 1532
71 3913
29 4848
51 7189
95 5147
52 6279
43 1252
35 7246
22 7369
86 4589
29 3119
29 9779
36 3834
79 4574
42 6940
13 7626
51 8015
34 6715
72 9140
20 1275
31 2292
85 1904
76 6831
19 5502
19 5925
82 3840
68 6536
58 6244
34 9416
99 1565
57 6012
35 3507
67 6866
50 8445
58 9008
13 4951
29 3560
84 8441
91 3533
86 9583
22 1791
40 6346
50 2767
92 8319
86 2274
59 6249
20 3458
42 6147
51 4818
18 5567
10 1305
21 3724
62 5947
93 8177
80 6365
46 4269
14 9020
71 7485
81 9845
33 8514
80 5820
48 5434
59 1100
30 4334
84 2693
62 4766
27 7901
94 5086
72 5145
83 6278
100 4619
47 6518
44 6630
25 1297
28 7815
17 3886
71 8354
100 2375
87 6738
59 3379
17 3446
45 2532
40 9688
32 3112
63 5410
42 6794
49 3008
57 2649
74 2743
77 5416
20 6881
28 6742
80 8347
84 3924
24 2069
73 2824
86 5985
40 5057
77 7861
87 1272
64 1836
27 8464
65 4732
97 2055
82 8337
54 6709
97 8773
71 7590
31 6886
16 7740
15 6548
15 7418
88 7127
47 1632
35 8617
51 5314
29 7379
40 9665
40 9703
12 6165
65 4079
57 9105
44 6484
18 7392
32 6086
35 7741
96 8559
43 7203
52 5274
57 9935
70 8526
59 1741
22 4600
84 4944
66 2965
16 6477
71 9805
94 5392
64 2283
90 5542
38 6041
75 3858
22 9343
77 8587
89 2827
22 9802
56 2378
71 3764
12 4231
31 9073
77 5149
84 9031
17 6927
53 8805
28 7608
13 9110
29 1065
18 1088
50 7287
39 7296
91 2167
99 6488
76 5305
31 9103
98 8823
89 4826
41 8789
84 2353
24 9506
60 2262
67 3930
68 4864
92 5405
23 4730
16 8406
76 8363
84 7781
73 5131
48 4081
97 7874
15 1625
53 7743
10 7367
58 3666
84 2892
57 6498
14 4138
96 1807
69 5285
36 9686
88 4578
80 6117
47 8437
33 4042
29 8489
53 3030
62 5413
41 5847
97 8600
83 2756
84 2287
77 9546
48 3243
11 5873
48 3124
87 3534
59 9099
85 8202
75 8850
78 9968
12 7080
54 5493
73 3189
78 4381
95 5480
65 1109
75 5739
87 8158
13 3141
94 7919
34 2337
74 5059
23 8421
56 6930
97 6055
78 5854
42 5006
44 6571
17 2640
60 6874
100 1386
82 3252
87 8721
58 6081
88 7638
17 6975
43 7726
33 1201
63 8497
18 2747
80 8472
10 8351
93 4814
47 8248
60 8624
85 6349
31 2741
91 9304
44 7324
36 9464
84 6426
59 4947
17 3837
62 6257
28 3005
49 3150
93 7040
95 8104
69 7081
54 1913
95 8655
34 1268
58 2016
23 6220
62 3605
32 1008
13 5573
40 1774
78 1684
44 9729
10 1548
36 1669
97 1742
28 9963
84 5788
48 4076
74 1897
25 3445
73 6232
72 1835
13 6161
62 4574
61 3808
87 9344
10 6331
35 5618
80 2340
18 6075
34 5735
59 4950
10 7073
90 6648
84 2567
41 4402
51 3027
89 2624
25 1773
82 2510
37 4243
24 3482
80 9067
65 1304
52 2425
17 7468
52 5496
76 9264
47 5096
70 6373
98 9637
98 7664
73 7373
63 1766
41 4278
40 2822
19 4388
38 7246
31 4274
58 5852
64 9661
63 1057
20 7332
62 4563
17 9502
24 3143
60 6993
81 2126
68 6741
96 8072
45 3157
78 4415
29 7426
64 6259
37 4123
66 2608
65 3667
88 7066
46 6988
96 7911
77 8072
63 5045
22 4825
61 6233
90 1988
91 9444
50 2213
27 9289
99 4120
77 7171
73 8044
55 7031
51 2622
87 9611
58 2996
31 4064
70 9379
48 5595
25 2710
70 9046
57 4479
60 7959
18 5616
58 1029
76 2517
15 4675
32 7730
97 7373
41 4212
78 8950
38 6095
79 4575
59 4069
69 3235
100 7217
70 6177
61 3664
73 3121
13 7491
65 3017
34 4708
21 2202
100 6764
79 1872
67 8617
14 4318
69 4587
53 7888
75 1175
15 8844
60 4616
93 2313
94 8366
13 1579
28 5231
10 5710
96 1307
39 3321
71 5857
42 5058
49 5147
28 6950
89 6408
18 4656
18 8502
14 6831
31 8699
58 9963
89 6389
36 7220
30 8026
67 6019
11 6223
56 4558
94 6632
31 1074
29 9242
31 6671
27 7803
31 8260
74 5545
45 5896
88 6280
85 5656
67 8034
78 3806
90 6206
26 5788
64 8210
43 2367
82 8398
33 5666
33 4921
90 8805
76 8987
74 4536
37 3395
24 3563
12 7505
73 8210
24 7674
81 2621
89 9662
73 3647
89 8455
37 8415
85 8781
10 7138
42 8178
62 6454
11 5469
12 8698
83 4220
29 4047
89 3428
83 2847
81 6553
84 3016
97 8904
49 9551
44 2301
65 7522
13 5261
10 1574
48 3568
10 8208
98 8859
54 5902
72 9393
83 5897
53 1935
59 1147
19 6346
88 6840
93 1005
75 4193
63 3068
66 6329
28 3445
24 2783
42 7288
36 9561
41 6995
54 8290
89 5848
56 1686
40 3444
32 8602
23 8193
79 9056
88 4413
40 8967
69 4784
81 2224
72 7821
98 7788
16 7391
92 3822
71 5367
10 7536
34 2941
26 9237
21 2280
78 5333
31 1479
57 8370
28 7068
12 1733
93 6223
27 1526
22 1031
58 6895
33 8647
86 7469
96 3699
28 3206
96 2996
90 4815
36 4941
84 3835
86 1039
10 9113
24 2752
77 6477
85 2169
22 6665
83 7574
18 8868
15 5056
66 1558
79 2898
79 6346
37 1446
12 5404
57 3349
95 9533
77 2720
53 1516
58 2962
53 4829
78 7911
69 2555
44 2823
26 5386
49 2745
24 4755
59 5624
30 7221
37 1705
65 1687
95 1730
83 3048
86 6792
68 8949
80 8088
68 9910
39 1178
35 5934
88 2310
35 6081
80 8053
13 1386
14 4952
56 4697
78 6071
57 3819
94 9439
74 7826
79 7181
14 1819
51 2115
34 7484
94 7298
87 2252
91 1334
59 7310
31 8245
16 4352
40 7949
73 2453
71 5534
79 8724
36 9104
69 7247
45 8013
88 7605
86 2105
44 8905
21 3648
12 9424
42 6114
88 7817
30 9519
79 2696
82 9060
76 8935
27 8415
64 6111
39 2214
32 1847
14 4035
88 7028
59 2465
74 4241
55 1394
87 2796
28 5780
60 2362
17 7953
60 7560
27 3096
11 8103
21 4359
50 9368
53 1928
33 2543
75 8152
39 5883
99 8629
39 2524
62 3944
98 4064
26 4017
37 7194
31 9154
28 2029
48 6522
70 9208
44 1259
26 2796
24 5843
23 6377
44 1772
71 8232
28 7111
40 5594
73 7565
49 9158
49 1142
52 1498
100 3568
62 3519
72 1804
30 4969
11 8720
61 7389
88 6357
23 5939
61 1234
63 9863
32 7337
38 6858
62 2620
47 9618
39 5286
74 5137
74 2365
40 2574
10 4901
76 3319
61 1155
21 4398
68 8518
52 7347
25 4655
93 6991
62 2121
23 2045
59 6327
58 6235
86 6603
48 1879
97 3320
96 3488
80 5852
23 3898
60 2694
82 4969
82 7397
48 7505
96 9286
99 6883
16 9002
62 6417
23 5174
74 6980
15 7797
69 3250
99 5965
70 8775
76 1440
16 9000
61 1495
31 1768
27 9207
22 3291
12 4787
10 5676
40 5142
14 6520
70 2563
83 9163
92 6909
18 6096
47 9920
95 3552
42 5452
91 3850
34 7841
76 8917
69 6389
95 3214
64 4329
53 2818
50 5431
37 2722
32 9483
19 8871
89 2792
60 8907
47 1629
84 9432
30 5602
32 5842
66 2970
73 2872
98 5648
54 7222
88 1017
10 5738
15 1231
89 2159
16 9813
65 8555
92 6497
50 7444
63 7762
41 4875
95 7058
13 1983
63 4146
11 2786
93 8702
16 7175
67 1829
91 9411
28 5219
95 6174
97 7002
26 4177
85 2654
80 6416
81 6441
43 5097
36 9623
52 7606
19 1787
77 8274
78 9462
17 1492
23 4114
33 2472
68 5879
66 4211
16 4312
58 1009
98 4340
30 7612
54 3017
12 8797
53 8267
58 6238
78 6059
99 8579
49 7263
20 4288
20 6860
39 9099
79 8113
40 5011
35 9343
61 5276
39 8527
22 5294
73 5318
94 4457
99 1203
16 4280
53 5949
79 2069
97 2841
42 7269
34 4356
24 4189
72 2163
51 9167
93 3634
76 3873
74 8178
12 9738
36 6517
47 1282
91 2608
18 7292
74 7951
56 4674
68 7061
63 9191
40 8942
94 4139
34 4410
24 9565
82 5806
49 5885
24 9763
30 9338
15 6981
68 1707
86 9156
16 1613
42 2567
16 8030
96 4772
11 1989
42 3558
20 6263
57 6569
33 5909
98 2603
48 8514
61 6555
45 9763
88 7253
62 8548
53 4987
23 3690
72 9675
37 6918
24 2898
46 7174
27 4396
39 8932
65 7007
25 1982
63 2341
27 3848
11 7614
93 7811
16 5775
15 5037
64 7086
50 3691
27 7788
63 6282
26 4701
46 6509
25 5989
13 8439
20 2430
51 8629
81 9552
71 7975
41 3061
62 4095
98 9189
25 1146
33 1225
96 4536
67 6067
99 7187
51 6232
50 5336
63 1734
86 1408
71 7372
55 3102
33 8744
30 9469
49 9110
40 6908
49 6043
42 5912
16 9406
17 2577
93 9591
38 8632
22 6925
96 6845
80 1062
22 4221
21 8936
45 3284
20 2674
80 9259
73 3801
90 1590
91 7367
76 6199
73 6721
32 8716
70 3255
64 6983
44 2341
10 9370
33 8287
42 9128
61 4281
44 9880
73 2250
24 9588
91 8745
61 8325
37 9752
75 4659
19 2185
29 6643
64 7569
59 2990
65 3412
86 3288
49 3060
46 9242
36 2506
46 4794
59 1612
60 7516
78 1068
36 1380
69 8995
64 1345
93 4368
66 6189
59 9789
91 4988
61 4478
16 7391
56 6833
89 8028
47 5565
92 9695
84 2393
57 4505
88 5062
81 9850
98 3061
16 9713
83 5136
18 9840
56 1816
98 9330
41 3311
80 3216
50 9548
13 3949
78 1843
13 8786
54 9449
38 4344
61 3420
28 1339
28 8642
75 8778
91 3055
55 6383
22 2132
36 3034
65 5278
17 1804
93 2722
24 2986
12 4752
26 2755
19 7610
83 4489
40 7594
63 9329
82 1562
76 4916
94 1692
65 9341
95 2313
13 2983
33 4032
88 2038
49 2709
84 5881
93 8753
37 4249
53 6501
80 2073
88 1160
99 1078
12 8158
14 6863
44 7252
71 3950
17 1272
67 9291
31 5459
94 3715
42 8588
57 1497
75 1972
97 8444
61 9212
36 8355
77 9586
48 8058
56 8299
38 6417
98 6050
24 5556
10 5261
30 8153
55 5252
27 1263
20 7331
80 7459
70 5576
30 9033
94 8615
88 4240
92 5884
60 8307
22 8254
20 9147
65 1858
95 3491
29 9127
55 5969
57 9003
75 2141
56 4765
69 1049
57 9782
77 4138
52 9714
30 3846
24 6889
23 6801
36 7266
56 6315
43 7529
63 7507
18 4572
60 9291
57 2731
42 7167
85 7290
80 1574
49 7415
57 9222
75 3713
56 1720
100 7311
67 7145
94 7865
78 5218
29 8806
33 1567
80 1277
54 8570
81 4084
19 5129
27 1959
75 8401
70 2001
11 3353
16 1038
98 1072
69 9859
17 2693
73 8655
63 6246
18 1495
75 1159
38 9768
67 8178
35 3049
75 6706
73 6054
43 2239
23 9877
91 5623
59 4417
71 6440
24 5594
94 6789
35 9313
65 3508
62 6125
40 4135
28 9309
43 1677
14 9648
26 6774
22 8515
50 2404
84 3652
30 3592
45 6028
10 4063
40 3507
38 8825
54 2983
98 6988
66 9206
59 1401
92 8764
47 7341
100 3534
70 5183
99 3685
15 4930
46 3131
71 6491
25 2711
55 3748
47 5381
37 5036
61 8803
84 6115
81 3581
98 5430
61 3541
22 1747
26 1206
63 5879
84 4494
54 8942
54 6548
92 9566
14 5625
20 5105
67 2500
41 5045
44 8012
52 5171
47 9878
43 7575
34 4550
69 3610
90 6642
64 7583
86 6278
67 6793
14 8707
25 8967
57 7519
36 8536
27 8843
34 3065
63 5489
30 5186
62 8650
11 9928
56 3126
91 3156
99 2952
14 5975
72 5519
75 7334
27 6800
73 3967
65 5257
97 4134
62 9074
21 6540
63 5068
97 6139
55 2596
11 1485
69 4545
28 7658
42 1467
86 6718
59 7596
62 4513
51 9002
19 2351
76 9868
82 1278
14 4414
80 8817
78 2920
58 5286
31 7159
19 2570
68 8264
43 5733
61 8473
25 3373
67 1495
91 3580
91 2909
48 4492
62 3008
28 6324
28 9137
75 7248
21 5507
35 3822
52 4525
67 6273
42 8345
37 3198
80 8173
42 3210
29 5717
23 7274
35 6818
49 8329
25 1127
71 9287
83 6380
18 4758
17 2894
99 7985
19 2980
43 8110
99 1130
94 1492
45 3047
24 1550
72 4497
53 4569
11 9204
13 2644
27 7272
37 2630
73 9114
88 9117
81 6977
63 5876
90 7369
47 8482
95 9741
39 8799
87 6122
51 2152
81 7040
31 4431
13 9434
33 9111
45 6690
76 5597
93 7062
84 6965
54 6852
43 1717
79 2755
84 3908
32 7308
30 3040
28 8450
88 5992
69 5020
37 9221
60 7852
31 8579
54 9917
85 1323
55 5127
92 5182
24 8439
67 2189
46 9375
34 6613
96 4310
36 5304
86 5316
52 1868
68 2574
42 4007
52 8122
21 6713
25 6653
35 5132
32 7052
43 2203
53 3237
77 9553
57 7679
21 3634
50 7532
54 5471
10 3074
88 9849
93 2026
97 7211
96 5945
85 6490
98 5805
69 1946
33 6753
54 4887
53 3043
23 7353
23 4986
81 1235
58 2696
98 4863
55 9007
18 6731
24 8454
21 4385
72 6118
48 2334
81 6459
88 4405
72 3691
49 6775
53 2594
65 5368
69 1808
59 3126
89 7553
32 8222
78 7210
34 4110
30 9839
66 2610
71 2475
52 3532
84 5608
80 4624
53 3061
13 4607
22 9077
21 8735
87 7835
51 8259
34 7962
52 4727
21 4147
95 7089
56 6760
65 7173
81 7346
38 8994
67 8581
35 2812
35 1704
87 5493
67 4396
74 7468
65 1235
96 4237
87 9410
54 1458
66 8964
30 1816
97 7783
89 3536
58 7679
10 2630
18 2897
28 6851
35 5683
89 9999
78 9264
50 6023
56 5874
84 7405
94 4808
84 7732
47 4283
63 6692
24 2461
99 5981
21 2402
31 6882
40 3086
32 2308
30 2709
28 4592
97 9573
32 1975
90 3797
99 4776
55 3789
100 2735
59 1211
18 4697
17 6505
71 8354
55 8275
24 3067
13 6115
23 9355
94 5762
61 9174
37 2734
60 4809
62 3183
92 5515
88 2595
29 8916
31 4516
100 9360
91 4677
84 6093
66 9659
63 3993
62 1966
22 7030
35 2346
24 7457
40 4282
47 1727
50 9348
46 3115
86 8494
85 3538
76 7474
67 6828
69 5381
43 8424
40 7222
14 9016
35 4879
64 5307
41 6381
25 7100
73 8313
39 6383
19 2851
38 8979
26 4782
79 5846
90 8716
60 7514
57 6229
12 2671
99 6166
83 3827
90 2503
33 6936
26 8869
51 1236
46 9257
85 2822
45 5213
91 1601
90 3408
29 5055
37 5738
15 2186
61 1004
85 2175
19 6931
71 5679
28 8778
75 3034
11 2362
19 7463
62 2602
28 7067
18 6506
80 3206
34 8710
47 3060
31 7354
32 2713
31 6177
78 6812
47 4268
98 8287
62 4590
32 2826
28 7097
47 9276
85 4620
20 9533
67 2016
67 3519
41 5500
60 5050
41 3682
30 6291
82 1137
33 1088
29 4577
51 6745
84 4998
41 9170
76 2193
47 3667
43 6684
78 1738
60 9619
31 7364
53 8342
51 5161
48 9007
51 7746
24 5353
31 1767
63 7087
63 2076
52 9038
43 2555
66 7733
88 3347
76 3637
26 6449
99 9322
94 1340
10 4865
19 8903
46 5128
75 1643
66 9941
55 7446
76 1773
33 2213
43 8972
60 9401
31 5767
17 4034
73 4367
60 6130
47 7985
88 5162
67 4626
68 5896
18 6856
86 3671
56 8244
83 3620
93 8371
11 6863
57 1677
20 6465
94 4558
48 7615
46 3357
26 9902
83 9445
41 4002
64 3600
43 4988
77 9869
42 9517
50 2696
72 4303
56 8685
10 9982
72 8617
14 7855
40 4615
22 5549
48 1508
86 3151
86 1868
64 5156
59 6310
87 2503
87 6715
24 8121
92 1993
83 7404
33 8303
99 7177
13 8341
43 1179
20 2479
43 7652
29 8204
42 8025
63 9650
16 9008
15 5288
61 8567
68 6111
83 4348
60 2409
77 8416
67 8499
62 3406
47 7081
57 4333
28 8706
68 5315
38 6416
60 2219
84 4174
90 8547
74 4719
83 5012
50 9450
74 9069
11 3706
98 7874
19 5377
63 5794
32 9061
98 7385
72 5901
11 1451
91 7810
33 4877
15 3222
93 4134
36 4671
75 9967
28 8642
87 1392
94 5612
31 4620
68 4027
51 6695
92 3252
63 1358
91 2912
86 2409
50 5174
28 5770
98 9877
45 3462
23 8934
38 3097
16 5921
60 8242
96 4674
76 6598
43 4662
30 7590
34 4051
87 4135
96 9197
73 5377
14 2750
78 5107
56 1098
24 1376
89 2266
95 1490
95 5320
62 4729
29 6729
66 6867
60 3427
95 6990
38 9163
98 5078
82 5963
10 8482
42 1113
24 1073
51 4947
61 4183
97 7858
56 9677
90 6071
18 8154
62 2416
61 6653
14 9486
21 4444
70 1462
12 8020
96 1795
15 5199
88 3248
35 3292
97 7980
89 2229
42 3456
30 8273
37 7270
71 6008
63 4353
79 7108
11 7869
30 9410
53 2458
59 9818
59 1552
25 2938
56 5040
70 5925
70 7483
33 8111
17 8694
57 4046
98 5222
48 5076
20 7466
76 6596
88 9329
52 3356
84 9975
23 7332
70 9795
16 2088
12 5912
98 9308
82 8627
23 5208
100 2725
79 1065
10 9913
42 5211
64 2847
40 7773
73 2997
58 3455
98 3128
88 7558
16 3731
67 5020
87 1776
47 3495
56 8066
70 5239
25 5438
15 8347
64 1104
31 6668
15 7285
60 5923
43 9879
61 4343
67 5280
51 1167
16 7322
30 7999
25 2954
77 2978
54 1871
98 9890
33 4376
31 1114
32 7553
41 2750
75 9118
35 5918
10 8778
81 2398
86 7875
24 7969
41 5152
70 8650
86 6254
64 5737
71 4757
63 2247
95 5372
62 7518
61 8179
49 3222
57 7670
73 6198
24 4441
89 6671
19 3071
35 3835
26 7238
60 9473
37 6274
43 4437
90 4409
84 5674
76 5448
38 1241
26 3391
94 2163
20 4344
55 6282
53 8544
85 9542
75 8502
90 9851
67 8548
52 7928
48 7485
69 9208
32 3543
68 1111
52 2938
47 1336
38 2782
15 4713
92 7785
73 5270
24 1505
30 2387
17 4767
64 5359
65 9329
41 9351
13 9879
98 7325
41 2030
17 6275
93 6384
36 2103
55 1590
75 8794
86 9314
63 8991
52 3181
18 7588
10 9335
49 4491
83 5792
27 6386
16 1579
93 9493
81 1797
56 5659
92 3625
98 5007
14 6409
47 2042
79 6168
98 6938
45 1449
12 3374
94 4336
36 9970
91 7943
81 8324
94 3387
29 1241
83 6635
11 4646
40 1355
46 6473
16 5379
87 1293
78 4003
40 3918
82 2789
19 9258
84 6883
16 2816
95 8455
81 6533
87 1693
74 6292
28 9767
85 5106
52 6789
58 4433
90 6322
93 1400
32 6282
13 2887
83 2422
58 9133
96 2737
91 8582
79 1896
17 6673
58 2827
59 4284
36 2088
72 4071
56 1836
30 5770
11 3919
44 7164
40 5695
37 6929
51 8418
23 4253
35 8581
20 5450
71 9939
46 1947
43 5180
57 1659
23 2812
16 3511
79 4623
92 6620
65 3524
61 6985
28 2498
62 4690
19 7625
25 5089
49 5145
59 7575
80 9686
94 4374
49 1671
96 6332
61 1597
46 4134
52 8484
37 6458
69 5200
49 9871
42 9299
82 8332
42 1372
34 2909
52 8551
23 2765
97 7535
39 2856
26 8036
19 7176
20 8569
88 3554
31 2484
35 7519
90 5849
20 4524
37 6024
59 7016
73 6100
95 4934
60 5434
25 9846
45 3274
71 4854
33 5134
87 6846
77 8453
98 6460
37 5534
37 4944
36 4184
90 2803
57 3355
30 2922
44 2340
54 1161
38 4367
61 9997
81 2156
88 1292
58 3526
83 6016
82 9469
92 5967
63 1481
25 9824
29 2178
80 5399
46 1174
48 2245
60 4768
27 8007
77 2646
17 5230
61 6719
22 1823
65 7157
32 1164
34 1841
52 9219
69 5251
28 5585
81 8469
71 4638
73 9529
69 1379
23 1320
59 5093
41 1676
52 1711
81 5727
80 9521
16 9455
95 2332
43 2697
81 7582
45 4119
77 8824
94 1138
61 9954
57 7417
41 3968
93 4372
92 3244
18 4956
18 6937
10 4003
89 2565
60 5027
40 4348
71 4163
88 6963
72 3050
40 4987
39 2619
87 6227
73 8072
25 3561
33 4439
73 1700
16 1778
18 2413
99 2421
55 1871
96 7032
52 7228
13 8881
66 2871
15 4684
79 8304
88 4887
91 7782
64 1819
39 2222
66 5163
85 7253
11 3736
11 7721
18 1268
26 9173
92 2222
12 4887
64 7271
11 6890
10 6394
83 3535
38 3077
26 4182
31 8978
50 5754
13 8055
47 2933
57 9996
31 6993
46 5277
23 3427
75 3188
58 3136
30 3205
29 2761
42 1028
31 6446
72 6397
69 5312
68 6286
86 1133
14 6799
20 8886
57 9152
70 2497
19 4388
79 9466
21 6092
84 8845
37 9481
80 8605
19 3891
80 5687
97 3120
76 5823
24 1044
99 8493
49 4907
17 9068
74 2921
39 4479
96 2376
36 7295
49 3346
14 5089
74 8968
24 6445
82 8657
41 3649
64 5213
55 4889
29 4176
20 4911
46 6174
59 7973
49 8018
30 7399
46 2138
89 7800
94 8653
19 8082
22 8164
54 5798
14 3317
40 2407
99 7595
89 3862
12 5093
12 3770
59 8288
46 9005
99 1210
81 6558
69 8391
100 6562
62 8228
32 8071
73 4183
49 6235
27 3001
21 5461
63 9078
44 5740
39 1192
39 4075
62 6562
54 6862
10 8290
54 4367
51 4161
89 3744
20 4589
54 4241
12 1521
15 4476
44 5022
72 1509
91 5635
99 6194
61 6233
33 2406
78 5489
80 9596
69 8836
20 2561
74 9701
20 2560
70 1044
55 3101
47 4892
35 5726
84 9610
52 9583
41 8978
70 9949
41 4378
55 8751
51 7960
39 3916
29 9273
16 2181
71 1105
21 2671
28 6180
78 5057
21 2158
57 1415
67 8613
22 2263
34 6183
67 6081
49 2475
53 5369
78 6159
70 9536
75 3278
49 1811
80 1128
75 9386
100 7603
41 9916
96 4552
64 3777
51 5343
31 9224
72 3873
83 5698
44 4918
33 7536
66 3181
65 8126
88 7487
54 9069
18 9044
37 2624
95 4371
67 6496
82 9903
94 9364
15 4864
26 1879
39 2929
80 1689
56 1085
81 8877
26 2621
39 1880
100 3170
27 7997
48 1754
26 5237
32 6516
81 9558
41 4413
98 8987
29 5662
17 6324
86 2381
83 3406
14 1723
62 1646
40 7423
30 6455
99 4359
65 8331
57 8514
53 5498
64 9190
55 7122
38 6343
57 1073
64 2725
76 5205
91 4216
33 2118
96 1861
78 3168
86 1981
43 7347
22 5680
56 9975
32 6161
10 4583
15 7326
57 3021
31 3922
44 3516
90 5310
80 9722
53 1386
80 5722
41 4346
91 9771
62 7621
14 7741
85 2565
75 6027
42 4533
35 1088
25 2256
45 6060
93 2186
86 1179
49 2099
94 5546
22 6363
16 3629
99 4169
88 8026
91 2267
41 3111
91 7817
14 7714
95 9032
75 7080
12 9278
72 8348
61 6429
60 1080
51 5794
82 9760
33 4178
15 5356
89 6459
20 4382
92 9047
66 2482
84 6681
59 9586
51 1034
23 2319
50 2377
64 2141
93 9766
62 4255
90 3960
86 9922
21 5919
17 1392
64 9901
37 9174
28 7003
35 8388
98 6092
25 6030
41 1046
69 1945
26 4380
62 9743
31 4256
52 6106
14 8549
80 8361
38 3023
96 1197
32 3397
58 5946
71 9154
88 8844
39 8782
75 9312
48 7143
26 4557
36 6066
12 2616
92 9776
68 2065
100 4000
32 2950
81 6452
35 4479
46 5300
33 9895
100 4927
68 3838
91 3114
88 3222
65 5349
69 3782
72 9931
19 4924
14 9309
63 1998
42 2476
73 6182
88 1911
94 3281
10 2139
41 5901
84 3456
49 6005
85 4653
85 3439
87 1811
41 9152
76 9306
65 1959
98 2867
69 8151
29 7323
63 5407
69 4708
24 9074
98 2830
42 3772
59 4238
81 9430
17 5094
58 7022
89 2222
98 3122
73 9669
31 9121
95 5185
75 5841
39 3366
99 9551
22 7791
55 8318
86 8480
82 9503
80 7404
32 1501
93 5267
72 2968
51 5707
12 9127
32 6555
67 6959
26 2707
37 3096
22 9963
89 1886
68 2353
68 2307
81 1451
67 9772
36 7705
37 1676
61 8785
36 9632
23 9557
13 2835
74 4877
25 5601
67 3414
95 1213
77 1269
85 5770
97 7254
81 5621
19 8735
75 2042
23 6832
51 3310
61 7337
19 2301
74 1823
30 8657
63 9128
24 1318
92 9160
71 3760
79 5510
31 7448
64 2156
43 6694
65 3842
29 3909
23 5306
96 4709
68 1585
58 7293
67 5652
88 3521
85 3033
30 3388
44 5407
72 8289
36 9414
48 9573
22 1395
78 5321
99 9936
73 9884
63 6215
12 1612
43 7698
82 3489
10 4833
80 7445
61 6628
27 2747
86 4790
72 3089
84 5700
71 2377
71 8716
78 2810
70 9448
85 8763
62 3639
46 1874
10 1239
41 1003
79 4019
31 3599
71 7352
21 1157
87 9572
31 1297
12 6336
68 9144
74 4440
56 3281
14 7718
78 9170
41 9983
11 5840
76 2652
64 7034
19 7610
16 6586
16 8559
69 7794
57 3198
40 9832
34 1111
69 3827
17 4945
47 6513
24 2619
95 6830
17 8474
18 4560
77 8068
25 7197
94 6945
87 9511
99 6540
84 9755
35 6353
69 8887
70 6000
99 9428
77 4478
98 5285
38 2408
66 3988
77 6125
43 8254
80 9408
79 6009
30 6509
62 4989
51 2119
94 4008
19 7115
75 4598
60 3799
91 1591
100 3500
100 1727
74 6627
93 2849
73 9314
48 9534
85 4293
65 4332
60 8593
77 4424
45 4750
11 5218
74 4180
69 3894
44 1367
35 9369
74 8556
36 6718
25 7709
20 3955
78 1402
60 5023
53 7958
63 3881
43 9787
72 8269
10 9639
28 4155
49 5446
32 2190
74 7927
57 4391
44 4930
10 5649
78 4833
44 9302
54 5023
46 9528
34 8400
89 6532
83 9522
75 8053
86 1146
83 5777
53 4519
68 1766
39 8459
94 5520
75 1577
47 5660
24 9292
15 3475
28 7446
36 3075
38 3413
16 9742
25 3260
13 9270
59 6958
88 5652
39 7242
77 9529
55 3343
60 8859
18 3674
34 7285
57 9902
94 5008
52 7973
96 1114
33 8705
38 3506
36 2584
38 7947
40 8553
56 7949
79 5520
77 8059
92 4704
32 5678
34 1651
65 1458
20 2912
64 4702
51 3260
62 6803
17 4656
29 6839
82 3193
87 3915
37 1371
82 7713
12 3476
51 1587
34 3169
81 3519
82 2313
21 7945
93 9337
24 1991
20 6392
88 8406
37 3541
79 8297
63 1211
94 3265
50 4914
88 7739
56 6433
33 5264
87 5523
98 3368
98 3089
16 3160
51 4738
18 8756
16 5476
22 2829
67 9059
75 4543
69 8596
28 5886
100 9109
94 8724
21 7766
64 3661
97 9179
58 1570
62 4035
22 3555
79 2446
75 4500
38 4561
93 6329
31 4004
78 9802
57 4736
82 4777
10 2598
100 1541
26 3729
10 4067
72 7338
55 1492
34 1910
84 6274
58 8910
53 5761
81 9170
36 3605
73 1348
67 7490
66 5118
20 7998
27 4618
63 4996
98 8656
77 2678
12 6124
25 6318
77 3598
18 9423
77 8444
17 1829
17 8543
40 2046
32 9294
60 4540
74 1351
79 5961
29 1601
38 1978
58 6039
41 8568
80 5248
61 5624
87 1035
28 4287
97 1246
21 5294
21 8567
67 3954
53 6524
62 8968
93 3507
85 2378
53 9547
29 1065
62 4151
88 7199
92 3276
50 5270
57 8527
81 1816
10 1918
97 9009
58 5856
61 7477
92 8517
91 5287
26 2246
63 1666
75 4994
25 9035
56 8482
33 7013
94 3168
61 1103
72 1716
94 2563
31 9876
38 6219
99 3913
97 5812
20 4433
20 7627
75 6381
93 8307
93 7759
26 2564
62 1893
80 2928
75 3354
61 3825
47 9754
34 2660
84 8168
78 2364
50 3635
67 6150
60 5089
24 8539
38 5908
68 5144
86 2071
16 6636
61 9345
63 2573
69 5267
15 1983
74 1961
47 8792
31 8375
52 9659
19 8010
50 5203
77 6665
55 6234
99 6044
23 5333
57 7720
53 2090
70 1880
46 1343
57 4573
100 7880
73 7705
14 2732
15 9320
90 8539
35 3078
89 4010
67 7108
51 7179
20 2064
32 1389
30 1753
44 4898
75 6468
80 4383
96 6995
59 3760
32 5972
98 7358
34 5229
67 4081
16 3799
49 5339
10 7296
35 1683
22 5522
35 5649
11 7105
25 1203
60 6049
56 8121
100 5861
18 1898
24 3717
12 2678
87 5954
68 9469
31 3255
46 1222
35 3262
37 7447
20 8037
33 6698
49 1237
16 8593
90 5712
85 2998
23 6363
30 7423
84 6857
26 9699
79 8062
19 4252
65 8489
36 1760
26 8288
93 8231
67 8139
70 7189
49 5668
84 5826
26 8601
45 8587
86 7025
28 8722
98 2895
20 5731
83 4267
55 2868
74 7685
64 2298
61 4921
73 4040
91 6806
66 4961
72 7133
40 1391
80 9634
57 4726
66 7950
10 2409
46 5806
97 5770
87 5533
41 3550
53 3878
21 8762
61 8394
90 6870
49 6118
38 4588
19 2061
58 3625
46 5352
47 1722
48 9406
27 1208
72 2253
38 9234
25 3644
98 8169
75 9153
28 8574
82 2150
43 3205
49 5132
13 4531
29 6089
46 1591
68 9074
32 8155
79 2968
85 6803
98 9193
45 8719
56 2701
49 7419
94 2655
50 7171
39 8552
68 5790
19 3845
30 7709
63 5724
48 1690
30 6634
25 5083
32 5554
64 3798
66 7845
12 7379
66 1665
72 9974
84 7057
84 5905
76 9743
92 5130
20 3617
74 4003
82 3201
45 3334
72 8384
79 7152
57 9809
88 5106
13 7868
12 1994
54 2838
22 8870
46 8550
39 4309
88 8430
48 7277
44 4189
78 3827
100 8434
91 8594
34 1446
98 7548
15 4716
98 6192
82 1664
99 8067
30 9269
14 9712
73 6388
51 4069
79 2665
83 6560
61 4062
43 7745
67 5856
89 9404
100 5063
100 7613
88 5669
61 1220
66 5932
85 7501
90 7913
45 7303
78 8392
49 5815
33 6220
69 2682
72 4669
82 5217
66 3860
41 4540
94 9165
70 4130
34 6866
10 1561
37 2950
31 5499
33 5536
34 8157
36 9219
33 3001
69 5325
62 4665
93 4172
90 2510
66 7060
71 1480
15 4363
12 8004
40 8868
59 2217
66 4297
24 3338
69 5311
29 7959
93 5994
77 7601
81 9736
35 7889
98 8084
19 7211
24 4510
15 6543
42 8930
47 9679
72 4546
27 6688
13 3822
16 6614
59 8257
23 8142
100 2221
13 2953
53 4920
78 5978
33 7354
79 4139
93 6236
69 1997
79 1017
100 4962
59 8416
92 3038
52 5934
76 6830
71 2932
64 4234
86 4737
41 6414
92 4187
24 5471
92 5912
95 7621
32 7943
29 6784
29 5369
47 5452
10 9269
86 9681
42 3747
68 2876
35 8307
60 2586
26 8302
90 5169
25 5457
79 3105
31 9839
97 2971
42 1893
72 2387
76 3187
79 4968
75 1873
99 1509
40 8328
15 6577
86 2317
37 8447
52 1900
55 9569
56 3808
37 6286
94 8286
70 2427
84 9820
84 9733
47 4581
18 2999
37 1873
68 7692
50 9388
27 3992
96 6278
27 7259
12 1898
24 4612
11 9782
77 6434
28 8259
75 3585
17 2930
10 5315
54 1268
56 4333
13 9201
96 3817
10 5843
51 6025
16 3406
37 5616
13 6696
56 4051
34 3892
42 9934
52 4256
57 8474
60 6630
75 4196
47 6705
77 7071
64 8441
27 6747
40 7567
81 5585
45 2783
18 5037
24 9629
14 1438
96 8344
74 6764
56 8778
65 9708
33 6580
53 3910
90 6676
86 6346
43 7368
34 4861
10 8759
30 6011
61 2138
69 3924
91 7797
94 8984
15 7991
59 9125
81 3105
82 2253
11 8347
82 1654
61 3478
49 3013
24 8712
34 9684
96 5991
54 3240
90 6136
65 5088
58 9388
78 2567
15 4833
47 6068
19 1837
44 2248
96 2368
51 9346
98 2545
17 1394
55 6902
35 2371
39 4846
55 4805
60 8079
33 9226
64 4523
57 6047
54 8614
85 7138
57 7227
38 6060
74 3260
37 1963
85 4495
10 7023
61 1836
82 9126
44 4833
89 4426
60 5595
97 7799
60 2575
34 4390
75 1247
74 1420
14 6864
20 9508
91 3300
21 5675
65 8506
85 1208
92 9131
29 1750
98 8633
32 7665
34 1424
65 4728
43 9185
92 9632
20 5726
38 5455
10 2952
17 8911
96 7411
17 4477
44 5123
40 9806
26 1093
20 5495
100 9304
14 5323
44 4263
49 6183
56 6666
27 1142
98 8859
45 6069
11 7510
96 4617
86 1317
88 3694
63 7672
57 9806
67 2705
16 5681
80 3319
55 5294
33 9734
32 6719
75 5787
39 9557
14 9773
99 9890
66 8887
17 4096
11 5560
82 5765
89 5371
76 2270
22 8470
76 1225
30 1801
47 8936
20 1356
23 5794
34 8951
71 2547
76 1982
69 9027
44 6641
31 1497
53 4274
29 5937
66 3821
74 7132
80 5302
74 3222
87 5683
80 3631
93 1447
20 1612
85 7944
100 3954
24 9173
14 3367
60 8815
61 6077
94 7383
23 9212
91 1378
87 9296
58 3242
59 8692
19 4718
96 1306
97 1205
40 3500
70 8074
13 5981
21 8590
41 8523
38 5595
65 7461
34 9154
47 1410
35 3717
85 2560
68 5735
26 3862
83 5799
99 6601
51 9134
85 1874
74 8218
21 3950
48 3177
34 7924
62 9805
69 2848
85 8637
63 5232
52 5696
57 2342
65 6445
23 9058
26 7996
76 2781
28 1961
30 1206
77 7936
95 9802
61 7494
67 3061
40 5379
40 7742
90 5737
20 1770
83 1492
67 3122
43 7380
94 3191
27 1383
50 1549
40 6784
23 3141
60 8684
66 1534
41 7255
62 6959
84 6294
92 2565
44 2032
41 7606
28 8654
25 2629
71 1139
13 2063
53 1271
97 8454
28 4775
96 1187
57 9838
39 5009
41 4532
10 3146
59 8725
79 8591
65 6620
13 9253
81 9474
50 5713
51 1964
40 6110
32 1990
86 3927
64 7755
89 5005
98 2165
48 3134
77 8695
55 6341
57 5798
50 4868
65 4519
87 4952
64 9115
65 1273
33 4675
59 2978
24 5081
18 1401
92 4078
88 5114
22 4284
40 9973
89 1284
27 7711
99 3394
85 1095
41 7378
31 2781
91 2875
66 4807
94 4347
58 7036
50 2042
74 3130
69 5226
55 7836
32 9046
76 7139
39 6849
20 4642
25 2668
63 7999
90 6079
73 5896
25 1209
13 6515
57 5403
96 3839
26 4954
64 4469
53 3103
92 9068
11 1079
81 2021
35 8696
34 7493
31 3626
87 5074
55 3935
83 5199
91 8942
51 1749
54 1993
72 8630
32 8679
45 3469
42 3450
10 1283
20 4356
87 1980
65 8929
39 8630
43 9672
27 8392
69 8558
74 3082
58 9075
76 1767
28 5005
56 7780
62 9018
53 3325
93 9283
73 6228
78 1084
44 2476
25 5346
65 9179
44 6987
45 2210
69 8654
56 5779
91 1726
93 3889
36 1077
93 3049
33 1966
56 7237
95 1782
55 6159
77 2617
13 7846
57 2822
100 4279
38 1603
94 3877
18 5177
86 9647
32 2301
51 1820
69 5563
42 3253
50 9873
23 9515
92 9764
58 6537
70 5011
85 7776
18 8402
18 5343
32 6153
51 1640
90 8834
59 6829
53 2462
72 8560
61 1419
99 9532
50 7879
11 6240
66 9764
62 5740
10 3139
71 7529
54 4369
68 3781
78 5966
31 2141
87 2505
53 3563
87 1328
28 7089
16 3228
18 7009
48 3477
78 8609
26 7520
55 6972
38 8675
100 4138
45 9261
33 8305
15 9158
43 2529
43 9648
28 1665
63 5957
26 5653
12 1850
72 2837
25 4240
25 7190
77 9058
61 8489
44 8396
95 1831
42 8053
36 4689
79 1772
82 4183
32 6518
35 5082
89 4525
82 6515
81 6013
64 1535
33 2947
25 6732
41 2790
74 9404
45 1988
29 9344
38 7429
96 3976
52 1435
93 4765
28 3190
88 7864
87 6129
81 7371
23 9434
79 8755
99 6907
83 2093
44 7030
16 2297
48 9679
65 6445
35 6348
95 6739
85 9000
19 7193
16 5519
48 6302
54 6296
42 9250
76 7041
36 9379
27 5136
86 9495
75 4049
11 7633
43 5366
40 7840
21 8792
21 9081
75 2955
45 5053
85 2089
51 1797
66 5987
43 2101
32 5078
58 4605
89 2360
25 5935
12 8716
88 1601
61 4645
35 4245
87 9131
44 2910
90 8073
33 1428
77 1393
56 1950
86 7028
45 6384
72 5087
11 3051
94 3765
27 2266
37 1227
90 2891
73 1970
41 7820
93 2556
97 5296
50 5244
38 4559
79 2626
34 6072
49 9552
80 2187
62 1834
64 6749
51 9662
27 9637
28 6028
94 5399
19 8545
78 7976
76 2688
75 2790
71 3599
85 2458
99 5181
99 1834
47 1240
40 2016
99 7120
17 8082
27 3198
61 8523
61 2804
93 9978
12 8749
79 1337
60 4537
88 2471
33 6299
60 5368
51 3814
16 2259
38 1823
82 7708
66 2807
78 7271
84 6190
78 7114
93 7980
61 4157
78 4870
78 7053
49 5226
11 3811
25 5862
30 1954
55 9951
26 1201
17 1102
94 5938
97 5627
32 1536
36 5597
21 6805
25 8439
82 5773
85 4165
50 8090
90 3841
17 8016
37 6135
89 1218
45 7929
35 2870
32 4474
36 2007
63 9223
95 8570
21 8777
83 8848
80 4854
68 9479
42 7947
74 9907
13 1098
78 2507
65 7314
20 7470
34 8241
86 8686
76 7732
98 2020
22 3464
40 6892
91 4528
23 9191
71 9230
16 4585
97 7483
74 9756
79 9156
59 4159
57 9154
38 3473
47 1839
64 7365
94 7912
87 3661
55 9855
89 2773
85 9534
76 9739
92 6319
22 2456
45 6538
74 8503
84 9682
52 5754
79 8323
30 4121
18 5058
41 7541
62 8478
47 3447
92 8565
98 8964
46 3016
51 4908
52 8386
99 7924
39 9146
88 1811
76 7137
66 8718
53 4819
18 3173
53 3934
16 7588
98 6973
23 4756
10 7500
67 3074
62 9441
94 2743
98 4950
11 9756
68 7013
40 5916
65 8042
20 8612
70 9636
99 9684
48 3054
96 6909
94 7104
52 2432
26 1244
93 5177
71 9880
28 8835
45 4798
69 7554
72 8101
15 1838
98 8423
34 2226
57 8480
38 4125
92 3449
100 5887
34 1223
43 7338
27 9901
25 9663
22 7236
22 6007
50 5024
47 6661
91 8355
29 7598
63 5088
23 2776
72 6491
84 6063
78 6832
30 9329
23 3595
50 1850
96 8233
44 2416
55 9151
27 9954
97 2349
13 5619
16 8367
22 7520
33 9805
82 4420
25 9846
10 2604
75 8102
97 5180
30 1324
81 5861
67 2660
49 1701
66 7019
28 3278
23 5469
52 2981
97 3675
25 2720
20 1758
70 6881
88 6986
48 8426
95 5329
37 5770
59 1716
43 7416
84 1048
23 4755
39 1532
90 1741
24 4223
45 1285
77 4387
88 4774
67 9144
97 9093
99 6404
31 8913
22 2493
36 6028
53 3005
25 8254
38 9715
99 6819
72 1324
24 5151
68 4328
10 9222
54 9432
11 1891
25 8052
61 4679
72 8700
55 1219
18 4052
64 2626
50 5873
85 5504
66 4582
72 8493
64 2290
24 4958
75 8358
68 1967
70 6668
81 1897
45 9080
73 5308
23 7043
74 1267
70 5483
11 8173
69 8791
56 7332
82 4520
46 9303
15 4630
62 4959
57 7082
41 7251
65 7339
97 9744
83 3662
81 1555
92 1360
77 8015
53 3641
18 1434
69 5978
39 9581
77 9746
41 9123
36 9886
50 8481
15 5145
35 2875
99 5037
42 1632
25 6488
13 6984
81 9821
14 6756
60 4875
77 7252
81 8208
58 9448
74 9054
99 6875
74 2498
59 5652
32 6352
18 6444
17 7846
28 9330
65 1723
49 6336
40 5300
99 5490
23 2189
57 1485
52 1218
56 7322
99 1881
14 5314
68 8442
34 5942
68 8194
54 4413
92 4575
14 5202
92 7092
29 4657
55 3003
69 2838
18 3689
77 1058
26 1031
57 7811
73 1530
98 4655
48 2244
78 9954
67 9005
96 5646
75 2382
35 6316
88 5712
13 2227
28 8632
32 7228
59 1680
90 1730
46 9288
91 8500
92 3698
84 5953
91 8473
96 3995
61 3176
44 4864
17 9648
34 5671
95 2269
12 4546
78 8040
80 4303
36 6795
10 4786
22 8436
90 3489
53 5923
20 4918
25 6302
41 8935
14 1163
36 9006
61 3204
81 9271
27 2278
96 9128
81 5839
60 6010
25 1866
39 4262
45 9023
86 5718
89 1624
75 1267
23 7565
72 6988
43 6696
66 5109
78 4976
80 1241
44 5121
14 8206
99 8818
62 8849
60 4244
11 4717
81 3043
51 1085
52 5100
45 8335
60 4248
40 7073
86 9585
16 1594
29 4303
85 1760
19 5041
69 9979
16 7914
11 7930
87 5392
86 9411
28 9236
32 2947
44 3992
42 4541
35 3848
100 2097
61 5508
21 7200
35 6312
90 6583
17 4524
72 1218
20 2803
41 6938
85 6270
89 1224
39 6766
73 1779
80 6197
45 6771
89 2771
91 9287
67 5072
69 3615
45 3968
69 6279
89 2735
17 4408
28 6762
89 7276
63 3914
65 7710
60 8784
16 4787
11 4746
94 1583
13 8583
37 7631
61 7330
22 3829
30 7459
29 9626
38 5637
87 8177
91 7144
23 7674
21 3794
81 8483
45 7828
70 5402
19 1765
84 1716
51 3954
100 3490
21 2001
85 8999
82 2484
22 5762
38 7119
22 4317
35 8475
48 9303
79 2092
32 7790
57 9478
13 7220
50 9757
10 2125
35 7931
100 9076
87 5671
31 1817
21 8119
35 8523
99 6292
17 3793
13 2284
99 2969
32 6822
58 9687
97 1168
81 5963
50 6865
71 8286
70 5789
57 5896
96 1077
11 8313
91 4618
54 2860
36 6069
43 1559
41 1163
85 3804
11 1956
90 8444
85 8148
23 3711
94 4250
56 3107
89 3177
80 8140
13 8249
50 4541
43 3972
74 2551
31 3796
24 7117
11 6051
24 3072
95 5342
16 7441
45 4264
53 2368
49 3948
42 8611
19 8993
64 1240
80 7058
28 6846
67 6263
84 7465
91 6067
21 2253
17 8711
62 6072
97 5816
28 1161
85 8189
10 8755
34 3943
21 4621
23 6016
46 7557
11 5266
23 7126
75 6054
73 6168
87 5725
54 3086
48 2173
55 7276
33 1429
79 1311
65 1262
19 1554
59 1795
85 1977
14 1738
21 8188
13 1946
50 7025
41 6409
33 5949
46 1229
17 5708
90 1479
56 7713
89 9590
19 9380
12 2536
54 5595
35 1539
93 2417
23 9602
88 2473
59 9057
74 1256
76 5806
44 2827
92 6141
66 7791
17 1587
100 4345
18 6379
53 1333
17 5019
47 2646
64 4157
57 6700
38 9912
70 1254
35 2225
12 9078
91 3336
72 2657
21 5155
28 8673
72 8786
53 8400
47 4646
10 9880
57 9282
84 8375
19 1720
42 3365
76 2547
52 2013
20 6307
51 3685
17 9182
47 5903
46 6875
79 5585
37 5514
47 4217
11 1762
77 1078
82 2719
63 5360
99 6392
26 3644
59 3130
26 2365
40 2889
10 3035
62 9964
42 3540
85 4972
16 7443
85 7333
52 1575
69 3360
51 6299
41 2622
70 6054
25 3684
98 2931
53 2962
14 9296
90 8673
98 2175
64 9152
31 4736
41 4917
62 4241
81 8400
63 7669
51 4156
93 7153
87 8370
60 2880
82 7680
56 5073
51 9641
77 5948
93 9690
43 9257
83 3721
64 5165
53 3333
75 9009
94 4175
67 1609
10 6143
80 6523
55 8721
34 4959
65 1219
71 4767
78 4299
92 4397
80 3207
76 4266
94 4533
67 7568
93 6252
77 1619
56 4124
41 1969
91 4667
67 5077
58 9020
25 6922
82 5098
57 3807
35 5065
16 3752
82 2038
95 1517
88 3050
30 4111
19 9779
80 3920
57 7644
80 3185
44 4890
26 4646
33 4178
37 1619
47 7210
83 8123
31 2593
58 3957
61 3515
54 3076
51 7239
33 7687
14 7277
72 9298
16 2916
58 9215
94 6620
89 2349
94 1272
50 4884
58 8650
55 3540
72 7404
87 7977
73 5742
56 3439
19 9179
70 1695
79 6944
95 3989
67 6667
20 7241
81 8152
31 5134
78 8261
73 9414
42 4253
13 8867
14 1173
80 9233
57 5840
43 7464
13 1327
32 8506
88 4944
41 7894
95 1433
46 3391
23 7889
20 2872
73 9779
86 9548
87 3974
63 2879
23 7447
61 7698
77 1838
98 5559
48 9471
19 7844
28 6585
96 7970
29 7367
84 6403
72 6172
22 6173
35 9398
69 4318
47 6232
77 6776
92 2455
45 3308
25 9963
71 3375
29 1168
71 2728
99 5923
48 6938
23 1157
71 2230
52 5634
87 8105
94 8734
17 5970
34 8087
66 5704
19 5846
30 1310
41 5372
86 8669
37 5696
41 3190
21 4905
51 1170
43 8649
20 8804
14 2011
85 2060
82 2265
11 5488
96 8825
98 7783
93 5359
32 4408
66 8040
33 5130
94 5118
51 3534
76 5796
13 5814
78 1302
15 9947
17 5910
54 3945
77 3918
59 7661
78 8270
19 3162
56 4981
22 7053
79 5884
17 5328
77 9646
91 5239
21 4762
45 3782
13 6106
43 5578
28 1395
88 3924
89 9694
20 6397
91 4564
86 8796
97 9714
97 1146
35 8507
29 7477
19 3422
82 1548
56 4998
42 1843
83 9214
18 3855
23 6643
92 1014
73 7613
89 2152
82 6551
44 1010
49 8427
39 8098
33 8070
66 6367
93 8830
30 9286
16 4248
21 1792
91 7385
59 6741
63 6605
85 4570
29 4059
95 7625
41 1536
13 2830
64 7621
19 7543
49 4088
16 4715
15 9863
85 7236
38 7105
72 7158
84 2750
76 3822
11 9167
20 4991
39 7533
44 2078
70 7737
20 7919
32 4128
58 7301
93 6529
19 5040
84 4414
65 8442
94 7444
68 4453
33 8735
93 3136
50 5476
75 8205
24 2285
77 8826
87 3976
63 7922
67 6034
45 1268
72 9328
44 8832
91 2358
44 8855
22 7765
20 2536
80 1688
44 9350
81 9606
80 6280
43 5366
79 7209
65 4109
17 3005
67 2986
21 9776
66 1697
100 8950
68 8279
28 3261
45 6768
37 1055
82 5445
97 3244
64 4957
76 1689
45 6626
67 6863
84 7519
29 3039
35 8438
72 4062
86 7479
44 4899
58 5178
37 7460
53 1863
78 1275
65 5317
15 4294
20 2540
99 8757
73 8218
31 5315
19 8358
93 3847
72 5114
62 5615
55 9588
53 2904
40 5831
93 8585
79 5261
52 8242
47 6926
58 1145
72 4453
44 9378
45 6566
88 5340
55 8642
44 5947
87 7766
78 1688
23 1053
19 3976
75 6052
80 1746
43 5298
68 3371
53 6959
57 9729
17 1791
76 7888
20 6950
53 6641
13 7769
16 1931
55 1653
97 6177
97 3291
28 1603
93 3431
73 5273
12 4632
19 5654
25 2848
10 7751
44 6090
99 1108
28 6628
80 1061
58 2593
86 7761
90 6790
41 6933
96 5344
76 6700
67 7452
56 8966
21 1623
29 2593
66 2872
92 5841
76 4512
15 3657
20 7356
53 7640
13 9375
51 2697
42 3271
89 3555
97 8197
99 1778
66 4123
80 5736
64 6500
63 1856
43 1421
28 4595
16 3871
32 6641
24 4708
78 9471
27 4806
67 7334
93 8880
97 5627
99 9149
78 8731
85 1134
76 5103
66 3618
72 6525
45 2161
63 5095
73 9654
21 3891
76 6278
81 3792
39 2646
73 6328
90 9988
22 6265
32 2154
40 2337
93 2573
44 7065
62 1263
77 4497
17 5193
31 3565
88 7403
45 3840
87 9316
75 6266
99 3852
96 7626
29 9218
45 2533
35 6610
31 1106
73 7380
24 2713
95 6388
73 3303
35 5525
36 3268
11 8599
74 5574
71 3589
21 1925
33 4164
80 9112
10 6694
31 9980
10 5985
83 9204
25 4369
80 2928
68 1605
29 8691
64 4048
100 6588
47 8168
39 4335
35 4831
80 5669
59 8495
62 2684
81 1468
96 6533
26 7296
14 1481
56 9013
69 4196
71 2031
56 8754
59 6398
13 1281
44 1306
79 4248
22 8255
43 6998
31 2085
94 6395
87 9416
19 1922
34 6945
83 2868
87 2825
100 1070
30 7303
100 1248
13 5963
70 2555
26 9368
31 1210
49 7724
22 3534
21 8965
43 5286
90 5650
49 2747
96 5913
70 8468
70 4790
85 4716
19 3261
91 7469
32 5885
28 5294
92 4343
38 6133
59 5848
48 4549
35 7737
59 6569
49 2303
95 2722
72 1859
89 1103
29 2269
23 5880
60 5431
100 1504
52 7125
33 7154
37 3122
62 2400
91 7856
53 4837
25 7895
38 3929
60 5752
93 6737
98 7619
60 1286
67 4932
77 4547
69 6308
100 9840
62 8434
47 8265
59 2754
56 6614
81 4008
98 1507
41 7185
84 4648
98 1566
63 8237
29 7818
37 2135
86 2904
22 2944
46 1766
30 4001
94 9427
86 1211
27 3532
36 5901
58 9935
94 2508
14 8679
22 7896
12 3367
16 4609
90 6640
16 7592
98 7046
43 9163
42 4131
52 9861
100 4790
25 1094
26 4490
70 5799
68 9735
16 5130
81 4433
60 7846
57 2643
18 8539
34 7426
13 4458
53 9501
46 2029
69 7534
61 6851
54 7156
79 3694
64 2819
58 9862
62 6945
10 7217
92 2121
77 4963
56 4041
74 6785
36 5799
80 5842
41 7666
62 9634
48 5224
35 2345
65 6354
27 2261
43 4045
34 4403
12 4842
14 6134
52 7271
49 1670
59 4334
13 5229
18 2682
84 1303
61 3901
11 4877
66 4452
37 4085
50 6582
25 2758
41 3059
50 6319
47 5219
34 7749
81 7257
89 2099
90 1256
66 8487
12 6685
97 4089
77 4214
49 9510
41 9724
99 1960
79 5875
36 2732
93 7937
64 9607
84 1844
51 5825
91 1885
53 3475
49 2055
11 4585
86 2880
82 2538
11 2711
33 5623
25 4724
79 7907
91 2953
14 7522
32 5984
38 2006
92 9898
14 6693
94 8551
89 9339
36 7567
95 3740
63 7698
61 3033
19 5582
41 3358
55 1500
82 4234
64 6863
20 2766
50 4251
95 9658
54 8055
42 6124
37 5598
18 6994
69 9918
77 6667
39 5426
82 2617
57 9746
55 6328
100 1959
56 3420
46 5603
29 8355
82 7783
64 1268
45 9245
37 2983
84 7149
21 1521
72 8012
94 2865
56 1179
100 7357
49 7286
48 6607
55 5677
92 5153
64 4303
27 1071
66 9566
60 7033
13 4672
53 7714
28 8843
63 6975
81 6960
55 2700
49 4163
88 8043
37 4325
13 6846
47 3120
88 7685
63 5233
35 4660
92 4390
21 9933
13 7653
68 8753
47 9190
92 5826
67 3940
95 2106
47 4320
85 1158
14 3959
34 2685
22 5967
79 6093
100 8466
16 6183
62 8702
45 8395
53 5684
66 6360
78 6299
50 3722
52 2787
59 1951
42 5902
37 9410
95 2476
63 9547
64 9689
91 4086
25 2155
92 1754
51 6281
61 8573
54 3682
73 3166
98 9444
40 9465
65 4073
85 3595
32 3221
90 3693
56 4995
45 3437
34 8750
56 9898
21 7082
65 1729
87 9556
66 1621
45 9441
58 6990
40 6737
12 5417
65 1899
61 9416
50 1053
64 9390
26 3749
27 4489
39 5221
61 7096
52 1589
74 5521
22 7007
97 1295
77 8241
68 3237
40 2617
24 9506
19 6784
60 2371
23 9409
74 1328
18 5553
12 2217
67 5731
13 4700
66 4789
12 6559
13 2016
76 4063
99 3791
55 4511
22 5823
30 2278
76 9749
26 1186
57 8564
51 4768
56 3549
58 1773
18 4594
51 1763
24 9301
68 6795
82 8901
23 7266
89 4470
20 5266
85 3984
95 8799
41 9179
69 2563
39 5340
50 6058
48 8559
74 9437
40 8772
96 7333
72 9558
50 4088
61 2026
76 7884
93 4845
53 9445
29 5079
49 6871
19 2163
15 9760
34 3431
58 9797
48 6751
72 5224
87 9035
45 8590
86 6501
24 1515
35 3486
59 1290
51 5577
78 3485
63 4519
70 6739
11 5048
51 8143
13 9649
90 2985
62 1421
93 4502
17 8726
97 9425
71 5494
72 7857
67 4553
60 7436
42 8136
87 3296
95 3026
90 8639
24 3757
35 2046
95 7650
35 2932
74 7592
74 7292
43 7415
78 5828
98 2970
25 1137
89 7659
92 8325
38 8519
77 5500
82 2073
56 6455
35 6784
13 7054
51 4586
21 3897
66 4929
72 3229
93 5471
60 1273
62 1817
61 9474
53 5035
21 4647
57 6187
29 5694
95 1612
18 3270
60 8472
81 9341
100 1121
98 2774
12 7925
11 8047
42 3023
98 1566
31 9630
93 4516
44 4733
95 9991
93 2000
43 7132
71 9257
86 2518
88 4974
86 2268
61 8920
63 9882
27 2837
74 6030
26 1848
77 8223
55 5134
80 3321
14 5053
31 7328
25 7657
84 6335
36 5380
68 8752
58 7147
55 7976
90 1171
23 9313
68 8628
52 4252
56 9139
16 8350
51 3031
65 9526
32 8500
66 5421
39 9754
44 2460
87 9932
100 9848
37 8850
92 7530
53 5853
73 6620
60 3836
67 7213
81 7291
66 5513
79 2814
44 9133
40 4161
41 6278
93 3872
90 2494
43 2019
52 1852
95 9472
23 3000
48 2043
100 8840
87 3450
92 1239
52 8034
25 4899
15 6110
12 2552
24 4555
31 9851
18 8530
24 9387
62 8768
51 7026
59 1389
86 5789
11 7672
27 3746
93 9575
10 7121
83 3153
87 9215
99 9322
71 3925
47 9561
77 2824
12 4846
52 5155
97 9942
39 6158
23 7838
54 4630
18 1675
81 5636
78 4963
77 7562
77 4452
65 5474
26 6633
21 7000
49 5591
86 7014
56 2643
34 3586
25 6439
96 1884
59 7565
41 6074
71 7952
59 7762
72 6079
12 4677
43 6371
82 4457
32 9515
62 4182
66 3636
77 8810
71 7312
94 8114
78 8117
72 6135
94 3080
34 3883
15 2949
80 9376
88 1815
44 2484
48 7776
84 8275
20 1260
95 7342
15 6185
64 8878
31 3389
31 4650
40 6526
53 5108
49 5227
69 2368
84 8104
16 5467
23 5211
36 8434
98 4137
83 7408
84 5551
53 5151
91 7613
65 1510
55 7422
41 1235
88 8960
40 9348
16 7454
52 6533
74 9380
66 8722
39 1246
52 8743
51 7910
11 2582
56 2330
17 1769
18 5255
54 3646
47 2772
47 1831
57 8859
21 7723
15 4659
98 1825
95 5043
55 7753
19 3228
84 8275
77 3755
38 1820
87 9268
54 1377
56 1582
51 1871
24 1260
90 7824
91 6951
65 8392
77 3444
32 1061
89 4329
73 5225
78 2376
47 7430
79 2403
89 5035
72 1687
21 3994
89 5821
32 8537
12 2089
68 5941
57 3714
74 1326
89 7800
87 4250
86 7382
75 2052
33 4099
36 2177
84 2629
21 8583
44 8984
18 9637
50 4590
73 5094
17 9802
78 2372
41 6427
12 6061
41 2725
90 8347
11 5644
19 8156
40 3301
53 2740
16 2710
28 1752
25 2312
28 8431
27 4465
28 9466
98 7301
83 9113
26 3535
69 6145
11 7695
56 5265
62 3162
52 7890
71 2524
77 1093
34 7879
64 6587
67 1695
57 8184
29 6789
55 3684
39 2607
18 2655
59 3295
39 9096
25 9955
95 4320
48 1808
57 3725
33 3809
60 8080
56 5453
49 4118
81 7462
32 1911
73 8391
97 1238
19 5692
40 5272
56 1787
87 2860
68 4408
30 3836
88 9273
17 6733
36 2832
40 3599
20 4986
68 5128
53 9818
45 5621
30 8975
16 1656
10 6232
46 1748
71 1943
74 9416
80 9757
53 3409
59 9237
39 4612
55 1892
58 3963
73 2915
52 2106
11 9380
39 2937
67 1553
58 1993
47 7865
57 3698
99 2535
50 2963
20 5828
32 2333
44 7470
97 6290
90 7354
31 4964
53 1949
25 1414
75 3670
97 2165
31 1713
37 7166
17 1895
92 2585
17 6251
81 9354
62 5961
69 1037
71 1114
14 3328
29 5665
67 5388
80 3282
54 1709
22 4830
72 7392
91 9605
29 9205
54 1647
53 2139
76 1434
68 5404
15 7530
83 8336
35 8154
68 2284
57 4214
56 5869
48 7593
51 7839
95 8336
16 9594
22 4041
46 4518
45 8138
18 5407
88 2375
10 6543
92 5810
22 3177
28 4374
79 8777
20 6860
42 6435
71 6253
13 2911
75 8290
32 1779
89 9105
10 9153
86 8455
46 2272
89 3099
39 7884
98 7113
26 2594
78 1509
82 4672
29 7827
88 9533
21 2139
32 1666
34 3970
85 6291
46 4024
43 7708
29 7621
17 1033
67 3507
20 4721
29 9225
12 3315
17 7602
53 2926
52 4994
34 7553
79 2832
25 4712
76 2187
23 8460
33 3744
76 4047
59 9618
63 9056
95 3237
83 3285
50 6894
45 5694
12 8251
48 2258
78 5407
10 2738
36 8416
32 7382
61 3438
27 4649
78 6122
76 4544
29 1749
42 7358
86 7907
90 8004
79 2396
35 4867
39 1263
67 4444
57 4460
47 1097
46 1379
29 1927
84 6187
18 9060
15 7070
72 7125
93 8329
33 3314
36 2117
78 3621
41 4745
55 9709
27 6154
83 3859
43 6725
95 6742
13 8408
27 1121
75 3045
72 7956
20 9091
20 4443
35 6200
74 2343
78 4919
67 6646
45 1112
91 5020
63 7205
16 3172
70 1897
42 6296
83 9436
20 2067
69 7910
99 3282
11 4558
87 4003
53 1850
14 4031
63 4485
22 8217
64 8641
74 6820
39 6019
45 7959
35 9386
66 8549
20 7135
39 8371
19 3627
88 5228
22 1381
47 3504
95 2287
46 2595
57 1267
35 1035
12 2491
49 6741
81 5639
86 3016
17 1451
63 6948
32 9472
29 4123
12 6538
94 7864
66 5072
48 2823
66 5689
30 2832
69 3526
100 7648
16 4595
46 7311
14 4678
62 2210
63 2173
50 3743
13 3306
43 1590
78 4849
43 7629
99 1012
94 1860
73 2820
57 3261
20 4707
100 1306
71 5810
63 4804
71 3770
73 9790
48 3653
24 2753
73 4349
62 9722
41 5031
46 8760
91 2971
84 8861
20 5745
99 3822
65 2713
22 1144
42 2807
17 9058
85 5219
11 3922
43 5650
19 6371
57 9558
10 8868
81 9882
85 2220
24 1544
80 2093
11 1886
46 1084
56 9805
61 3759
80 6301
43 5322
69 7322
16 7198
17 9885
74 5509
23 3780
79 4591
84 6385
41 9057
86 5272
55 8581
59 5771
51 3994
83 8163
15 5688
89 5655
38 6042
85 8441
25 3700
51 6300
77 9526
