67 3212
43 2975
79 2198
34 3610
23 9813
58 5442
22 6523
17 3099
13 3624
46 2097
22 4425
38 9702
74 1087
13 4389
74 7908
90 7556
66 4855
93 1045
26 5229
79 6230
34 3028
53 6651
50 4447
10 2924
27 7605
56 1736
90 5926
53 2972
46 2771
66 3645
59 1788
52 6551
65 3591
27 3079
42 7629
14 6156
55 9421
26 8303
61 2399
82 6717
36 4763
64 6636
53 5047
29 4426
50 1481
51 8739
36 4268
45 6822
10 7572
95 5535
65 2140
61 4111
85 9177
79 6910
86 3382
77 2058
72 6099
44 7003
39 6706
30 8359
81 7207
63 4475
15 2181
76 5324
66 7956
88 9456
57 5719
84 1338
16 6998
65 2542
67 1436
76 7242
27 8831
25 1359
77 8903
58 2435
100 3423
11 2433
86 6271
93 9791
77 1520
24 8695
59 5373
85 8842
44 9532
38 4145
68 6420
30 8822
78 9552
34 9381
27 6071
69 3707
71 9186
75 4048
17 1958
80 3908
18 3344
50 7725
51 4202
22 5754
75 4677
65 2661
31 4172
65 5271
14 9877
15 9362
32 6806
40 6528
37 4379
62 6662
13 1754
34 7852
13 4876
47 3352
89 6908
95 2866
43 1731
61 4451
94 2792
69 9263
58 5053
62 5182
92 4589
62 5625
32 3834
43 4196
78 9783
58 1634
84 5058
67 7436
61 1303
82 6816
35 1794
69 5808
14 3047
91 4917
20 6005
11 9031
22 8844
34 3747
13 2937
13 1788
93 2829
62 9663
58 7219
56 8368
40 4122
88 6605
63 8467
60 9898
34 3009
76 1835
43 3802
16 7705
52 5613
57 4757
44 8194
34 5326
84 7499
58 8161
71 2990
55 2048
82 1831
37 7182
28 2817
34 9551
42 4990
45 5533
22 2071
95 1473
14 8488
93 1438
25 8679
100 9353
82 4831
18 6224
46 8562
81 2606
33 1471
59 2347
74 2024
58 8431
40 4436
40 3221
67 7436
35 5165
49 1093
43 4010
47 5502
96 9457
20 8128
18 5636
54 8752
44 5731
13 6578
60 6028
96 7935
41 7831
65 8853
65 6136
27 1028
91 2979
48 4111
17 3259
68 8922
10 8395
73 2139
34 4768
93 3382
34 1968
56 6109
93 9733
33 9412
58 9513
20 7345
34 5573
93 4658
70 8954
13 3011
65 9707
31 8621
35 5168
44 6096
74 3120
29 1127
64 4299
92 3803
12 9927
36 8693
67 7799
89 9101
47 2280
76 3263
100 4238
71 5909
73 5032
17 6585
91 9800
36 2925
75 9181
12 5291
40 5579
45 1273
27 2449
94 3658
69 6789
77 4696
11 3057
61 1817
13 9869
32 6572
28 1055
51 4524
71 3307
51 8725
98 6610
70 4455
27 3133
10 4870
36 2661
20 6288
99 9166
97 7581
96 2488
66 3366
40 3817
77 5742
40 5973
55 6760
34 9320
37 7151
70 2447
30 8827
63 4430
82 6560
90 2563
38 9561
63 6382
42 7581
62 4895
59 7803
39 5609
53 2722
14 9594
94 3718
75 8426
75 2297
71 7043
75 5705
56 3568
97 2970
78 1207
20 2224
73 8354
71 4946
81 9470
26 6849
23 5732
39 6336
46 7735
86 6959
68 4970
100 9184
51 2657
84 8930
40 8211
66 3237
33 4643
85 9808
39 4488
44 8209
69 7655
58 8793
47 1090
78 5549
93 6245
47 4754
49 8877
99 6223
40 2122
85 7825
92 8510
91 6904
85 8592
51 9179
53 6493
39 9521
63 3997
51 8176
43 8746
94 9515
91 4402
25 8355
88 7280
35 3658
99 9221
23 5010
45 7686
44 6375
20 1579
95 2407
88 4264
48 8703
15 5837
12 6672
53 4439
96 6766
71 1703
42 6052
30 4948
71 7234
40 6292
70 2685
81 3283
98 7777
50 5528
66 5338
77 4215
47 5287
49 4815
47 8875
20 9433
23 6190
32 5214
77 5338
16 9724
72 9482
45 8824
47 7131
28 2172
24 9974
31 4253
54 5690
27 8240
18 7685
10 6327
99 3265
16 1132
17 7481
58 4638
86 7473
99 3890
91 7909
91 4062
30 7691
100 5462
12 9962
78 6861
30 5462
14 5873
61 9170
68 7077
89 1475
100 8435
73 7819
42 9839
64 9457
84 6507
76 9730
69 1136
76 5229
66 8511
62 6444
16 4731
85 7405
23 2181
70 7087
71 3367
45 5134
83 5626
94 5567
26 6261
56 3815
49 6269
51 5163
60 2168
45 9193
32 6353
50 4246
82 8154
66 8689
87 1201
23 8449
41 4362
71 4666
26 5293
36 4244
46 3201
13 1221
29 5120
40 6241
86 4125
96 8411
52 6688
55 9886
42 5118
96 4114
20 1753
34 6254
30 7907
28 5640
95 1067
55 9143
89 2887
57 7020
87 6080
23 4796
13 3644
17 9609
43 1478
63 8715
22 5173
92 3493
21 9543
27 7259
23 9715
41 4487
25 2488
45 9726
46 9465
15 7109
58 6727
21 9663
19 9848
59 2607
90 8185
32 3665
39 1657
66 9880
75 2208
40 6010
80 1147
56 5655
93 2357
21 1197
40 1424
45 9739
79 5893
53 9543
38 6588
100 9700
95 5790
65 7916
29 5623
40 1551
15 9533
55 9176
79 6323
45 9930
52 7982
99 7306
98 5178
11 7730
33 2906
41 9690
44 1715
37 6947
44 1802
100 3015
17 9272
13 7764
57 4058
73 9046
30 2456
93 2168
25 4643
39 3726
90 1467
66 2867
65 7915
80 5014
79 3950
84 1406
66 2214
25 3634
79 4092
43 8440
63 6607
98 7268
29 1068
88 1173
12 9426
86 6206
69 6195
81 8207
86 1447
79 2580
99 9691
64 7025
75 9245
74 8752
68 1569
57 9296
22 2525
53 5377
93 8388
17 6192
38 1768
32 8370
92 3746
34 2005
18 3307
34 2410
41 6108
31 1037
24 9404
59 9248
39 3651
69 1780
99 2328
51 6072
80 5813
47 7721
37 9615
60 9341
99 7021
22 4695
65 1582
78 9488
12 3214
35 7426
75 2581
75 6506
82 8505
61 2987
98 8155
10 9214
17 6770
87 3089
26 9639
26 7768
97 5219
17 3085
41 7440
73 9520
93 7480
74 4306
49 6039
86 7796
55 3690
82 3701
51 8872
27 2806
51 9131
40 2020
95 4486
23 3738
39 9120
89 3105
68 4651
97 5679
21 1923
99 8140
31 9219
27 8334
29 1073
19 5082
52 9411
86 8560
10 4601
27 2994
48 4784
89 9119
95 3133
47 4467
69 9100
11 4157
31 2897
94 5992
21 4654
15 6404
95 6859
61 6100
82 1269
42 9249
14 3270
57 7641
33 7595
90 1014
49 2599
87 2442
46 1527
16 3886
52 9363
79 8081
85 3670
27 9700
80 7087
20 4436
68 9070
41 9599
36 3246
18 2776
90 5187
100 3352
38 7237
14 8179
22 8447
26 2227
65 7029
88 1491
97 6790
12 9420
96 2762
58 7464
36 7479
69 9806
32 2299
28 6613
92 2518
77 8574
48 9165
41 5265
26 8487
12 6803
95 1827
30 7962
16 8794
80 8898
41 2819
80 3425
54 8074
59 6089
29 4715
31 5391
59 2174
32 2225
56 5208
84 4686
30 6914
63 8372
96 7570
18 9832
95 6446
14 6249
70 1340
54 4028
71 8160
70 3345
79 6352
80 1672
42 8480
41 7401
63 3237
69 2076
88 7375
35 7852
82 3574
96 3656
99 2776
16 4549
16 8390
40 4997
67 6197
28 4639
12 4664
23 1428
87 1639
16 7751
11 1848
74 8203
97 2496
59 7360
35 8581
84 8748
58 7736
64 4536
49 3838
90 7380
43 5636
70 7628
51 6130
95 1106
54 2794
43 4778
49 7663
63 4867
22 6086
15 2286
35 8674
23 2223
33 5341
14 9581
68 2324
86 4661
93 6384
38 2544
17 9712
42 2047
63 6604
96 5373
99 3815
58 9866
76 3096
83 1869
48 6925
49 5149
22 8616
64 7651
48 7842
53 7753
73 2875
100 8800
48 6245
57 1629
46 8345
12 9002
12 2835
100 7346
93 8628
76 8786
83 7343
99 3794
38 4767
67 2955
70 1489
64 2392
14 6448
76 7498
90 7688
72 4328
49 9360
61 8439
30 8133
30 4855
42 6487
19 9560
17 6892
16 7034
27 9604
53 8159
97 5133
57 2093
85 7297
11 5586
65 5700
57 7325
11 7202
28 8581
73 1215
22 2199
96 6957
61 4403
69 3901
67 3798
88 4986
51 6558
54 2492
54 5779
61 8712
25 6981
11 7810
81 4973
80 8823
31 1467
81 3810
67 2268
31 9321
20 1517
52 9130
51 9909
58 5615
41 7875
64 3572
69 2549
87 9098
82 2474
84 7054
17 8970
37 5093
87 8504
18 7885
87 6254
63 3413
76 5751
26 7610
68 4746
63 2473
97 9788
20 3854
53 2494
49 9239
23 6238
90 5039
46 6394
95 5521
19 3307
27 4295
91 1191
42 9255
30 8456
55 3638
16 7462
22 6975
68 1391
77 2619
83 7474
100 8797
21 1514
22 1008
72 3958
15 3728
94 4801
83 6007
20 2750
40 2120
100 8472
78 5023
74 3995
12 8879
22 5747
91 5667
31 5467
28 6525
84 5858
19 6183
100 2438
80 2727
65 1562
50 2643
50 9569
91 2981
16 2586
29 5588
87 3493
98 9258
44 5788
30 4088
38 7798
75 7705
47 9050
18 1092
74 1870
63 3130
81 3519
77 1487
73 9405
45 2235
94 8667
40 7685
45 3259
51 4581
75 2150
61 2947
15 9293
31 5422
23 5119
38 3597
41 8589
43 2285
27 5244
72 8710
39 1125
36 9391
49 4744
65 9088
72 3223
79 4829
22 3236
21 8242
77 2955
76 9724
77 2423
40 8841
19 6831
82 8896
64 3479
32 9713
47 6996
46 8050
42 5611
72 5545
77 7602
30 1875
37 7518
46 6401
62 9776
30 5431
55 4831
63 7227
26 8129
80 6435
77 6150
31 2983
88 4338
74 8104
79 5648
11 1542
92 6125
90 2983
69 9719
82 9021
10 4548
60 2525
49 1837
62 8695
62 8248
94 1296
79 5710
11 1687
20 4038
94 7064
94 7379
48 1898
73 8960
42 1992
69 1214
87 3481
73 4851
95 3999
72 6805
75 5621
11 6012
84 6480
87 5123
68 5465
67 3926
18 6745
68 9978
57 6301
49 5914
10 7013
89 2356
64 1556
35 5537
11 1687
97 6348
93 9597
36 4053
75 1324
44 9672
66 7593
75 7049
82 5424
35 7538
86 6199
33 7165
21 2195
39 8479
73 1390
49 2178
27 5963
72 5394
67 1261
65 5287
65 7685
37 4300
32 4136
94 8074
95 1958
21 7555
20 9699
21 6413
85 6664
34 6513
29 3307
95 7021
91 1864
25 4379
98 9393
77 1389
86 6139
52 7713
89 7269
37 8504
69 2771
55 5596
25 2445
57 1064
50 2056
55 3405
35 6764
29 1499
89 8976
85 2823
21 1213
19 7672
41 5700
88 8623
37 3437
64 9301
77 2468
100 9306
44 1375
40 3774
26 5297
84 9380
82 1008
36 6752
73 9740
91 8387
36 8825
68 5395
31 4623
35 6823
54 6008
19 2689
17 8891
93 4029
50 6523
69 5274
38 9523
40 5026
26 8180
53 6585
61 4449
100 9907
11 7935
13 4151
22 7972
20 1432
43 1835
46 8498
38 7383
60 4755
25 8030
30 7377
51 7524
96 2012
60 3678
20 9229
41 5738
40 9779
63 2561
36 9121
87 3085
29 9711
97 3405
84 8078
20 9142
86 7735
81 6849
64 4017
66 8653
45 4817
14 1170
55 6223
32 9775
15 1247
24 5959
46 3903
56 8708
71 9895
90 3077
75 3152
86 7416
99 7797
10 4707
13 8397
31 1669
12 9969
83 3025
24 8495
14 7613
56 6782
47 4113
63 5308
69 4870
66 6542
60 8439
92 6342
98 4165
51 8657
10 9242
46 5732
68 9058
58 5320
86 2937
63 2832
49 8724
88 7983
69 2450
90 7831
80 1361
87 2511
85 6555
25 3028
71 7364
33 3067
77 5628
18 7179
77 3548
38 2842
80 7570
14 6352
48 9665
44 7117
77 3646
13 7143
56 8103
57 3953
99 1278
37 3289
65 5207
68 2499
34 3812
51 2287
49 5137
61 7507
74 8238
85 6434
43 1395
42 3994
99 3072
84 3294
50 8933
68 6176
83 6267
93 5537
41 3346
100 7612
61 6359
98 3520
84 9180
99 8170
54 6371
73 5692
100 7475
10 1471
80 2381
37 1503
28 7964
89 6599
34 1091
100 6778
23 4176
76 2324
77 1494
10 5206
55 2412
78 2137
41 9850
28 6427
31 9844
30 1116
76 9813
21 6076
99 1123
41 3047
88 6173
80 1454
21 5941
58 7740
37 5118
51 1890
68 5647
94 6584
88 1057
38 9501
97 8833
20 6482
65 3702
65 6396
21 8081
42 9156
29 8208
95 7014
90 8817
32 9837
95 1067
76 4080
50 4105
19 2992
57 6106
12 1580
29 2528
36 9927
63 1672
74 4809
92 5595
54 8770
100 1529
94 8671
14 6336
97 8193
19 1716
61 1515
13 3476
81 3165
83 7488
51 5390
67 3443
83 9165
63 4276
58 7737
18 5439
73 3085
61 4667
85 5459
94 2452
72 4908
28 3994
65 5013
81 6594
62 8751
25 2478
58 9785
37 8903
75 5435
39 1965
26 9821
33 2942
26 5245
94 9832
41 4994
84 6728
60 7528
100 5488
96 2280
11 2180
45 9010
71 3172
63 3857
53 2234
98 2083
78 3680
10 7106
95 9269
94 3762
12 1062
31 4711
22 1410
37 7652
58 4664
22 8590
46 8070
56 7370
87 4489
33 2693
17 7610
48 7476
13 8544
83 5701
38 1998
37 6100
11 4729
15 3070
36 3158
79 7585
62 8464
11 8421
33 9711
52 8792
66 2746
45 4367
83 3500
76 4632
13 2345
17 6745
31 3904
11 6898
58 5780
25 3170
97 2254
71 5342
77 7491
80 4434
44 3136
35 7096
92 8330
83 5229
92 8278
99 4580
66 2868
76 8553
28 5815
20 4034
39 7751
37 4953
75 8997
34 9801
41 6294
59 5030
70 5372
33 2720
38 7021
46 5778
12 6536
70 4511
100 2120
14 8382
80 1020
30 1184
72 9306
72 1764
97 1043
48 2589
80 1553
28 1559
56 2660
65 1241
39 8300
41 8060
18 8123
51 4827
93 1306
49 6334
99 9926
77 3279
50 3225
28 8277
64 1066
98 5411
97 2598
29 9907
86 8333
29 5294
45 6242
29 3271
57 9207
59 2783
10 4703
60 4623
50 8583
51 7119
48 5239
66 8775
69 9821
33 3870
75 1014
55 2224
37 1478
99 6128
39 6189
51 8979
59 5594
91 5170
62 8784
99 4420
52 2056
53 1050
18 1716
37 1703
61 4622
43 9011
65 6626
83 3354
30 6392
27 7097
74 2177
41 6437
38 3420
99 7092
74 3968
36 7267
91 4313
12 5469
45 7094
42 7206
30 6628
16 4923
23 9867
75 4740
50 5971
37 6673
79 7645
37 2594
61 3575
78 3283
63 8488
34 4895
57 9828
49 7282
88 4721
71 8819
47 3268
38 5420
94 2528
99 3814
37 7931
39 9078
48 9999
26 3845
48 7426
70 6480
25 6703
80 6149
30 8664
44 4282
36 7887
89 3005
57 6120
78 9858
20 2755
63 6097
49 3297
47 6010
30 3096
70 1461
46 4128
48 4740
95 1269
64 6573
90 3287
98 7010
13 6076
81 8897
62 6148
21 9904
57 5192
98 5914
42 4765
36 4586
29 4389
50 4089
12 3129
77 7604
62 4012
41 5609
78 3339
11 1467
59 1715
68 6784
29 1284
81 6483
96 9209
83 7981
24 7037
36 3351
92 6176
56 5104
13 9053
69 7091
75 8226
83 6097
78 4256
75 3321
55 1058
100 8326
86 6270
24 2337
98 6724
11 9596
44 8431
44 6671
62 8739
36 5208
93 3608
78 2767
39 5139
36 7076
25 7292
39 4287
75 4839
14 1608
78 1820
13 9147
59 8271
81 6000
31 3168
62 1937
39 2414
84 7433
14 4911
91 8601
13 6306
38 5356
10 8481
12 9577
21 4172
42 5758
74 3408
18 7479
51 3982
19 4069
88 2832
34 6681
55 5974
84 3890
78 6764
91 1545
97 4210
30 5721
13 7318
45 1009
43 7291
61 1693
47 7740
50 4500
42 7740
23 9624
51 2653
85 8329
11 3291
43 4410
17 8442
16 6278
80 4143
32 9528
50 1137
43 6272
59 7419
77 2042
94 3396
61 6414
81 1630
72 6422
36 3468
96 7583
77 3748
72 7964
57 3386
73 7595
60 2936
14 6973
82 2965
93 3860
71 2627
73 8066
20 3202
46 4709
99 6718
74 7609
30 9585
64 2522
15 5343
62 7379
44 2694
41 2184
91 5796
79 8778
18 6663
28 5925
68 7534
30 6829
35 7935
57 8835
82 2735
51 6941
97 4543
48 1419
54 6314
12 4838
53 8705
79 2296
60 7885
75 2845
75 3609
97 3262
87 9164
77 2584
100 1530
25 1422
95 1742
34 6683
94 7760
29 5515
29 4531
39 3925
72 7122
73 4865
60 7812
55 3123
73 9147
77 9183
19 8319
23 6896
91 2930
81 2146
18 9596
42 9139
90 2052
88 8044
21 3930
54 8577
96 8410
64 1022
19 6678
28 5279
82 2806
74 7873
78 3228
66 2180
88 2447
71 3585
79 3978
85 9047
83 4955
21 9961
86 4918
42 8330
11 8366
82 4771
55 7324
75 3702
52 4170
35 5623
100 5641
10 8110
21 7768
55 1361
73 7103
59 9302
68 2012
18 6580
80 2632
30 3130
46 5976
42 5816
35 3493
46 4642
38 9094
49 7083
63 8577
55 7073
99 7019
26 3636
48 3493
74 8390
39 4395
80 6237
11 9959
78 7350
72 5529
47 6027
30 6858
41 5239
54 4303
16 8198
86 4258
49 5290
50 8921
41 3120
12 4519
49 2760
68 2253
41 6400
41 9015
52 7951
36 9149
89 4371
42 4155
48 4963
18 9667
17 4981
10 7397
75 2726
97 2587
21 2929
98 3492
18 6167
99 5292
81 1865
89 3575
49 1357
99 8306
44 1893
53 8147
56 1069
88 9103
50 1288
23 7963
58 8954
97 5752
83 2395
27 4469
37 2906
93 2318
64 6886
65 6951
53 2818
39 3600
10 6986
21 6883
16 4345
21 3413
26 2258
79 8872
83 6196
79 5481
13 5455
56 3812
19 5030
88 4807
29 9504
65 9035
82 2514
40 7484
49 5632
95 5755
23 8841
90 2490
24 4923
88 6022
57 4964
26 9158
70 2935
58 6259
29 5457
60 4136
57 5545
75 2312
80 2249
16 6770
54 6844
91 6180
79 7334
15 4843
84 3450
90 8132
90 6879
100 6976
51 3816
22 2069
96 7595
98 4484
81 5503
86 6937
16 1166
10 6704
98 6058
95 4520
74 4544
68 1891
84 5983
15 7811
66 5229
13 8103
74 4607
58 5293
65 6323
89 6636
43 4379
78 5986
60 8226
21 4572
85 9627
23 9860
23 5960
81 5220
32 3399
67 5340
52 1690
20 1938
46 2463
89 9298
99 8271
79 6039
69 1391
76 5963
41 7831
92 7916
52 1229
17 7841
46 1715
77 8719
45 9664
66 2262
73 8480
54 1206
84 3794
33 1902
26 8282
42 8489
76 3433
63 7971
92 6603
59 6119
39 3903
80 7878
10 7659
79 8126
80 8997
50 4654
92 3585
65 1782
17 7202
67 2366
68 3433
12 7097
52 4277
24 4814
69 6136
51 6005
22 6991
31 3825
12 9236
72 1612
56 7930
68 6820
86 2753
67 7173
20 2295
31 2927
19 3902
70 3338
87 7344
48 6072
79 1137
12 4524
91 7919
13 5093
13 6672
36 6138
33 1760
71 2064
96 9611
84 1177
66 1981
64 4873
22 7288
60 9780
67 1949
98 5127
56 5371
13 7124
54 5432
42 7584
20 9945
11 5525
40 8025
31 9402
42 7046
44 2657
17 8615
87 7187
50 1978
98 2980
53 1190
86 3206
33 1775
66 6772
51 1792
45 9512
39 8428
94 4276
91 7997
77 5516
51 2218
79 2749
97 2765
99 8177
22 8988
23 1577
76 1078
35 4256
87 5815
35 1594
45 7639
36 5182
89 2092
86 3745
57 2127
14 9161
13 1554
52 9398
24 6062
42 5525
45 3066
38 5929
14 7053
58 8269
35 6434
24 3081
69 9356
84 2040
24 4746
92 8607
26 9734
49 2452
39 1823
96 3126
55 6453
41 2219
52 9116
52 9514
23 3823
92 3938
31 9642
41 9772
58 2173
31 9734
92 7997
75 8104
23 1120
78 6598
92 4621
80 8003
59 1282
33 3930
18 1726
53 3390
55 6440
51 5092
78 6147
74 6689
39 1122
77 9251
53 4459
21 8733
39 4168
19 7034
89 1657
74 9870
54 8907
33 6003
69 9196
15 5821
38 5369
73 7109
33 6903
86 8330
20 5813
17 9612
36 8559
28 7032
99 2488
70 7613
31 6796
18 5826
21 8317
63 5627
15 9762
64 4461
24 8451
96 2002
52 5107
37 5786
17 5179
97 2266
32 9898
12 1270
72 1798
12 9461
74 4803
62 1515
38 5834
12 1300
22 9599
32 5562
12 2247
75 6997
36 1227
79 2163
95 3917
32 8822
36 5726
30 2435
36 8475
75 4172
66 5381
59 7088
85 5852
36 6817
32 7816
95 1670
60 1117
51 8064
11 6789
29 6551
58 9711
48 1710
60 9851
28 6267
42 6581
35 2340
15 6473
43 1064
100 4212
56 1215
57 2337
36 1701
78 7636
83 3397
57 1646
85 8339
47 4089
72 4075
47 3129
50 4084
63 5497
70 3646
77 6705
45 9871
59 1467
85 8463
94 3980
81 6458
43 9382
69 2554
75 6788
83 8351
71 7995
77 2692
58 2921
63 2593
47 4213
60 6852
96 4457
52 3272
28 4638
94 7287
70 9657
40 9318
55 9089
28 8375
38 7773
32 9255
63 4531
72 6500
51 3074
39 1687
21 3704
13 7675
41 4835
37 8241
25 6320
77 4676
65 6415
65 1338
73 6295
75 3298
69 4973
40 5559
70 5184
71 1985
99 1446
46 9406
72 6201
30 3345
84 7242
22 9634
64 7309
59 7233
34 5705
51 4306
21 2982
59 8313
72 1213
71 8008
68 4364
40 3190
51 7147
85 3503
77 4071
95 9654
17 9073
81 8561
60 6982
23 3175
18 4539
65 4439
95 6701
49 5352
47 9176
64 4899
54 7705
91 5600
10 7235
69 4263
87 3564
74 4426
39 8624
83 6912
41 6283
10 2185
67 3214
19 2899
89 5893
50 7447
93 1547
33 2802
60 9040
69 4179
68 8574
45 2167
41 4946
35 6915
64 1783
98 2804
99 1672
53 4672
46 6563
57 6526
85 7973
63 6280
17 7963
79 5401
28 5007
95 9051
65 6402
32 9845
40 8548
42 6285
100 6634
37 6198
33 4525
53 8939
32 7141
77 1615
97 6742
10 4874
64 9561
63 8030
32 1703
31 5457
100 9582
28 5587
89 6031
71 4261
33 9083
87 2532
94 5829
21 8994
74 8223
46 5403
36 8517
54 4019
81 1903
65 1333
100 9041
84 7522
44 8612
100 5284
45 4505
71 4643
30 7817
30 4639
34 9271
81 6909
31 1366
51 3947
72 5998
19 1108
69 8735
22 2209
91 3164
67 5974
39 5972
30 7200
35 8226
52 7217
55 2496
96 3437
65 9730
12 4889
63 2069
59 8222
54 9594
78 1961
47 8061
70 4257
78 6261
68 8376
52 1155
42 3394
29 3784
58 3980
96 5755
90 9152
57 6032
54 7561
29 8310
56 8223
21 5693
72 5578
94 8671
45 6234
34 4337
38 2379
25 1327
49 3720
58 6804
98 5837
10 9601
76 7694
77 5615
75 1266
38 2675
34 6203
10 8814
45 6300
64 8252
19 4594
33 9665
81 3144
70 9983
52 6839
62 5956
57 7069
35 2256
45 5444
64 3868
87 1292
60 5632
100 7663
85 9909
86 6979
60 9766
91 5238
36 1242
37 5122
54 5532
30 4562
29 9950
62 6938
96 4390
65 9164
94 1638
95 7101
16 6807
67 4993
71 6037
91 9224
51 8201
96 9370
27 4507
90 5783
87 6143
60 1479
83 7459
16 8487
93 3294
21 5705
61 4377
69 1912
67 9464
88 7422
74 2800
71 7102
12 6503
19 6446
10 1749
82 5751
50 4989
35 3576
67 3014
49 4522
92 8401
47 5332
21 8139
48 7365
100 7010
99 2297
36 9235
42 4329
96 8940
31 8868
35 9283
79 5077
15 9682
13 2074
78 5323
21 9023
47 1059
13 6859
87 6735
42 2463
33 2441
29 6750
74 7381
17 9139
57 1257
18 3770
23 4877
27 8627
16 4722
28 8523
75 7915
65 4010
31 4744
81 9184
91 6637
56 4412
75 4679
99 6333
58 5818
99 8483
39 1721
26 3092
72 6453
80 9389
74 7206
15 4441
55 1010
70 1945
76 2628
46 9506
50 8734
66 9294
42 1900
88 5793
40 9045
71 7605
64 3059
95 9088
46 5212
25 7887
34 5683
68 6360
65 9924
15 5238
37 9584
78 3775
16 9938
54 6965
97 2556
52 4021
59 9579
40 3812
32 6020
77 5212
25 2294
77 8743
24 9214
23 8679
97 7874
42 9174
20 7397
65 1691
57 3880
20 1098
61 6800
79 2338
90 2711
16 4407
79 9003
86 9579
83 6058
13 5724
56 9928
29 9178
39 4287
53 7334
36 9612
54 5649
53 7657
17 3823
67 9099
37 4278
62 6551
31 7050
48 8918
31 2340
78 2172
80 3553
71 4275
39 5763
12 5501
38 9946
28 1678
58 9862
82 3853
56 3456
69 5838
75 9352
69 1491
88 4073
17 5860
82 4963
29 2718
69 1793
98 3928
25 9027
84 2863
34 1445
68 8433
32 7095
51 3410
50 7000
26 8717
35 2000
83 1190
28 6353
12 3652
28 7495
80 8429
36 9351
33 3351
13 1747
30 2830
70 2176
85 5241
47 2083
69 5484
43 9604
41 2228
21 6261
61 4646
11 7937
43 2774
97 9228
40 4478
44 1971
58 9420
11 7209
65 8651
74 2597
63 3337
26 7169
27 4507
88 4022
52 8266
18 5125
15 6754
34 8730
15 9382
38 8663
53 2399
84 8878
73 6327
14 6257
40 8412
50 1421
69 7993
56 5388
82 5777
89 1280
56 9965
91 2131
90 2527
56 4081
35 7570
93 3217
37 6941
12 1836
61 6999
82 5532
30 2896
52 5131
68 8949
58 2773
65 3487
24 5419
77 6302
14 3770
28 3549
69 9945
68 6768
78 7290
33 8153
21 9723
86 5281
53 7212
38 3639
65 8725
27 6421
10 6129
67 7515
29 9333
35 4165
84 2095
33 5251
44 5457
10 9005
98 6987
80 3687
90 6090
93 9998
10 3383
27 1476
92 4834
56 6266
51 1947
87 9044
42 5671
93 6197
30 4987
53 9976
62 8705
52 2408
88 1412
58 2668
33 3453
54 9362
19 2043
28 2562
17 9807
97 1810
12 3731
39 4186
24 8980
83 7942
93 2748
39 5445
54 8636
38 2212
34 2058
38 2087
94 2741
41 5354
92 8231
36 1763
17 7430
18 1336
58 5762
94 9950
67 7949
21 1509
41 6553
45 1638
85 4804
32 5406
79 9555
12 7050
39 4593
85 2022
38 2333
98 5699
85 2917
100 6469
88 9114
54 6681
11 3843
35 2773
34 5423
65 8364
57 4690
26 2716
67 7507
32 6765
29 7534
66 6133
25 2296
60 9062
56 8740
44 9506
25 7403
96 3414
13 1117
54 9832
20 1618
99 2632
89 6701
44 9256
44 2715
53 2046
58 8855
25 6588
57 4188
90 3873
65 7729
87 2028
83 6499
85 3631
76 6236
13 4832
29 3119
83 6373
54 7194
22 1960
44 2013
75 4921
86 6721
74 4953
99 1621
36 2598
70 1580
98 9556
47 2311
99 7328
66 5906
97 2246
71 8254
24 8707
85 6583
88 2532
45 2834
65 7852
12 4608
86 8865
76 8253
15 8601
34 3391
17 4506
41 6206
20 8312
47 4438
41 7119
95 7940
25 9859
16 4896
38 2833
11 5606
22 5594
80 3296
14 8213
54 1104
73 9546
90 5022
13 3929
46 7252
67 9289
65 4640
46 5655
97 3009
44 2121
90 2924
74 7085
45 2085
76 6487
96 1157
39 5649
99 2003
25 1296
31 1070
24 2515
31 5222
53 1125
38 4261
51 8558
84 2929
90 5629
24 6069
30 4372
54 9269
72 1888
68 1841
74 7545
26 7447
16 4080
17 5496
70 6095
40 8615
38 6827
81 1007
40 1888
27 6515
26 8715
16 4666
47 4484
82 8320
36 3227
88 4667
44 6474
77 5303
100 9652
13 4083
11 1884
76 5019
43 7073
31 7092
24 3619
27 6255
21 8204
20 6843
42 3758
64 4869
32 4073
64 8638
73 1845
16 6993
26 7283
61 4412
46 9224
22 5323
88 6179
97 9092
73 8036
49 5014
79 7502
47 2877
49 3642
36 6379
16 7280
15 1889
24 1814
24 8310
19 5283
44 3410
77 8210
14 4073
22 6751
46 5880
68 5604
93 5254
36 4018
91 7873
92 5833
44 2381
51 9942
20 7206
59 6128
92 1985
72 9303
61 6500
17 1098
39 5338
29 4682
50 1304
33 7824
62 8155
90 5765
86 8366
84 3768
86 7380
42 9630
63 6716
98 9066
97 8258
61 6380
11 4682
70 3728
35 3147
91 8687
88 1252
27 4448
64 5393
49 9090
88 2224
63 8659
86 5425
96 3632
89 2518
18 9344
75 1116
86 3823
76 1230
55 3938
62 6812
10 8968
40 2336
31 8449
85 6158
81 1336
85 4485
84 6669
86 4952
55 3310
83 4281
89 2642
76 1587
92 9338
77 2126
76 9997
24 9357
71 5633
15 8214
11 6280
18 9316
69 3084
23 8845
52 5955
71 6422
79 1106
91 5257
33 3581
39 7606
43 8848
31 2344
86 1446
72 4484
93 7724
94 6190
27 8892
40 1636
56 7999
90 6151
37 5091
51 4348
30 8976
83 3943
100 5360
85 6615
62 7694
45 4416
74 8765
25 8897
33 8883
64 7589
12 5880
59 2096
91 7119
24 9409
80 3168
32 7332
32 9260
94 9077
23 3067
57 2499
96 3975
28 8488
31 7637
87 3275
79 5622
90 2071
99 7598
93 5242
68 4660
64 3270
83 2724
61 2598
17 2974
68 3978
37 7869
43 8911
21 7789
24 5720
47 9821
75 1749
98 1063
47 1547
38 7377
81 9059
44 2315
91 4801
46 5684
82 5790
87 6133
65 1961
32 7006
16 2764
26 7396
89 6320
89 1897
82 5264
43 9747
15 3529
81 7124
68 7216
82 9067
14 8023
38 3729
55 2715
65 3008
63 8372
20 2874
82 3647
60 5756
63 8174
83 1399
71 7638
30 8960
80 7383
46 8932
69 5930
97 6397
100 6199
32 4297
79 4477
37 3545
42 5364
27 2555
57 2917
61 8318
66 7136
80 2332
19 8485
85 2607
22 1797
100 8542
47 3553
49 3764
95 5439
50 9206
44 3722
27 1021
36 2945
74 8193
40 5517
84 9829
31 4031
66 3834
10 6350
53 1964
30 2981
78 3767
35 1723
67 5419
37 4680
78 7843
69 7694
62 1020
56 9432
93 6917
74 5780
16 2788
38 4960
63 2846
50 4599
70 9335
38 6024
93 2629
24 5689
25 5433
60 6750
95 9170
87 4930
64 1005
28 7968
90 8889
100 9461
13 9940
82 2250
47 5141
85 3240
65 7206
10 6317
87 4069
23 3855
30 4729
12 5057
17 3404
16 9144
35 4290
98 5992
68 2286
97 6089
19 3879
100 1115
10 7856
61 3967
10 1623
80 6654
36 2302
79 3818
79 1837
87 1066
53 9810
34 9883
87 7265
68 4250
35 6680
21 2844
12 6790
93 1248
23 9127
50 2960
84 5195
55 1978
82 4681
30 9214
88 7620
49 9788
60 7136
79 2189
93 6914
61 9917
30 4849
76 1870
26 4317
63 3895
97 2914
89 5469
28 5388
49 4439
63 2885
66 7720
46 9730
97 8267
89 7733
25 4740
41 9473
22 2854
76 6712
81 6529
71 5099
47 3960
61 1992
62 8324
96 4688
36 9965
94 8496
78 4134
32 6299
53 3800
92 8698
68 5763
88 6238
12 2598
47 4635
64 6477
68 3193
98 8312
50 3127
89 4834
56 3988
36 3925
92 4355
44 7088
94 6947
59 7909
39 2355
62 6954
37 6561
15 3417
38 3188
13 5426
26 3928
39 7959
36 1647
36 7065
81 8156
37 5224
25 5272
66 8354
48 6726
35 6655
52 9251
44 1692
62 8488
47 3573
47 3685
48 4170
43 3125
70 6055
75 5027
41 7993
85 6869
79 8525
22 9793
56 8379
10 5728
39 6587
10 7959
49 7605
99 2698
24 8719
86 6683
12 2301
82 9432
11 9083
54 4848
44 4172
26 7469
12 4792
69 4417
100 9417
34 6879
54 7982
68 9781
23 2705
51 8387
40 3710
52 1379
49 5847
98 7450
70 7712
14 7041
69 6759
39 7506
17 8309
48 7913
58 7435
20 4306
70 3971
79 7218
51 7150
46 5092
64 6356
18 6991
45 5682
85 3164
47 5621
52 5234
60 8585
67 6863
62 6836
32 5378
100 3724
16 7987
88 8810
22 9611
62 2046
29 7930
50 3094
15 6382
23 2792
16 1272
26 2668
48 6430
47 7494
83 9056
100 9624
22 6708
21 7364
65 9582
31 1275
10 1803
73 2850
21 2164
68 8248
80 7974
46 1630
48 7958
68 8419
23 3999
87 5804
74 3414
49 4646
40 4016
84 6540
89 7690
34 3581
41 2450
92 4398
58 7040
24 3787
17 7932
74 6544
78 2402
24 6010
78 5335
83 7847
71 2224
83 2701
89 4979
80 1854
22 9738
18 2156
25 9166
46 5716
29 7647
17 7749
71 7424
35 9595
99 8954
73 8124
37 8784
97 8788
90 6964
13 7896
15 7954
63 4708
96 6535
95 4072
67 8900
35 1586
69 9945
87 4796
98 2551
94 5947
53 1067
20 6297
36 2659
55 2571
53 9124
74 1190
96 1271
19 8024
32 8531
93 2220
24 4997
79 9056
31 6041
57 4701
55 3249
79 6462
74 5496
37 2627
76 7780
10 4246
14 9960
13 5332
94 5314
57 1072
24 8821
30 2408
83 6222
32 2308
40 8216
86 9821
67 3860
13 1533
26 3417
90 5652
28 2003
83 1965
80 1908
48 7828
82 8662
53 4000
58 6008
55 1058
70 7150
12 1347
13 7252
86 7176
83 4374
48 3174
56 7831
81 3911
18 2882
79 5471
66 8316
55 3340
30 4109
25 4064
33 7683
25 2958
98 8782
36 6351
53 7580
33 9444
90 8733
18 9699
31 7379
76 2356
12 2944
78 4601
16 1927
12 1810
37 4574
45 2745
12 3005
74 5952
99 1275
43 9734
58 9566
60 5901
38 5359
31 7838
26 2316
96 3802
24 1439
89 6277
86 8096
14 9773
52 6399
92 9448
16 5651
82 7824
87 8824
64 3458
28 5459
74 9218
33 3170
83 9715
89 8878
79 8610
68 3644
64 5010
80 5584
70 1156
21 8600
74 3318
11 9770
53 8340
54 8331
70 3887
77 8102
77 9698
36 7619
58 1864
72 6341
31 7575
47 2891
11 1273
64 5521
38 8838
81 9011
90 5213
84 6891
51 1159
63 1627
44 1492
57 7101
80 2517
95 5435
42 1487
34 2553
95 1563
65 4232
29 9028
47 6057
89 9787
30 9617
54 8262
33 2625
71 1420
18 7569
95 5564
93 5756
88 1991
70 9221
33 9856
49 1398
25 8567
36 5629
33 7932
62 4759
15 5353
63 8029
28 5944
24 7670
83 4045
21 4785
40 9362
90 8650
96 7899
35 3943
30 7068
96 8467
74 2629
98 5231
58 7108
69 4278
14 2090
88 2009
50 6130
45 2030
85 1564
68 3680
10 6462
51 4666
49 2156
85 5906
80 8248
11 6456
19 6755
20 8719
95 9777
70 1578
37 9374
63 8017
25 2439
58 8478
50 9908
46 7249
97 2436
61 3418
77 4501
46 3528
56 1582
27 6107
60 6949
65 7560
86 5958
44 3805
32 4059
57 2409
73 2992
71 9983
12 1209
44 1810
29 4498
69 9684
41 3063
62 5478
40 9082
37 9715
12 4592
25 8416
63 1202
87 5529
95 6706
94 7082
18 6848
33 3618
86 4178
37 6907
25 4447
38 7361
84 1393
26 6816
46 5391
56 5233
93 6190
54 7119
55 4678
65 1648
19 2694
75 5160
93 6896
29 7910
69 7795
76 8735
58 2682
43 1470
96 2855
55 4766
67 9183
32 6633
53 6384
57 3848
34 9854
98 2031
60 9556
46 3312
81 1788
89 2865
37 1634
92 9373
64 1301
62 8310
61 5617
38 1999
17 5183
16 9829
54 2628
25 3725
61 6314
67 5905
78 1597
80 2378
22 7298
23 4022
42 9039
65 1934
45 4882
28 2877
21 9380
42 8335
52 2919
38 6195
60 3554
41 6683
11 7617
86 9115
81 4064
15 6089
92 8726
84 9802
42 6888
66 7645
41 3399
34 6355
77 9160
98 4198
49 2835
22 7895
29 8136
84 2968
60 8984
82 3970
12 4603
80 6956
54 2990
59 4316
91 1766
12 5699
53 3387
24 9511
97 1551
15 8768
67 3491
74 6589
26 8184
21 3163
54 4943
17 3448
72 9585
74 8695
61 8898
21 7650
79 2330
64 8163
96 1617
12 9191
76 7492
98 9224
44 4041
10 8048
10 2107
59 9267
47 6802
57 6368
20 6803
56 7022
57 9794
10 6269
79 3234
75 8443
63 7133
65 1163
68 5607
80 5178
11 2026
63 8962
38 8369
73 2703
64 2066
61 5295
99 9079
17 8974
55 4110
25 8082
100 5741
51 4773
52 7540
21 3599
44 4394
51 6500
98 8397
58 7462
19 8612
74 9792
58 5717
83 5739
69 7567
30 4820
56 1452
30 3024
20 2364
75 9490
11 9635
41 4600
75 6115
47 7045
10 9200
92 7609
80 8127
84 4536
80 2459
90 1033
62 5980
11 2001
86 2209
41 9393
48 9451
45 3055
79 5418
91 1994
65 3081
88 7658
19 3151
59 1340
66 1579
97 9173
34 8515
14 7994
85 7060
35 5234
77 8183
52 5064
26 7983
59 6069
66 7373
67 4474
81 2272
20 6140
28 6428
66 9420
72 8757
58 1029
41 4543
95 9577
90 8506
21 9137
73 8203
42 9168
19 3237
22 3975
68 5171
61 6472
28 4059
27 3178
42 6085
82 8924
82 7285
95 1302
99 6214
14 3799
90 3434
17 6149
36 6575
46 4507
84 9174
71 7527
42 1951
73 7747
22 2862
48 9381
88 1047
56 6109
43 1641
62 7141
30 4142
71 8481
86 3102
70 8792
43 6749
32 4762
89 5703
43 5254
75 6434
32 8752
92 9719
52 2309
45 4054
45 8276
40 6401
72 2114
35 2482
19 7080
95 7724
98 6267
38 8208
48 6903
37 3630
83 2915
46 4503
22 6619
96 3493
73 7704
63 6321
61 7959
89 1686
60 8554
79 2727
21 4272
37 3398
29 6167
82 5041
79 8290
75 8287
87 7928
19 1305
41 5970
17 6796
72 4324
23 9577
36 9163
32 3597
79 3187
22 6812
96 6535
83 9739
29 5089
81 6419
14 3865
11 5845
60 8530
94 8463
13 3398
69 5421
74 2316
52 9437
98 5539
62 6583
25 4717
70 6281
88 8741
35 7484
93 3965
93 5352
51 4590
76 8957
59 7590
60 7795
46 5029
25 9170
15 8952
76 7573
93 5728
71 6492
85 2718
93 2448
85 1052
84 9207
91 4330
73 1759
67 6757
50 1474
11 1622
21 7498
26 3811
45 5546
56 6281
47 5876
68 6482
54 8538
25 9819
91 2949
56 6808
21 5959
95 8053
96 6439
32 9365
91 5777
10 6232
35 5592
54 3358
16 8114
44 2439
56 3776
74 7574
64 9529
35 8845
12 8199
11 5679
73 1321
57 1883
14 7900
88 9422
80 4884
79 9757
88 5656
66 7601
11 8815
34 4575
36 5795
86 8290
93 6147
55 9254
35 4481
80 5963
94 7537
37 1257
73 5935
62 7547
14 3650
52 4153
37 1794
93 2271
55 3999
78 8119
54 7594
41 3254
78 7328
75 3637
62 1662
77 8359
86 7281
75 9043
44 5231
53 1679
49 3307
78 9706
37 4070
54 8464
33 8056
87 1610
54 2470
50 3289
10 5921
72 9472
13 7457
97 5793
44 9030
40 1011
70 4800
88 8818
14 9031
57 7755
50 1274
94 8839
26 4993
10 7685
69 1286
44 1963
57 8176
47 9658
100 4861
18 5990
65 7616
78 8071
13 6463
31 6622
63 8823
58 1790
36 9153
81 9252
55 8269
24 7655
29 5448
10 5495
12 7537
44 8674
93 8863
82 5654
84 7314
25 5407
54 4069
53 7679
65 1971
34 8431
31 9090
91 2401
40 6780
22 4817
80 8719
33 9637
29 5042
90 7056
73 9580
74 4836
89 5931
15 9416
61 2965
34 9096
80 3091
61 2486
18 7226
53 5060
37 3662
21 8268
82 7091
54 3476
83 4847
28 8460
29 6062
75 8314
66 6155
42 1998
64 2937
63 2662
60 6908
28 7956
56 3704
31 1830
85 5420
12 5698
70 8669
16 1322
33 6482
23 7115
19 4401
92 6639
33 8940
38 9103
45 6016
59 6062
11 5433
88 7769
84 3964
51 4246
27 1626
19 6260
45 3464
52 2124
28 6014
35 3069
25 8400
36 7167
97 5876
82 1235
23 8404
50 8206
14 7830
83 3983
77 6563
69 9417
80 7011
59 7930
55 6035
75 1182
31 8949
73 5990
77 4758
44 4177
61 4184
77 1167
35 1665
68 6203
30 6337
31 3127
11 1385
51 5180
91 7039
14 7949
100 3898
82 3731
69 8190
53 6831
42 6449
34 5950
77 1273
67 5887
66 9519
58 6916
84 3345
70 5898
58 7718
26 6778
70 6957
91 9083
57 1303
56 3587
55 8602
29 5555
65 2324
17 1409
36 3748
14 2201
51 8883
71 9638
71 4688
47 1244
11 5591
43 6773
69 6279
87 4184
18 3431
79 7203
78 8193
75 6872
26 2220
44 6935
79 7522
41 4633
23 1332
79 9300
90 5105
34 2322
59 9126
31 7294
14 6490
55 6947
13 6285
72 5139
64 1693
18 6348
59 5868
37 7923
80 1098
48 6608
91 1880
14 8804
85 6588
33 6579
97 4611
22 9234
36 8486
60 7219
60 4242
95 2748
63 6576
88 5444
74 1266
48 6944
49 5751
34 3572
53 6308
19 3641
30 6794
75 4461
90 9791
70 2186
56 3513
36 9170
21 2047
94 9544
21 4968
85 3666
19 6594
78 2925
88 4298
56 4684
83 9321
11 8351
83 2123
98 3343
77 3799
65 5924
53 2414
22 1955
75 1444
33 3580
69 9617
54 1235
60 8590
27 1532
95 4914
33 4025
25 6400
30 7617
69 6644
35 3534
29 7976
18 8809
86 9287
36 8796
17 6307
10 5884
56 9913
78 8298
82 9985
79 7666
32 2858
85 4283
34 9863
69 9210
94 4738
55 4272
81 9823
65 4699
81 4701
93 9214
83 6814
88 6298
13 2176
21 6349
79 9317
57 1383
92 8733
62 7848
22 3293
28 4974
50 4648
28 8264
12 6381
19 3346
93 3183
34 1481
13 9459
55 5665
95 1467
84 7418
99 9127
43 1812
54 3994
22 4518
35 7621
11 7082
58 2524
50 3542
20 1800
78 6903
77 8634
81 8364
50 8667
34 1880
78 1401
100 8943
72 1794
80 6444
17 8229
65 2923
20 8374
14 8554
23 2594
24 3046
67 5592
43 6635
57 6016
61 2372
83 3727
84 7696
44 9629
43 5997
61 9580
66 7931
93 8855
16 1080
95 1359
63 4621
27 3233
90 5060
64 4169
32 5476
96 4017
61 3748
36 3127
67 1071
28 1365
35 9526
12 8687
48 9731
86 9698
75 8712
13 4506
53 5945
92 4230
54 9057
46 3528
73 3895
56 5086
49 9870
32 3932
16 2926
20 5383
66 4385
83 4246
83 8078
60 6611
28 8272
38 2710
88 7318
92 4198
94 8040
67 4220
56 1447
37 3720
48 7627
95 5005
52 5805
27 3078
19 4734
78 7943
57 4168
29 4989
38 8096
13 7230
12 3769
36 9261
31 6280
32 6116
88 7244
32 3588
99 4745
52 8815
66 9586
54 9619
51 9219
37 7450
31 3407
13 5847
56 4034
26 3075
82 1948
41 5013
23 9000
19 2013
12 5550
42 2289
94 1035
94 3990
55 5677
89 2405
88 8803
99 2627
69 1747
76 4344
95 7371
40 9981
94 9418
29 4121
72 4097
27 1515
32 6537
13 8231
16 4329
99 9512
10 3184
13 7716
79 4533
30 7357
73 6085
22 4332
56 2606
25 2589
48 8845
34 7613
17 3290
36 3967
42 7838
35 7456
21 9819
80 3750
77 4255
61 3705
12 6837
35 3643
27 7269
67 3442
16 1832
35 2135
72 4178
70 3340
26 4747
49 1091
44 2912
87 7778
94 8530
37 7528
93 4585
12 2214
53 1267
37 5843
47 6596
60 8866
75 1640
99 8157
67 8400
16 4209
85 7879
72 2369
32 2806
45 9616
20 7512
94 4553
10 8547
19 5778
92 6653
16 4816
82 5711
84 3649
74 5083
51 4201
81 8178
49 3712
61 3760
22 5265
63 2256
39 3686
55 5962
22 3359
96 8689
64 6941
10 2908
70 6119
43 9599
95 5159
91 7364
90 6103
30 7694
71 6012
77 4727
34 5937
81 1324
51 1104
57 6234
35 4610
60 7237
88 2180
83 8569
99 4325
78 6413
12 6967
63 9567
35 2240
50 3079
25 7214
37 3965
82 7484
54 5395
21 4006
72 5402
18 3377
89 9840
18 6244
27 4257
85 5410
91 4381
45 5637
52 4406
59 7913
44 9864
15 7405
23 5935
47 6850
58 6839
64 1975
40 4745
30 7906
22 2035
62 3314
52 6307
35 9455
81 7145
100 1902
19 8647
35 8469
47 6788
66 2282
93 1504
12 9867
14 9834
42 3700
51 6192
80 6840
74 3120
92 6608
90 3308
19 3222
50 9000
96 4802
41 9099
14 7879
73 5451
63 9840
16 3362
66 4140
14 7682
53 1591
74 8446
14 8283
86 7934
75 3290
100 9833
59 5804
63 1532
79 9989
25 9794
92 1013
76 1737
50 3461
10 3851
70 3339
99 2493
95 8338
49 8010
35 4598
95 5719
100 4860
17 2734
43 3725
65 9751
21 1279
82 8664
31 9738
13 3620
90 7886
59 7034
72 2014
63 6684
41 9801
78 8639
70 3636
77 4653
58 2347
24 8996
38 5608
88 7490
87 2961
18 1891
66 4487
65 2631
92 1825
71 5816
30 4921
28 1004
35 2989
34 6523
94 5318
31 4239
69 3753
30 9779
68 6583
58 6900
22 9915
84 6364
42 2143
27 5829
42 9815
32 9666
90 4303
83 7791
34 9443
84 8046
13 9002
42 7678
85 1482
48 6129
42 4171
57 6182
45 1471
83 9066
94 9285
75 8937
58 7873
66 8004
31 4707
50 1213
77 5265
66 3895
53 5611
91 7609
72 9488
22 3816
18 4611
20 2522
82 5048
72 6092
79 5788
73 1669
13 1297
81 7990
97 5955
39 8257
73 8372
38 9205
11 5737
85 5116
25 7844
54 8417
61 4927
68 3404
35 6750
94 3841
97 3090
96 3178
52 1003
43 3493
27 7660
96 2758
42 7265
91 7424
80 4999
56 2246
55 9343
46 3271
62 8432
86 7306
59 2868
14 3542
13 7738
87 5210
61 7302
48 5680
90 4575
22 4657
100 3688
41 2506
87 1385
57 2760
65 6535
31 9377
89 9061
86 4729
58 8657
93 9895
95 3960
58 2159
70 9276
79 2100
13 2608
92 8269
29 9688
27 4842
77 6505
55 3732
93 5722
78 8003
42 2753
65 7590
99 9109
46 4529
69 1330
26 3572
39 1067
76 4788
50 4579
58 6982
49 6226
95 5035
96 3333
18 5621
65 6388
60 7580
30 3135
63 4908
27 2513
87 1793
96 5576
70 9170
97 1527
99 7757
10 9172
54 8516
83 2979
78 9847
41 5946
95 5820
85 1558
43 3642
30 6682
70 4602
78 4328
37 5100
95 6139
23 5801
29 8132
42 6088
70 2111
65 5296
99 6238
99 2696
89 3880
23 10000
25 7796
39 4817
41 2687
42 5860
49 3369
26 1649
14 2869
37 4760
95 1928
33 7094
16 4452
18 2267
67 6491
30 8129
54 2709
30 9346
39 7620
63 6785
68 4787
64 1665
57 5540
32 2704
22 9299
84 6383
99 2457
82 3802
90 9127
97 9047
52 9806
93 1379
40 9321
33 2425
55 9660
88 4501
68 7949
19 1694
36 2709
76 7619
100 4986
17 9627
44 7424
14 4895
59 5354
70 1284
82 7626
22 7550
46 2300
67 4149
77 4554
16 3285
77 5425
10 5891
85 4331
79 6524
92 6848
70 2645
90 1953
17 4376
26 2471
87 6579
41 6584
28 7349
39 2980
84 9506
21 3705
61 1405
85 2740
86 2471
19 6795
40 1483
74 9713
56 3905
82 4707
42 2174
32 4677
16 3592
12 3156
96 5641
82 8242
75 4274
15 2081
70 3960
39 5432
50 7725
31 9464
23 8179
37 5332
41 3027
68 7618
67 2052
61 7945
65 7735
53 5345
77 6165
53 1936
20 9205
100 4545
75 1614
32 9010
98 3810
89 7532
12 2753
70 7294
54 4332
55 1460
60 5830
39 5630
93 2283
71 6102
84 8792
89 7223
68 3612
52 9844
30 2232
38 6975
55 3968
99 3158
52 8974
85 8921
53 3859
17 8882
61 8039
13 8412
23 7896
49 5660
10 3132
91 6597
80 4350
46 1220
18 2067
16 9425
39 4864
50 1498
25 5741
100 2038
93 7398
39 5694
16 7159
93 4481
38 2648
56 3229
68 3104
10 5614
54 6376
76 8778
60 2158
85 2525
57 6106
76 2959
25 7713
52 3716
32 1135
72 3945
27 4094
39 9518
67 4100
68 9154
80 1693
42 3273
25 7831
12 2980
49 4679
15 1929
18 4965
78 4246
61 3774
48 6163
63 7074
25 3511
88 7475
56 4170
45 8087
69 7666
95 2722
93 6338
28 9342
90 6561
26 7028
64 3820
65 7540
57 9349
43 4286
80 2305
33 2437
11 5376
73 5474
88 1054
69 7228
34 9549
46 6127
62 5930
25 4482
14 7002
88 5962
48 6838
59 5336
90 6559
76 9070
85 7528
92 7629
15 8225
100 9449
14 2566
56 5466
45 5446
98 1147
33 1079
88 3692
51 8494
77 7149
45 9900
41 4268
85 5828
65 8591
81 2663
48 9369
58 7969
41 3820
10 8012
98 3350
11 9149
71 9048
54 8852
51 8539
76 9015
97 7622
79 1195
33 6623
99 7744
19 9885
43 1493
35 1506
18 9918
61 1431
47 3434
28 9083
25 8934
49 8064
46 8313
29 7052
45 9680
19 7795
14 7934
16 6844
83 6344
52 2684
29 8286
19 4707
80 4690
98 9633
72 5186
47 6351
49 6329
53 6278
36 7864
26 5736
45 9979
31 1823
49 9918
19 8560
25 5503
79 3668
79 8579
99 4962
34 5556
59 7079
12 3611
98 5904
100 2337
10 9173
79 3259
26 8175
64 6758
98 2584
32 9650
72 5793
49 2875
41 8282
92 6043
49 5455
88 6957
85 2461
62 9736
86 9707
54 6769
55 5875
62 3058
49 5924
66 4120
87 3696
99 3349
33 7562
59 4053
45 9739
10 8802
39 9310
10 4915
66 2769
97 2659
83 2724
85 3985
80 4381
69 9753
100 6668
16 7964
19 2538
15 8897
53 4767
32 2696
86 3883
65 9856
26 6766
28 1577
59 2794
27 7911
95 4335
82 2906
26 4236
15 3674
79 6843
48 7387
96 5621
71 9014
50 8172
60 3824
66 8009
95 9032
35 4083
61 4584
53 6673
96 8949
76 6763
77 6991
50 8144
53 2893
25 3670
22 2954
19 5437
69 7974
25 5765
51 1823
35 2218
56 6526
47 5152
15 6761
84 1415
82 7878
91 8892
36 2241
64 3470
70 5008
71 6699
45 2518
30 6024
40 1871
67 8083
57 2499
29 7006
54 6589
71 2528
13 3497
57 1169
91 9248
13 8111
45 2395
37 1893
36 3817
88 2291
20 5140
48 8292
28 8030
80 3469
82 7121
84 9271
41 5193
91 5709
66 6059
74 9175
83 8105
55 3244
94 1704
75 2439
18 6553
57 7098
10 9279
91 9380
81 3704
92 5521
87 9671
83 8613
76 2231
39 7540
72 6370
95 7000
55 2213
39 2075
46 6778
79 3678
72 4446
55 7451
93 5731
51 5353
77 2900
92 6093
58 6087
33 9373
86 3057
93 9012
44 2456
80 5318
90 1747
10 8372
26 8446
14 5072
48 2780
65 7608
60 5156
61 3565
86 7562
11 8638
92 6137
41 3182
85 1437
67 9171
25 3048
43 8199
16 8576
53 5192
42 6774
71 6526
19 8453
88 7126
52 8542
80 9143
22 2487
11 2029
15 7974
61 6493
15 8815
97 9874
53 6001
95 7681
55 7850
100 2594
44 5108
59 5548
88 8932
52 7726
72 2988
46 1498
21 2317
87 4660
44 8325
100 1153
43 4513
64 3965
74 8927
43 4349
13 4729
54 1427
18 3123
87 9832
89 2538
83 9559
19 1768
39 7233
88 8153
33 3541
33 7889
29 6208
33 6443
23 6676
83 5555
86 1730
29 1905
17 2119
23 5065
75 2231
37 4904
76 9609
38 6732
19 3715
14 5724
20 5524
23 6721
59 4028
20 2361
49 1356
76 6659
36 3086
79 3962
35 8344
93 5849
77 6030
23 2527
65 8969
100 1603
64 7628
49 4248
19 7221
74 3920
42 9349
58 8211
22 2563
53 2128
77 9184
89 7947
60 5110
69 5595
43 9403
16 7145
60 9687
23 8451
34 4603
56 1986
43 6829
98 4289
25 5732
97 6051
43 4248
26 3771
98 7179
78 8687
19 1328
31 8669
75 1985
25 5949
46 5509
39 5154
95 2254
48 2343
58 3622
91 7781
82 9577
19 2002
69 5986
14 6060
53 5972
31 1520
42 3036
73 7119
18 2525
15 6568
99 5308
63 5661
91 9877
31 6678
55 5056
55 8950
48 3520
96 9658
21 1614
46 2090
100 3850
23 3937
76 7585
15 9528
78 1183
96 2026
98 3681
25 2552
38 8915
31 9662
21 9248
56 3318
29 6455
95 7641
55 6382
12 5483
46 3499
12 1728
88 9496
95 5950
60 2534
20 6029
16 1040
24 8330
85 6201
66 2519
60 6945
45 4918
70 5259
39 3406
16 1962
29 8798
18 6903
14 2439
76 4626
59 1596
23 4583
73 8868
65 5285
12 3328
36 1973
53 3138
49 8089
71 7631
87 2777
28 6263
51 5055
63 1524
38 8808
65 6756
66 8747
80 3405
16 2942
97 4200
95 4380
12 6477
94 8907
13 7273
11 8264
29 9090
34 6360
20 4226
86 2714
51 4288
32 5003
69 2032
89 6276
32 1625
15 6169
11 5557
11 1988
52 1090
96 2910
54 6358
31 6680
60 1293
43 1765
71 5858
56 1151
25 8093
69 3939
53 8191
41 9968
96 1848
79 9696
50 6498
54 3498
86 7988
25 7921
23 2855
76 4054
16 3486
17 4085
25 3980
47 6793
26 3151
85 9282
49 3383
37 3622
60 9135
94 4185
50 4374
68 5471
87 3181
98 1152
57 7054
20 4984
54 1020
68 7227
89 5858
38 4536
86 7972
37 9123
50 3427
74 7799
55 2413
17 6323
59 2634
29 8435
38 7904
21 7563
57 4806
73 5467
39 2888
88 8703
38 5955
52 9970
74 7124
10 1311
45 9145
91 6743
66 6575
48 6113
28 2845
86 4698
21 8557
74 1440
84 1219
16 2582
69 1147
56 4603
100 9164
57 3627
18 5800
79 2627
41 9777
33 2897
93 1360
86 6174
98 4751
40 7344
59 9557
96 1413
45 7118
61 1941
54 2803
98 2414
17 1880
99 2852
26 3439
54 6324
87 4069
58 8285
35 8067
76 9728
26 7652
89 4312
23 4207
36 9668
52 3483
35 3125
50 7044
19 4587
28 1290
90 2961
76 6941
80 9539
10 7425
94 4707
56 9567
74 2057
63 9927
42 1775
54 9393
63 9181
36 9290
26 2073
62 8040
22 9274
57 1277
58 2461
71 4213
25 9762
27 5912
86 3254
22 5969
43 1385
60 3384
27 3553
82 2708
90 5801
19 1825
76 2659
35 3850
40 4498
45 9215
72 8467
33 7645
61 9118
96 9904
63 6783
86 1217
88 3391
29 6911
77 5855
39 1890
86 1886
69 6578
70 3737
86 4132
87 1148
70 6133
39 1305
26 1054
60 1106
41 6612
78 5726
85 4357
39 8839
58 8356
53 5065
60 6008
90 8495
30 4238
55 8362
17 2424
40 7411
23 5751
22 2115
48 4443
16 8140
74 1733
61 2857
28 7912
69 1985
69 3393
71 6349
61 5839
59 3481
39 8591
25 7451
93 9326
91 1660
26 3930
62 1530
80 9486
25 6440
92 7984
22 3938
76 7406
14 2913
50 6681
96 4959
13 9863
18 7546
97 9212
14 6496
14 2116
100 4150
29 5951
79 5552
31 2501
24 2705
84 6417
69 5070
98 4308
61 5150
41 6797
70 9971
65 7581
22 8765
67 5538
80 5890
93 7036
21 8670
86 6516
43 5824
23 4494
35 6508
82 4551
89 3570
65 9180
79 1871
23 9590
51 1931
32 6207
58 2595
91 2412
65 2065
34 6689
23 3981
73 8886
19 8395
22 6304
28 4757
93 2828
93 9484
73 4002
75 2925
88 8532
83 8869
61 7914
84 3157
43 5479
34 9486
88 7467
78 7480
36 4393
26 7559
98 5018
47 7392
33 9362
87 1068
61 3630
18 5930
72 5096
97 1271
70 5472
30 4974
10 6919
32 7672
91 9314
34 4784
71 7588
74 2609
17 1477
49 2186
58 5198
87 3720
79 3488
86 6111
13 3233
94 3387
65 6379
33 3569
48 3550
90 5315
15 8863
26 1539
42 6563
51 2514
95 2077
82 9482
89 9673
13 9932
97 8674
66 2149
24 4280
69 5312
100 7397
47 6110
41 1944
81 7620
25 4294
33 7732
16 2800
11 6016
40 7947
72 5448
26 2541
69 8924
88 5198
88 8740
76 4291
14 4760
60 3413
26 5753
55 6683
25 8807
28 8809
89 5364
71 1113
14 5109
94 2324
22 3114
20 8104
19 6426
35 2558
20 2002
55 6017
27 5189
27 9913
56 8128
89 4943
28 8411
75 2503
52 9672
51 1695
55 5746
61 9251
49 8250
84 7544
27 3204
88 6028
63 3383
43 7834
59 8825
43 3811
40 6234
92 2523
41 6835
42 3018
43 8046
96 7455
63 9813
64 3712
88 6764
33 4397
72 6686
69 7189
43 5821
67 8762
36 4269
83 2312
40 9342
56 3822
28 2525
48 9525
91 1715
33 2385
55 7698
48 8331
40 5083
37 9922
100 4430
45 7220
94 8855
81 2677
31 4503
89 6400
49 4337
83 6671
47 9674
37 2619
85 2791
73 7489
50 5405
88 8806
92 2259
61 9427
87 8781
20 2224
67 3882
14 7710
24 6983
27 1007
65 2113
21 5292
89 2987
21 2684
63 5472
89 6875
50 3310
58 7751
37 7662
33 9181
28 2571
41 8142
63 2806
33 5569
52 7431
84 4877
47 7030
59 1191
80 8695
36 2182
50 5944
16 8006
98 4522
74 2455
39 1870
63 1560
22 7609
33 4542
35 5424
50 2413
58 9454
55 1577
47 7775
55 8254
22 4730
30 6990
23 1666
82 4248
20 5753
54 7612
93 3512
51 3062
100 1361
39 5265
73 1855
75 4580
90 9779
10 7056
80 2530
28 8891
27 6272
10 8416
66 8659
72 3845
33 2041
19 5280
27 3324
37 4840
94 5556
89 8897
84 5154
98 8099
29 2914
42 2719
86 7288
16 3902
84 1227
56 1458
81 9415
46 4000
28 5798
62 5683
77 5699
15 2280
10 9570
50 5919
43 5186
39 1654
47 4722
83 8109
89 2792
98 9986
84 4272
83 1770
33 2449
63 3219
31 2448
11 4847
44 1535
100 4703
73 5965
55 5598
15 5672
89 2104
60 1243
91 4325
69 5090
90 4228
15 7963
92 1873
94 3099
33 1447
63 4724
81 5296
76 2280
66 4209
55 8660
48 2107
92 1074
98 1840
85 4631
63 9764
94 5388
71 2152
49 2685
48 1677
50 3995
44 6789
22 5065
36 2194
59 5134
59 5847
70 8694
34 8342
64 5642
71 8734
87 6969
85 4465
23 6431
47 6511
98 7925
51 9530
45 3121
81 6232
88 8494
31 6786
98 7237
64 3481
99 6159
77 5818
78 9234
60 3554
68 1555
84 4998
52 9262
18 7095
82 8524
59 2183
100 2431
61 4898
41 8237
72 8250
25 5126
17 2888
60 5770
34 4217
22 6149
68 1727
76 9049
34 2688
60 4071
44 1620
87 3684
85 1997
41 3157
92 1460
74 4380
86 4097
55 6410
64 2272
49 1246
92 8458
33 7722
64 5121
27 3912
76 5293
35 2143
62 5907
31 7610
58 5217
38 9535
61 9610
98 5081
99 8962
35 5923
23 8435
85 8173
35 3603
28 1815
45 5469
40 7930
44 3277
49 7619
68 6945
17 6411
55 1470
56 5998
94 8818
25 9013
39 1940
55 9356
46 1715
56 4111
89 1610
35 2820
77 1954
25 2347
52 3414
75 5031
21 3154
21 1860
88 2218
93 5936
36 3477
60 2680
78 3429
60 9943
51 5883
45 8971
60 6882
99 8514
27 9511
79 7085
57 7556
40 2916
23 4740
27 6386
79 5601
77 2167
66 9814
26 9424
40 5869
41 6070
42 5147
44 3999
54 7463
84 8867
16 4813
35 7233
34 3248
26 1572
16 2073
67 8071
96 4941
73 9648
33 5717
16 3314
40 2486
18 3841
27 9043
74 2240
90 5912
43 9742
89 6334
10 5121
20 4199
65 8383
35 6081
42 3268
11 2777
79 5749
79 9467
79 6512
72 6683
62 7242
17 7082
100 2959
42 1652
98 8972
98 5870
50 7160
51 9843
34 1016
60 8429
28 1093
29 6968
23 6826
14 7177
68 7265
30 6446
79 6749
39 4703
60 2918
62 3084
46 3345
45 1423
15 6195
85 1581
74 7543
60 7308
86 4771
71 3109
16 6842
67 9833
45 6423
88 1025
67 8624
34 9088
60 3625
90 2908
36 3713
70 4592
100 6656
59 3755
17 2146
37 8746
85 1419
84 7510
92 6552
79 7971
85 1531
25 9754
48 6366
69 5207
39 9404
42 8747
97 7338
15 3498
74 9170
44 1161
34 1171
24 2850
67 4862
45 2372
18 5847
19 4332
51 8075
13 2068
46 7860
35 1375
21 5280
99 8443
38 9036
75 9872
96 2486
85 4283
71 2237
66 2681
37 2929
51 8273
53 3880
39 5465
75 3151
70 7831
23 9279
29 1234
63 7300
97 5010
40 9936
54 8313
92 5960
40 7761
73 2392
88 4084
88 5827
58 4295
36 5224
83 2935
75 1553
36 8652
56 7016
76 5681
62 1761
25 4638
88 1501
45 7124
37 5262
28 4726
32 6954
28 6853
35 1035
72 3889
52 2897
85 8990
35 6499
75 1424
75 7674
59 4093
51 4525
57 6721
35 4268
87 5185
26 8457
27 5635
22 1131
48 9920
18 8182
74 7672
88 3327
29 6948
24 6731
34 2020
24 2505
18 3259
68 9585
23 5669
72 6204
66 8027
69 3356
83 5340
28 2139
66 1323
20 2260
31 8566
90 6895
68 7065
78 4767
86 8872
83 5017
53 2675
98 5319
44 3630
21 1187
86 7898
67 6505
19 4438
60 9152
63 9989
12 8834
59 6404
85 5614
75 9559
49 4120
92 8520
35 8536
10 6921
84 7626
26 2094
66 9756
53 5852
86 6555
37 1094
92 2112
42 1308
35 3759
16 2036
25 4784
87 3120
51 4723
25 9218
97 7639
24 4206
12 6856
94 8036
94 5836
33 3103
79 6286
96 7671
75 5072
88 1412
35 2438
43 8512
23 7983
32 8659
67 9303
91 5848
61 6263
47 4592
75 7522
29 1827
80 4742
95 9775
60 8992
100 9691
47 1803
48 6967
68 5208
23 9413
34 3757
93 6133
53 7561
77 5109
67 2728
23 1398
26 9738
51 7627
85 5922
29 5999
74 1922
92 2132
20 2619
59 4651
30 1813
70 3159
40 8462
38 3539
56 6419
65 5390
41 6591
40 4084
77 4166
70 2378
40 2012
78 5593
21 1935
44 4358
23 7876
31 3945
72 3285
19 1610
44 2809
25 4990
34 2184
55 5241
82 1029
61 1257
66 7597
32 7936
73 9813
25 3100
79 1683
67 2634
59 7890
30 6533
28 1570
56 3761
59 6530
26 9936
90 2324
39 7323
47 7985
12 9163
81 6510
83 1796
10 4307
65 8116
95 3197
75 5674
32 4480
27 5291
35 2226
26 1159
81 4616
75 6576
28 8062
50 5386
65 8931
59 3798
10 5441
78 1888
57 9776
18 3896
79 9169
48 1215
92 5354
75 8391
42 9061
65 2665
34 9278
85 7665
36 9854
83 4556
60 2090
90 3816
22 8725
99 8164
33 4209
10 1713
88 8948
70 6100
91 9307
32 1221
40 3036
33 6509
54 7816
70 4383
59 5840
87 7754
93 4035
31 7220
78 4579
18 9904
14 7633
85 1193
64 9121
21 5559
76 1203
54 2216
97 7801
58 3952
64 3636
77 2549
84 5747
14 9901
22 4929
21 8336
19 9902
53 6611
93 6295
46 5370
85 2298
42 8716
77 2951
94 1278
70 5175
60 1008
14 8494
95 3203
44 4969
14 5116
34 6763
89 2309
58 5004
58 4426
48 8339
74 5714
68 4387
27 5531
76 2384
73 8834
13 6478
93 6276
71 2725
95 9343
28 3859
90 5317
35 1167
20 8095
82 7299
51 9747
47 7635
49 9617
20 5581
12 8141
72 5639
53 5989
51 9077
62 1844
18 3435
73 3184
67 4880
50 4777
97 7369
12 4596
92 3923
38 4796
71 9992
50 2578
45 4696
14 4321
23 4902
44 5751
75 5717
57 5263
49 7407
87 1725
54 6608
53 5990
77 9544
36 3798
79 6329
22 9522
40 3159
61 9761
12 8843
72 2125
20 2571
83 4874
77 6003
45 6162
90 7376
10 9054
57 6003
12 4495
45 9433
55 8346
63 4283
21 5909
83 6525
17 4392
59 9462
100 5649
35 6201
67 7092
64 1384
81 2954
21 2114
71 8279
99 9573
41 4139
16 6561
71 5525
53 7997
28 1927
41 3391
51 8250
100 3409
16 2377
14 3702
99 3509
76 1855
62 8421
98 4460
48 2379
82 4095
93 9408
82 2206
85 6082
86 9013
61 1088
36 6407
99 9172
26 7527
72 6746
86 4350
99 4073
45 8617
27 1347
68 7352
89 7942
54 5971
52 8681
19 3122
56 4571
77 9935
49 9027
69 4104
16 8486
23 5296
80 1282
37 7615
95 7724
62 3245
62 8514
15 9208
15 4176
78 8162
15 9412
69 6764
73 6798
84 4398
23 7556
25 6531
88 4231
35 8534
68 4958
78 9818
84 2804
72 6054
97 4355
45 9836
56 3297
69 9884
85 6625
46 5254
73 4995
42 5886
38 9791
59 9776
67 3677
91 9532
51 6763
81 6846
52 7116
24 3370
15 1009
15 6868
49 8952
75 3876
11 9068
56 6800
100 3522
12 6529
15 3561
86 1227
92 7458
26 8825
84 4512
100 4351
58 5171
99 1058
92 4129
100 7976
12 9719
78 5504
53 3705
70 7836
80 9491
84 1305
56 7072
47 4282
40 6180
64 9582
18 6165
62 1507
33 7040
63 6563
17 7545
23 7380
85 6126
51 7845
82 7970
62 5132
75 5674
32 8404
76 4613
57 6481
97 4658
100 3444
83 1565
31 1151
100 6842
11 4260
72 3858
78 5642
49 2487
48 9853
62 8670
87 9977
60 3933
63 2925
51 9402
37 6202
99 4386
99 4206
24 6880
12 3226
81 7326
15 8470
54 1843
54 1211
15 4605
25 6855
91 7018
50 2071
39 1041
16 4905
18 1617
53 4491
46 2827
21 1448
47 3660
10 4267
44 4553
81 2703
19 9629
53 6312
77 4321
34 2408
50 4425
72 2327
59 2901
71 8358
75 6378
53 3198
16 2274
73 1017
25 6021
98 7775
43 8638
78 9966
71 2316
97 4352
10 8608
91 8233
36 6900
73 8813
50 2868
35 7841
85 8542
12 4299
14 7554
79 1734
46 7924
10 2432
62 5969
11 8172
48 2476
91 7192
74 1598
72 4313
77 5158
66 3494
44 9366
89 9113
57 5581
39 1699
63 5694
75 2641
34 6106
66 3905
92 4816
29 9522
52 9362
24 6183
48 5866
64 7378
69 7614
88 1133
56 6650
93 7750
35 6957
95 4220
23 1305
57 6974
37 2828
53 6264
57 6552
35 4740
58 9536
38 3052
62 7410
26 6110
18 8649
20 6629
85 7198
82 2778
10 1550
90 7913
39 5558
100 9072
63 4077
22 4091
60 1873
89 6105
47 4987
81 3280
84 2649
28 5736
95 5065
13 7801
18 7297
59 1401
76 9784
99 6261
17 4769
21 3703
11 2715
17 9880
20 4408
88 6966
51 4862
10 4608
87 8283
72 6047
99 1256
88 4266
91 7810
35 1370
14 5462
26 5937
20 7044
92 6884
44 8681
46 9621
55 8084
15 4798
32 2811
26 5161
95 3892
96 8867
12 6562
12 9558
12 8106
37 5817
16 4827
50 5817
63 6937
28 9020
84 4318
59 9592
29 5578
94 6289
36 5095
63 3990
77 7781
21 2542
96 1378
91 2069
39 4781
83 7490
95 4624
16 6762
81 6362
92 6675
98 8231
36 5211
27 7453
68 3574
23 5288
12 3502
85 6123
68 4177
25 6068
20 1122
88 6781
66 9809
77 3408
49 6909
37 6709
26 9976
22 3660
62 9998
75 1231
76 9496
42 6205
94 9155
21 4430
99 2894
10 1114
61 2150
96 4293
35 3822
83 6243
12 5038
98 2464
11 3067
72 2617
99 9523
57 8902
68 8416
32 7737
14 6724
100 2787
56 6158
41 8021
39 1241
15 6069
15 5966
27 5225
22 4098
77 3854
14 2145
48 4489
64 3738
92 7358
88 3866
75 4894
66 1737
24 9967
33 6790
90 9520
99 2152
87 5473
76 8975
95 8017
58 9128
82 6504
73 3884
42 3057
34 7721
16 3538
91 6682
27 1573
38 6233
93 3192
45 8054
55 4169
92 6550
73 7971
89 8065
27 8043
87 1611
94 8729
15 3383
13 2918
47 4094
55 8631
19 2114
10 2776
15 2850
10 8087
50 7579
26 8263
49 1588
95 6291
53 1470
88 9537
89 1938
37 2316
14 5457
29 8271
49 9327
69 6970
41 6404
34 5088
51 2910
97 7556
70 3696
91 4149
91 6010
80 7551
48 3064
39 5430
47 9890
37 6957
53 5383
64 8868
55 8075
30 9540
79 5592
64 9619
11 7014
56 9110
19 3727
26 1953
46 7773
91 1447
43 4702
96 1439
29 5866
42 6293
98 9384
54 1291
49 7732
58 9202
91 6869
88 2733
57 5162
16 7224
96 8933
61 6059
34 8138
53 3410
13 9358
49 5975
67 9418
99 3837
78 7223
98 9276
46 9839
81 4055
100 9648
100 9050
41 3467
69 8155
13 7054
96 3009
65 2119
51 3917
29 8581
16 2975
72 5295
64 7187
80 2508
30 7634
80 5752
10 5002
88 8632
89 6467
28 7055
99 1883
13 4683
99 1230
18 5093
90 6240
56 6733
87 6724
88 1498
33 7033
67 4656
25 9760
79 9602
63 4887
20 5881
79 4776
85 4699
22 1803
69 2059
13 9752
32 8964
78 9002
82 6529
36 3616
66 7705
70 6215
23 4114
44 7038
39 3090
48 1076
15 5043
52 2982
95 9279
22 6443
71 3587
43 1998
23 2185
22 6688
59 3916
16 2846
90 8708
33 7642
45 4231
91 9457
14 8373
56 4141
57 6631
87 2363
31 8503
27 5117
41 8384
57 7702
44 2688
53 7172
90 4322
21 2194
91 1451
80 9159
34 1196
13 5495
19 2197
65 3621
84 8658
34 9035
76 8609
97 1411
57 9161
56 7619
33 2642
37 8182
51 3181
25 3238
39 7203
59 1427
12 6680
31 1865
53 8841
75 7469
79 7250
86 5209
98 5658
85 7034
29 7249
100 1866
90 5659
86 8217
29 7271
77 4543
78 6499
58 6410
30 7009
84 8184
64 2591
76 6930
65 3228
22 6111
39 4782
91 8177
67 7454
57 7451
23 5137
75 3552
60 2876
65 6767
85 6974
19 6039
64 6463
85 9246
57 7227
21 1670
92 2728
18 4593
39 9513
73 2368
33 5324
31 7158
92 5783
44 8271
60 9421
66 5298
55 2916
85 9038
60 5185
72 1877
53 9594
60 8487
99 9749
41 3915
35 4255
54 5297
39 3957
31 3531
90 1640
57 8654
16 3725
34 2898
51 2957
82 5232
11 3140
32 8728
69 6328
23 5073
79 6116
54 6752
57 7929
53 5429
61 5941
90 4624
84 5146
59 3944
37 3847
56 6926
11 8452
93 5378
87 5766
79 2157
49 6365
42 4395
47 1055
66 8863
81 7528
66 2360
42 4004
75 9594
92 1885
69 1169
90 7293
59 7069
66 6781
15 2629
63 6237
41 2839
90 3865
90 5147
51 6695
47 1254
19 1835
62 8413
62 5867
67 2884
84 3116
69 4040
19 5191
74 2639
86 2815
16 6012
30 4654
60 3415
60 8398
92 2321
73 7936
44 8167
100 9281
15 1525
82 4900
63 9127
90 3387
57 9250
77 7112
13 6253
100 1958
91 5082
56 1547
43 4068
90 3645
72 7539
90 7803
93 9084
51 3562
29 5954
53 1754
26 3625
32 1724
44 5877
41 7890
67 8111
53 8548
92 5252
56 9986
29 3567
23 4992
18 2905
81 6933
15 1035
14 7961
97 9244
94 5269
68 1551
39 9243
56 7115
77 4529
45 5474
55 8029
18 9517
100 3398
78 8578
26 4598
72 9622
22 4826
63 4178
44 7947
83 2384
44 4861
85 9046
93 4232
43 5191
24 6523
27 3263
55 1638
52 5257
19 8934
18 8828
42 6914
39 5276
92 9353
81 3104
66 1321
46 4219
16 2879
80 5157
81 3056
16 5183
96 1778
11 9219
87 2393
18 1902
10 7315
96 6824
100 4210
81 4097
85 6788
52 8333
70 5170
53 3792
45 9183
58 5765
13 7247
70 4392
96 9742
27 7033
26 3746
73 3781
74 5810
75 5210
87 5071
42 4480
87 3492
71 5539
50 3954
54 8705
82 6301
68 1245
29 4298
54 7085
54 4586
49 3113
13 8384
30 8195
89 5236
15 2241
45 9496
48 7909
89 6437
48 2053
85 2116
86 7606
65 2546
41 1136
15 4636
19 6293
26 6886
61 5269
11 8749
21 8258
42 5260
25 5499
39 5275
22 3138
13 6215
52 3840
74 6709
62 4754
17 8868
70 9222
96 8474
37 3866
68 4448
69 6086
53 8886
25 5827
100 1406
53 9419
77 5954
52 2320
41 5172
53 6229
11 1016
40 7261
14 7556
76 4836
26 2012
60 9406
83 2999
20 5410
61 5383
60 5401
93 2292
61 5700
87 3633
94 7202
90 6371
12 9593
10 9062
49 4945
54 4410
98 3854
65 5989
48 2881
45 7530
25 4206
86 3928
27 9791
88 4036
55 8197
82 3628
49 3531
37 4610
53 6138
44 6689
35 7191
84 6529
97 4089
94 1072
23 7595
45 1720
52 1215
50 9003
97 9370
95 4251
77 3303
98 4720
97 4889
49 3709
78 8227
66 7699
65 2443
19 6906
81 6937
81 4120
16 5755
99 6366
86 1709
69 8888
32 6347
98 8209
72 2258
20 7250
32 5293
36 9582
59 7065
95 2284
24 5754
57 8095
72 2214
40 8639
38 8916
53 6271
31 8423
11 5726
78 6118
27 9870
73 5883
18 3343
30 1372
14 7220
13 8847
48 5708
54 6978
81 3069
65 8945
40 4198
80 8982
100 3547
77 3129
88 1157
83 8020
44 1048
28 3077
99 7828
41 9823
34 7189
27 6622
75 3637
94 4306
90 8027
24 9531
84 7213
84 6809
68 6150
88 1733
16 1785
18 1489
40 9662
93 9173
56 8124
56 2431
14 2642
75 1087
80 6237
31 1047
87 7071
41 7386
18 4547
12 6403
57 7042
24 4041
33 4738
20 7767
75 3842
68 5043
10 6234
84 4870
99 2655
32 9292
81 8452
92 9766
88 6430
47 6608
44 8630
47 3440
94 4674
15 2317
43 8704
10 4267
63 3936
17 5134
78 2970
90 1089
69 2097
56 3540
55 6629
24 5765
60 4911
42 8518
62 7715
15 8035
61 2077
96 4223
56 9167
93 8337
72 8982
59 3889
25 2708
74 8964
60 4265
49 8719
22 8414
96 8935
19 1912
23 1033
25 2444
86 6986
53 9977
79 1922
72 9741
35 3323
94 1295
82 9913
23 6841
92 3184
56 7969
10 4920
91 2659
38 7009
90 7852
54 5096
82 8521
95 8965
35 9063
57 8105
23 6596
19 3954
81 2586
92 6808
27 3323
88 4339
38 2588
96 2753
12 2875
19 7092
10 3279
98 6800
76 1356
73 6556
83 6992
44 8984
43 7265
20 9653
71 9988
22 2014
57 7620
29 3062
76 9729
33 1371
40 4145
60 8379
66 7681
93 8123
10 6689
23 1101
28 8572
37 7889
94 8615
60 4169
67 9532
59 5555
86 8816
14 1608
12 2937
93 9724
38 6019
41 3149
81 7064
11 3771
86 5612
53 2209
28 9180
13 2042
68 2137
57 7482
65 3179
83 2962
67 4729
49 5495
76 8240
32 7247
37 2854
62 6244
42 5677
47 9979
12 9945
60 6619
18 4103
74 4798
95 9954
38 8927
19 3823
58 2711
25 9917
52 7163
84 4595
20 5099
50 5106
37 1003
69 7650
53 3690
84 7951
57 2720
48 8144
37 9471
27 2476
22 9168
66 1560
60 6904
75 6749
100 1665
58 4704
49 2725
46 6223
99 2037
19 5879
82 3043
17 4884
82 2616
68 6701
89 7854
61 7296
68 8254
14 6412
88 2242
77 1783
97 9206
15 3932
61 5379
23 9602
52 4000
83 5437
18 5719
70 2595
34 7310
32 6458
75 2220
30 8202
33 4194
64 7825
39 4990
29 2012
79 5322
38 4547
18 1727
71 8710
22 6253
33 3709
19 5231
14 5292
64 7958
30 6047
54 3017
18 6446
38 6493
81 5570
84 5465
48 3593
73 2994
27 8638
95 2486
96 5078
53 2539
17 3207
36 2348
60 8847
67 8719
59 1713
80 4680
91 2498
57 3054
89 4280
81 4205
41 6846
72 8769
63 2021
12 6514
13 4208
87 9766
91 7885
33 8261
19 7109
43 3435
32 8687
46 1606
85 6742
95 8169
81 4709
77 8115
12 9810
24 3781
38 4338
60 8044
100 3421
26 6402
87 1482
96 8482
62 9538
29 5181
75 8546
42 2130
45 9369
96 4416
55 5741
65 3520
47 2190
47 6698
19 2573
67 9961
62 3481
36 1012
24 2975
20 2764
18 1257
52 6158
12 1716
76 6837
93 5881
73 8231
19 6328
95 8041
58 5623
42 3990
19 7888
25 1542
24 8676
47 9366
34 6138
22 9909
24 7689
39 1772
67 7612
76 5762
91 2216
44 2956
16 6587
54 7717
21 2205
68 1799
10 1461
39 9684
55 9137
34 2034
32 6809
42 2291
79 9485
38 7526
29 3011
12 2070
93 2300
22 9984
74 1674
45 2933
67 7702
87 4529
60 9753
10 3883
55 5053
78 2900
17 8781
57 8412
98 9129
26 3373
12 2137
15 6021
61 3537
30 3754
66 9456
10 8404
94 4868
20 7013
30 7176
56 4218
32 5556
42 5437
56 1856
86 2302
21 9797
31 9676
80 8583
100 5903
83 6208
80 6457
44 7303
54 3305
83 6612
23 7297
71 9784
20 1754
96 5677
59 6937
22 4310
32 6695
99 8165
10 4118
63 7088
52 4462
54 9706
75 3805
13 2230
37 9956
25 7490
66 5416
29 6582
57 9252
48 2388
47 5945
97 2209
40 1124
96 7756
21 7043
54 4195
54 6123
97 3131
93 6790
24 5115
53 2986
32 5880
17 2537
30 8350
49 1911
87 7407
52 1835
14 1271
11 7179
54 2392
47 1503
39 2062
28 1723
52 4173
75 4145
62 2913
82 3071
41 7410
94 1562
29 2732
78 5080
30 2521
13 2585
100 4819
55 8268
87 9384
28 6533
58 5829
49 3066
86 1137
51 1754
60 2442
26 6075
38 5587
74 8010
51 8524
60 2612
59 3002
81 4330
34 8018
62 8536
50 8653
33 9030
67 6524
49 5776
14 7278
22 4755
29 5264
50 8314
53 1099
95 2834
67 7550
22 9054
80 5902
24 7757
63 4094
56 1206
57 4161
67 6219
99 9865
89 3041
39 6913
57 7832
30 9181
37 6648
60 7982
17 4283
11 5855
44 1231
28 4393
28 3678
46 9972
84 1159
44 2234
83 8069
40 7007
92 2138
15 4342
40 9492
16 9503
11 8148
75 4697
96 2336
48 5183
58 6075
66 1516
89 9872
38 8973
76 3277
50 2370
89 5988
66 4578
15 7856
66 1550
93 9774
17 7804
44 1866
95 3985
83 7624
16 5837
61 1645
81 9604
78 5681
16 2201
81 9704
11 6589
58 3705
12 3283
89 3741
32 2591
17 4331
14 7257
82 5525
53 1277
72 7571
48 5744
66 6655
24 3128
20 7287
73 5862
14 6211
17 8355
61 4501
83 6520
38 6292
63 4068
69 7948
85 3068
41 6630
41 3544
97 2285
70 8907
73 5336
54 1263
71 2965
78 4077
24 1245
71 5103
79 9595
90 6355
89 1575
49 6513
61 4029
88 7312
82 7750
58 2126
28 4087
78 9445
73 9962
28 3483
48 1311
59 9420
85 7039
32 5337
43 7643
73 7105
46 9354
31 1865
30 5182
52 8493
38 3988
46 1353
38 8224
35 2171
28 7401
76 4271
44 2080
17 9415
97 1434
79 8036
22 7614
16 7203
87 1120
17 9567
43 5425
57 8029
30 9860
55 9524
50 3589
16 7077
64 9731
88 1988
19 9517
86 7063
60 2427
27 2751
41 2308
35 3305
63 5405
63 2670
45 9861
92 5117
70 6195
35 1044
79 2645
23 6479
51 7073
80 9590
41 9780
80 2089
48 4646
92 5385
50 6544
79 7078
78 9648
73 4482
58 9267
38 5907
34 7384
32 3866
22 7566
70 3334
21 1737
70 4384
66 8812
26 1321
77 8450
45 4299
48 9439
86 4815
14 3578
13 5853
69 7380
12 3616
14 5024
69 9744
72 7746
67 7691
27 8370
76 4710
16 6759
20 4913
54 1244
90 9253
46 3819
67 3129
33 9749
21 9377
80 2623
25 3324
28 9457
26 7755
29 7185
24 3371
79 2106
28 5303
59 6755
89 3105
16 6410
46 5298
12 6773
48 6182
70 9240
12 3820
17 7761
92 3494
44 2453
100 4400
41 3855
60 4743
58 8940
91 2290
98 6400
99 2716
73 2969
59 4155
100 2253
57 4639
89 1135
19 6603
23 4673
84 9895
11 8557
24 9074
61 7383
37 7726
100 5451
79 1576
83 7550
63 1070
10 5850
67 7051
25 7457
49 9243
39 9132
63 4621
35 1422
79 5522
59 1919
73 7623
61 1628
36 5905
38 1839
71 1894
41 5625
52 4452
88 6470
35 9753
33 5403
55 6729
100 5958
10 5875
17 6027
15 9653
39 7179
30 8453
23 2708
19 2486
95 2266
18 3661
95 8989
99 3156
65 1768
61 3119
18 5457
24 3970
40 6563
60 8566
79 5543
14 1431
61 5328
13 2424
37 8760
22 9227
44 8934
65 4903
84 5738
68 9761
99 5987
26 5090
38 7745
25 5290
95 2064
11 6154
61 3274
26 7365
38 4417
58 4772
85 7105
86 4434
69 4686
18 5784
77 3228
78 5363
77 7151
69 7557
100 4225
78 1510
27 6771
70 2093
59 1538
62 3529
98 4685
11 8184
71 3000
76 5338
40 3418
15 7748
85 4796
57 3240
66 8717
37 6845
89 8019
51 9827
89 6755
66 7440
83 6265
38 3563
30 8471
94 5819
66 4871
64 8422
58 6526
81 6643
41 3268
27 9735
10 2623
30 4149
73 7195
44 9957
88 2787
27 4193
63 8912
98 6522
86 9904
71 4058
93 9806
25 5604
70 8369
54 2190
12 4462
68 8086
12 9449
22 1976
80 8411
77 9165
44 7547
95 2531
43 8627
70 9351
67 6261
68 8548
73 9387
57 8368
81 7209
58 5074
44 6073
95 9445
35 1586
98 3796
67 2753
11 9912
27 9439
58 8657
75 6975
64 1314
59 3068
51 7077
10 4718
91 2673
38 9316
87 8963
87 1710
66 1176
30 5719
100 4530
53 8702
51 1222
44 7897
22 8951
99 2671
55 4491
60 3032
99 9163
91 5305
61 4765
100 4356
71 3438
54 1545
78 8050
42 8341
66 8259
50 3949
98 3415
59 4492
69 4835
36 7051
13 4038
79 4151
30 4346
27 5380
58 4267
35 5615
56 1651
74 4928
24 9245
66 8811
83 9191
56 6057
67 9942
71 3724
43 2617
18 3441
93 6898
80 2145
83 8357
46 7226
72 8900
57 3232
45 2549
65 1778
24 7952
71 6528
36 4863
36 6098
41 7470
17 4373
35 9077
10 2414
23 1318
73 4082
49 5125
35 2011
72 9753
28 2121
66 4651
71 9560
18 5325
57 4638
57 9806
77 7943
11 6571
93 1900
32 1739
87 8436
37 9462
20 8802
35 1018
45 2311
45 7140
84 6486
28 6314
84 9754
83 8707
68 8709
16 6917
56 6902
80 1225
43 6363
35 7202
58 1854
95 6021
14 4362
72 7333
56 8830
40 4690
24 9611
80 7787
51 9360
87 7816
70 7963
95 1237
17 5693
93 7453
47 8969
54 3207
28 1719
88 1993
80 5714
72 9476
70 8908
32 6913
100 6496
57 7080
59 1591
62 6331
96 8224
33 5581
84 4591
24 9564
60 9973
24 3010
13 4626
62 7497
35 5881
46 6901
97 6753
30 9380
33 8638
92 1463
68 7839
66 7141
52 2995
34 6537
46 5485
84 7459
54 3450
91 9821
66 2359
87 9434
28 5270
84 4404
93 2625
33 2087
17 8801
48 2795
87 3005
97 8754
44 7407
51 3539
100 4420
10 8888
71 2491
22 4994
98 4440
81 3267
46 8232
44 9161
25 7635
71 3879
39 9856
65 2721
85 9035
47 9449
82 5478
65 6906
23 1244
81 2979
37 8815
92 4914
13 4934
62 7885
50 6796
37 8258
49 3058
55 3735
23 8814
89 4282
79 8485
16 4424
66 9044
64 7072
81 7854
52 2215
69 6559
13 6113
67 1260
24 8581
62 7856
64 9834
48 6021
34 8562
48 7259
100 9050
20 4317
67 4182
47 6611
29 4437
32 8525
23 4560
80 1853
50 5409
66 4993
78 2874
84 8720
20 8593
73 3649
70 9817
10 5752
73 1914
92 3433
45 3950
90 8447
20 7232
81 3283
78 3895
54 3856
99 5547
16 5847
90 3106
82 2728
66 7904
44 7955
13 9644
22 1591
48 7800
82 7332
94 5258
98 1720
68 9451
77 5810
66 8000
51 2434
21 9462
54 8561
67 1675
80 2227
52 2952
27 5315
20 2831
88 2442
37 3038
79 8669
12 7123
96 2525
100 4508
21 3097
91 7772
63 7636
65 2769
88 1798
98 9662
13 4927
59 4539
28 1279
100 8181
94 4157
67 2600
76 1568
42 5902
17 3847
62 9796
75 1370
77 5480
77 8034
99 9865
53 3735
29 4303
88 9113
37 1992
46 8034
76 4413
81 6316
29 8919
65 8566
69 2882
33 9867
10 1555
43 9621
95 6575
82 7609
17 3568
46 3133
89 4101
19 3829
63 5445
37 5186
11 6626
97 2014
40 4862
55 3889
92 9382
35 3739
80 4025
25 6292
94 4183
87 4808
72 2479
96 9428
35 3342
44 7500
51 6660
40 3443
33 3470
20 2441
14 1444
68 2745
48 3429
63 5329
31 7791
60 4124
52 7384
84 2704
79 9274
29 8204
59 4463
23 5530
25 5331
80 6679
20 7415
67 8668
21 5156
56 3309
23 2789
79 1519
58 1841
79 4797
75 2086
16 8356
73 9348
54 1537
13 6416
81 5085
44 5754
88 8583
28 9011
18 6823
52 2136
55 7830
40 9147
13 6747
65 8326
96 9074
54 2161
14 6751
73 1089
38 2157
91 9811
46 2389
66 7080
51 9845
34 8071
42 1803
91 8144
94 2984
43 5858
27 2545
24 3134
83 2192
57 4046
72 3571
57 8768
100 9155
63 5496
59 7706
96 8191
25 2423
10 4891
47 6825
70 7186
18 8825
71 7047
89 6094
78 2325
44 5822
36 3058
33 6979
24 6605
35 7887
87 2515
88 4183
23 2596
72 1803
93 4075
19 4251
37 6183
80 6233
73 5568
50 2265
50 6383
51 3930
39 7784
56 9617
29 1165
45 2856
95 1754
90 6853
81 3734
11 4898
70 2549
62 8206
82 2940
55 8848
67 8771
85 1283
70 6020
43 4672
79 8086
78 1749
10 5247
76 3012
81 9401
89 1472
58 5870
96 9749
81 5075
81 4964
12 7849
55 8480
98 7788
31 3636
21 5933
50 2772
87 7351
55 1617
67 7390
78 8083
27 9462
78 9328
50 4579
93 8861
42 4013
75 6740
31 1506
33 6165
62 3387
18 8447
21 8210
77 4008
36 4582
18 3399
56 4161
74 2092
69 5389
30 8477
41 1656
13 6110
80 6436
47 5143
52 3732
53 3927
44 1447
99 2256
51 6187
45 2689
72 4564
62 5309
13 7604
57 2960
85 3375
57 5846
48 2422
52 3530
28 1151
49 6034
25 6633
16 9666
78 9302
77 3524
71 6087
92 6708
90 6847
32 4264
49 9622
28 1767
97 4707
85 6086
75 1387
84 2342
12 9822
34 1125
86 7164
19 2061
34 8728
31 9472
48 2351
59 9967
57 3180
30 8144
51 1935
92 1366
92 7354
85 9715
79 3206
12 1187
67 7796
36 9364
17 7507
15 9043
85 1504
38 9783
42 4096
69 2783
65 2693
53 2201
49 7098
15 6012
50 3203
100 2570
55 4429
16 8589
26 4876
99 7822
70 6552
14 3552
79 2321
25 4718
89 2594
24 4652
40 9982
95 8439
75 2916
60 3720
45 9398
85 5599
95 4064
69 3444
68 8017
94 3297
10 5168
11 7721
16 3647
33 8584
13 5958
43 4425
30 5020
98 5964
51 1128
86 5453
26 8264
22 3065
11 6510
61 5409
35 8726
72 9158
52 9993
33 9009
12 5356
62 2845
53 2570
67 8808
62 8208
99 8885
57 5086
43 4087
99 6938
62 1365
59 8869
49 4809
82 3424
86 8354
58 4139
61 9947
21 5473
94 9915
65 3259
13 8952
14 6195
15 7818
67 9878
45 6819
21 5422
79 3221
86 2908
35 5393
100 1510
34 8823
100 6016
11 2025
41 2073
19 4828
43 2103
51 8280
94 3328
94 9510
21 3234
21 7622
59 3344
74 2173
60 3359
67 7371
61 1655
62 1250
81 7292
97 3382
61 8992
12 7026
21 8757
55 8676
18 9205
93 7520
75 4708
66 6644
19 1874
29 7126
89 8078
99 2237
11 3071
60 5583
35 2594
31 3034
69 3036
100 8403
67 9560
28 2927
65 2621
24 4881
71 6891
71 8563
95 6803
83 8054
25 2904
32 4962
53 3990
66 4018
96 4208
32 9377
33 4603
82 7170
79 8349
87 3975
24 9350
27 6459
42 8926
48 7150
81 9023
64 1297
45 1296
55 6135
21 1523
14 6313
78 8898
17 4182
97 3402
28 4003
91 1719
45 3344
21 1217
14 6610
69 5730
73 6920
75 3724
91 9964
85 2957
67 5720
70 8809
28 7695
87 7553
70 6090
17 1245
88 7454
83 4643
10 3227
29 9668
43 7727
33 2764
11 2921
37 4011
26 7395
87 3452
38 9853
24 7602
30 7652
78 8782
63 8193
84 1404
18 6644
37 3404
55 8969
41 5929
59 8789
58 7674
81 9717
32 1218
57 5768
94 2243
94 4794
74 2964
39 5411
46 8060
23 1366
20 4639
20 6458
60 4300
84 9260
22 7060
44 1063
27 1466
81 9441
17 8016
74 3626
46 3285
53 4070
78 3585
37 1906
69 6179
46 6447
62 5369
83 1874
22 6541
82 8462
30 7816
99 4309
49 9114
53 4977
15 5846
82 1863
73 2445
78 8197
64 8175
58 1466
31 5060
71 7140
46 3727
48 1591
78 2042
51 7464
75 7319
46 4550
35 6391
17 2388
83 2764
50 5026
71 9214
84 1046
94 5722
79 6703
37 7486
72 5085
18 6504
67 7456
47 2958
93 3680
47 8343
67 2408
17 6831
21 7701
99 8676
72 9000
20 6286
65 7870
24 2590
14 7302
24 8838
55 6876
56 9271
64 4007
37 1478
34 1488
23 9537
98 2996
32 6865
15 5066
62 5516
33 9571
98 7856
28 3885
36 4247
24 2890
25 4393
87 3810
19 1209
95 9173
41 8715
20 9076
85 7188
29 4742
55 1118
51 3042
53 9571
74 9218
74 4596
99 7230
79 5057
39 6673
16 7994
63 1226
52 6739
29 5204
19 7570
20 5175
80 3076
39 1508
87 2431
23 8692
100 2682
40 5205
61 4652
88 9229
21 1106
93 3105
91 6588
47 5334
56 1945
61 9117
22 7991
13 6492
84 1058
53 4003
97 8857
81 2031
27 8304
66 1980
73 7655
72 4625
86 3357
16 3754
19 7054
31 6653
34 7131
53 2094
66 4507
86 2169
68 3489
40 1772
35 6365
23 3930
64 3866
60 8551
57 5460
68 8458
53 7455
28 5023
94 9653
99 1666
82 9161
100 5560
74 6403
14 1370
77 9044
48 7402
62 1914
59 7273
17 5063
61 2281
24 6517
70 4196
72 2918
31 4343
43 7635
11 8772
34 9357
66 7695
67 1539
40 8742
54 7535
74 9446
95 8071
94 7996
58 6760
70 7520
83 9204
64 7494
61 4333
96 9943
68 9203
69 1035
61 2918
81 5174
19 7382
64 4045
65 6570
25 8403
58 2052
49 1598
75 9223
36 6874
63 9029
53 2404
85 8249
96 6452
85 7967
91 8536
36 7574
13 9139
31 4769
71 4344
61 8706
42 9511
32 7440
23 6280
80 5984
51 4703
85 6222
19 4912
48 2695
42 6653
32 7788
87 2560
29 8176
80 6735
56 1314
41 6313
69 7167
21 2856
29 9110
33 3409
46 9289
16 2183
84 7643
88 9190
61 2800
61 4804
22 3753
97 8815
76 9068
87 7231
48 8746
87 3719
14 7589
93 5963
14 9036
64 5642
34 7014
55 9795
100 8758
81 4325
24 3353
24 4904
84 7053
52 3225
80 9918
64 2286
69 3050
99 4229
87 9160
79 8804
78 7278
99 6082
44 5701
96 8791
69 4645
80 3820
79 6838
35 4780
67 2350
83 2505
80 7647
92 7446
17 5294
80 5041
60 3870
20 1987
26 7696
10 1872
92 2798
28 1129
34 6478
95 5908
40 1473
40 5104
11 4036
12 2132
91 2451
24 3395
21 2328
96 1669
92 8264
22 9550
45 5720
12 4788
87 3812
23 7306
12 1087
63 4739
55 9242
52 5203
46 3995
13 6860
15 9657
14 6196
56 2550
95 4663
37 7759
100 3531
29 7993
78 4398
49 9142
22 5203
73 5876
96 1512
47 5037
64 8946
40 2823
26 4364
98 6747
56 8705
53 8377
14 2145
17 8654
20 2768
94 2014
77 9351
28 6154
50 3396
64 4268
49 6825
98 7751
97 1942
99 2025
83 3342
56 6313
77 6992
10 9351
39 1828
70 9776
13 7035
49 6013
27 4557
47 6142
44 5580
31 8923
96 3627
79 2696
13 3492
49 6512
23 2669
76 7178
16 7153
91 3069
68 8308
26 8359
20 1307
17 6126
36 9617
53 4828
24 1902
97 4964
11 3519
75 7936
33 6498
89 1566
41 4330
67 5364
10 7294
71 8100
44 9662
55 9455
11 4049
98 3995
43 8770
100 4469
79 9596
98 4966
72 6913
76 2968
76 2405
62 3354
25 1769
72 9803
82 1488
83 4186
44 4105
40 2547
43 3668
13 4774
26 7597
78 7782
24 3414
89 9823
81 4448
18 4922
33 6991
22 5362
16 2407
13 1383
46 8796
48 8124
94 3396
40 5461
40 9966
98 6223
24 7480
60 8398
95 6208
70 3984
19 5652
82 6294
77 3266
12 7904
49 4076
16 1703
92 9209
95 8444
46 1354
84 1528
71 6301
90 2829
57 7252
28 6715
57 9365
25 7090
70 1282
50 5379
57 9584
58 6356
58 7884
100 7600
28 6086
89 9094
24 5451
99 8219
78 6380
17 1541
92 5045
28 2043
40 1062
25 3785
98 4282
96 5070
39 5581
13 6024
58 9594
91 5873
99 4258
31 2075
89 7699
53 3508
77 3664
27 9006
78 7876
14 7753
80 9833
22 3353
15 5958
46 4744
86 2181
82 2892
45 3321
43 8119
78 7231
10 2336
14 9072
94 8032
21 2847
43 8801
28 6543
12 1936
35 8348
81 2808
36 2064
44 5634
20 5102
67 6506
23 5901
50 8418
66 2143
12 1478
67 3766
30 2381
76 9124
54 2505
10 2885
67 9984
26 9307
75 2423
37 6525
15 2548
89 8081
77 3103
15 1794
34 9298
91 9860
75 6131
20 8791
57 3474
20 4004
73 5273
69 4910
33 5057
91 9320
36 8445
27 2010
24 1931
47 3147
62 3690
37 8673
40 2810
96 7627
25 2500
14 6116
39 4441
33 3366
61 9035
30 4515
22 1600
56 1105
98 2962
67 8998
70 1949
71 6523
31 1484
29 7061
91 5210
33 7854
23 5732
49 5558
69 8826
87 4182
51 8445
40 9953
14 4510
95 3132
44 5475
47 5533
21 2879
78 2236
61 1452
21 9992
24 9410
25 3501
43 4659
30 4397
64 1442
54 1731
91 5708
48 5842
70 1147
20 7468
59 6579
22 1585
85 9449
29 1050
74 5888
78 5095
89 2260
38 7117
77 1879
89 5767
61 9416
51 8696
97 6742
99 7746
27 6646
89 9705
80 2827
19 5129
74 5573
97 8362
70 6831
42 4780
39 6270
40 2360
25 2759
43 9816
85 4319
22 9585
92 2995
21 7825
38 8913
35 6084
39 9700
17 6612
53 7349
18 4053
71 6100
89 6578
28 2265
88 7380
68 1953
28 5732
78 4200
14 9261
81 9063
75 6999
49 1366
51 6335
88 7883
83 5219
65 1153
73 1234
100 4268
24 9097
64 9498
83 7120
100 4173
23 9091
85 8830
28 8259
33 6966
63 1188
14 5452
50 2444
84 1387
71 9482
53 5800
65 2505
34 5059
19 7947
65 8264
69 1350
99 8612
57 7524
98 6823
71 7557
99 2410
79 6300
30 9568
36 8789
67 3644
94 6629
51 8520
53 7595
61 2695
12 2207
80 4207
47 5712
35 6528
65 2092
87 5053
59 1931
44 9401
82 4742
13 3942
34 7963
35 8606
93 6116
97 6817
17 1664
54 2934
83 2383
93 9535
12 4430
30 6406
92 7757
61 2033
22 2750
26 1365
15 5901
46 5846
18 5561
39 3933
28 7833
62 5411
36 7035
62 2445
29 8164
83 1412
48 6070
22 6647
84 9529
15 9874
73 7257
92 2210
95 4565
25 3131
45 1617
13 3772
50 8090
52 4964
81 3190
91 8818
49 5317
17 4020
70 3304
100 6185
26 5509
68 6704
40 5074
19 4201
16 9375
17 6951
41 3465
55 4581
31 4305
92 7854
24 3115
29 1130
86 1944
95 5993
14 7213
87 3075
41 7705
57 4647
80 4702
65 1514
12 2892
83 9768
54 6119
91 9128
51 2687
86 3002
68 4856
22 2710
90 9003
70 3506
76 7248
79 5555
38 1507
61 2776
56 7231
70 3923
31 1687
27 4036
26 9174
44 8270
87 5338
84 2562
67 9334
78 5681
85 5696
21 1640
46 2411
83 2123
45 1117
28 2610
36 1552
36 7038
85 5005
49 6799
50 8111
15 2479
99 1230
37 6950
13 6072
86 4713
65 6989
21 8368
25 5994
71 4930
55 4610
19 6865
99 9351
10 6411
37 2997
14 7905
25 4220
41 9845
49 4376
71 5389
77 1389
37 5300
79 9448
41 6455
84 5015
33 9537
16 8788
65 9625
95 1810
89 1772
71 2349
83 2370
35 1692
78 4200
91 2339
12 3775
75 4258
84 2769
10 6429
76 4979
10 8456
27 1283
30 8982
100 2261
80 2847
46 1339
82 5529
18 5705
90 2994
42 7701
45 7332
73 8485
27 6206
52 3392
51 6275
73 7041
31 9063
55 9379
27 5227
77 6585
84 3853
46 4426
42 8340
64 2060
45 3280
45 5711
36 1652
32 1111
45 9428
71 6025
92 3397
55 2646
48 9885
73 1336
75 4758
19 1718
82 7547
32 3560
79 6446
87 9687
65 3272
15 9759
50 7659
91 5522
66 3856
13 1622
92 3646
67 5161
87 5081
78 3460
33 2175
47 9825
10 7527
90 8064
62 8379
99 3364
76 7682
66 7141
55 7507
71 3868
95 9777
19 7929
97 5757
23 8755
76 1923
23 6419
12 9194
32 8613
16 2303
24 5786
64 6363
79 5319
43 5701
50 7194
40 6234
24 5589
87 2622
27 2660
90 1422
95 1755
63 9199
95 5170
14 8683
62 1264
64 1875
71 2078
67 9145
19 4162
34 8825
67 3767
28 3847
37 7993
25 1186
85 6369
65 5476
84 9523
71 5433
47 5050
78 9556
24 8998
82 1416
97 6773
61 9127
59 7887
15 4469
92 9243
13 1935
14 7628
47 9049
42 7778
18 9131
21 9941
78 3848
13 8860
60 7437
19 4879
82 1154
13 9376
19 1322
32 5606
35 7223
30 4954
19 3879
62 8128
33 7753
93 7408
11 6284
25 7786
36 3197
100 4912
73 6710
83 1841
56 1217
87 9180
13 5986
34 2229
72 9036
92 3632
48 6591
26 6995
79 4931
50 8813
16 4394
75 6511
41 2565
55 5507
78 3853
60 7561
37 7594
30 4967
95 4459
34 9796
89 2088
82 1341
49 8853
100 5764
12 7437
51 7433
44 9787
77 4140
10 9546
73 2487
46 5411
29 5099
44 6746
80 2917
75 4345
58 6210
35 8337
27 4791
45 5201
98 7601
69 8265
42 9504
38 4781
75 1680
86 6323
80 1444
54 7505
32 3420
95 9398
42 6270
42 1314
66 1002
25 9347
62 7068
61 8859
67 8155
43 2500
74 4523
71 3074
60 4440
89 5546
46 2394
91 1147
39 3823
84 1695
23 4463
30 7596
87 4076
16 6983
47 7300
35 2580
45 4358
45 3430
19 5001
54 6179
29 1722
76 4512
73 6768
85 1206
93 5131
13 8846
41 4462
73 9876
31 6829
95 2588
21 5952
82 1222
76 4069
68 7204
96 2824
59 1786
49 6511
20 5011
67 4536
11 4921
33 4040
81 6087
88 1465
20 8079
75 1489
30 9189
25 6086
43 5801
63 9638
73 9501
22 4374
56 7516
44 3037
98 9860
11 8366
18 2245
63 2707
94 7110
86 4672
18 9163
83 3175
35 6082
54 8526
20 9298
45 7794
14 4574
32 1983
92 5842
68 3298
25 3010
51 2767
73 3964
45 1510
88 7229
79 2439
31 4685
35 8030
63 5401
51 6406
20 6824
75 4096
53 9898
83 3431
71 4319
70 3765
42 6926
26 8436
47 2848
53 2320
86 2743
57 2502
62 4987
95 4702
31 6902
40 5494
63 1788
98 2529
86 7595
70 1900
10 1460
45 1569
58 9951
13 9613
80 4483
59 7219
27 8094
44 6577
21 4692
47 1716
89 2361
58 2011
27 4610
13 3659
38 4585
21 7816
16 8992
28 1305
15 7572
26 8724
15 9935
86 6571
16 8068
86 2496
43 7797
45 9111
56 3725
64 6614
34 5659
82 1021
58 7784
15 7035
98 8382
20 7686
93 5005
18 7026
46 2801
88 6362
92 8783
87 3404
23 3233
44 8344
80 7696
40 4209
32 3832
23 6104
44 1467
52 5433
14 9207
91 6456
78 1537
36 6345
78 4365
91 1535
59 6096
89 4373
27 8919
73 7591
90 6878
26 4361
82 6483
90 9735
40 1278
86 5300
73 3168
67 6279
45 8122
77 4020
73 4097
70 9018
28 4742
37 5490
58 4183
42 2992
40 4930
23 6545
38 9791
20 1840
57 6679
50 4877
60 8968
42 3931
30 9387
63 7798
75 4846
34 3178
67 4892
38 4381
31 6944
91 9041
18 6616
34 2957
94 3603
35 5368
19 1922
78 1937
18 3037
15 1849
87 8890
12 5597
65 5231
24 5334
37 8731
100 5085
38 7844
86 6385
63 4247
66 9933
16 7966
50 4311
99 6786
80 2995
47 2403
45 7451
24 6413
37 8152
96 9622
14 7702
90 1188
73 7076
98 8015
74 5393
45 1724
80 4373
36 1634
32 8118
93 6468
11 1520
95 7304
70 9415
89 8680
56 2777
73 7532
95 2397
45 6202
22 3599
43 9511
77 8419
97 9330
52 8267
66 3267
93 8384
97 6976
94 2034
35 1213
21 1529
61 2511
11 7012
81 5265
17 6202
47 5923
72 1035
89 8371
73 8774
30 2395
15 8784
88 4806
77 4847
22 5384
68 9558
49 1474
39 7992
86 3518
29 8991
74 1464
74 5848
78 5170
28 3839
40 6290
38 9606
84 7851
44 5871
16 2275
56 7363
68 7632
17 2424
40 8970
40 7520
11 6840
65 1870
83 1483
14 9084
84 5897
33 9141
49 7787
10 9227
62 9862
96 9453
57 2853
17 2853
34 6210
58 7860
51 7182
29 3110
36 6097
55 1551
13 2046
27 2225
33 1294
33 5844
97 3605
35 1500
81 3610
38 8118
41 8475
33 2467
32 6496
82 9767
39 3815
18 9559
76 4207
67 9815
38 4174
46 5973
18 1327
90 4917
53 8244
48 3443
40 2858
50 8763
52 3974
94 6586
80 8276
57 8347
19 6720
33 8541
83 8035
98 1742
11 7555
63 4773
32 3263
66 4489
25 2005
56 2345
28 6910
49 1296
87 4194
59 4128
52 5113
73 9295
29 6804
100 6458
29 6420
37 3863
84 7095
29 2914
21 8248
49 3580
32 3661
65 7444
59 1486
67 3604
22 2845
15 3723
36 6885
100 6095
28 7932
35 5154
89 3677
17 3709
32 2297
97 1339
24 9918
50 3058
22 7680
89 2059
76 6283
72 6158
76 9536
67 9255
69 8633
57 3332
52 7640
23 9250
63 3702
30 6094
64 4645
55 4016
11 4084
96 5904
60 5164
21 3016
64 1894
63 7263
68 8268
83 8339
36 2441
83 6151
74 9611
79 5619
95 6681
80 8742
37 6087
88 5264
90 6126
32 9930
11 3264
72 6129
15 1206
43 5612
13 4893
59 8079
21 2441
32 8765
97 2045
14 8313
71 8301
49 4959
22 9387
46 7662
97 3145
14 9489
70 4059
14 6823
30 2392
84 1294
50 5089
37 3028
51 5958
55 1681
73 7623
42 1957
32 1217
29 9419
40 6787
70 1893
15 9357
21 8218
99 8169
42 5891
83 1055
78 9705
90 9249
13 8398
84 6343
27 7152
43 1381
16 5932
21 9503
25 2013
92 3690
87 6184
31 4200
87 7583
50 4371
13 7478
68 4681
33 7241
93 6510
55 9542
77 9535
78 6274
19 4403
13 1580
13 9792
28 2098
54 1127
96 5608
53 6038
46 2738
96 6374
98 6706
35 5154
62 5589
21 7277
21 2117
90 2996
98 4842
53 9787
94 4509
78 4860
78 6562
47 3150
52 1711
72 9030
26 7301
80 4032
73 4226
88 2992
14 6970
27 9810
93 9383
90 3200
