0 1
1 2
1 3
1 4
2 5
3 6
4 7
2 8
1 9
3 10
7 11
7 12
12 13
12 14
8 15
1 16
9 17
9 18
9 19
1 20
12 21
13 22
3 23
13 24
17 25
5 26
5 27
18 28
2 29
12 30
17 31
26 32
15 33
33 34
0 35
13 36
0 37
27 38
12 39
31 40
20 41
34 42
5 43
24 44
42 45
15 46
28 47
24 48
12 49
25 50
6 51
44 52
7 53
40 54
5 55
47 56
35 57
23 58
48 59
12 60
13 61
49 62
38 63
38 64
42 65
54 66
22 67
44 68
43 69
2 70
50 71
55 72
51 73
29 74
43 75
23 76
29 77
24 78
6 79
79 80
6 81
71 82
37 83
36 84
38 85
49 86
44 87
81 88
86 89
83 90
60 91
54 92
60 93
15 94
92 95
68 96
41 97
93 98
18 99
20 94
22 69
86 99
35 74
44 50
43 99
45 59
70 74
5 76
0 74
54 86
24 79
51 79
46 52
63 65
67 98
94 97
67 85
10 94
1 46
9 11
18 84
26 82
6 45
7 90
13 81
38 78
61 80
5 95
19 87
2 34
30 73
20 83
0 44
52 76
78 95
52 58
10 61
58 87
26 74
14 44
0 92
47 84
16 60
6 19
7 73
29 81
70 98
22 28
44 95
18 85
31 43
41 71
14 25
3 89
2 64
41 85
3 28
17 23
22 57
35 45
80 95
3 64
16 86
50 79
40 68
60 72
19 69
71 89
3 13
68 86
22 45
8 54
18 22
12 53
23 54
9 24
14 48
1 5
36 93
28 63
40 82
16 62
65 71
13 97
35 54
34 86
22 80
0 16
33 73
18 81
12 94
46 72
15 96
40 81
22 86
66 96
23 74
85 96
15 40
78 80
11 85
42 88
30 56
34 52
48 96
28 57
67 88
14 80
14 24
8 62
75 79
63 64
8 98
10 23
53 64
11 38
5 69
12 32
18 64
22 55
8 70
51 54
61 67
64 87
33 71
29 93
9 31
29 62
79 92
30 79
34 67
31 89
72 98
8 77
12 41
29 84
11 45
0 14
22 61
13 32
33 86
16 53
27 87
30 36
0 90
7 72
8 17
0 57
14 78
40 71
30 86
52 95
7 84
44 76
12 23
18 55
9 85
66 67
9 74
14 57
10 35
30 31
31 86
7 34
14 72
28 36
52 59
41 47
93 97
70 97
19 86
54 74
67 90
22 32
12 59
22 51
34 68
71 80
56 64
45 46
21 57
34 69
26 77
50 54
34 59
64 75
40 69
0 9
23 53
71 86
23 91
48 70
65 73
83 91
60 87
30 99
1 19
17 85
73 88
13 49
68 80
82 98
67 80
64 71
67 75
49 64
59 90
1 50
13 86
7 71
6 62
42 64
10 26
64 83
37 70
20 32
19 57
58 71
74 93
7 66
44 72
85 88
5 13
39 70
28 74
32 64
51 97
59 97
67 79
1 21
15 28
36 59
74 76
33 98
23 26
44 91
37 48
69 73
22 89
6 66
5 60
35 40
33 57
44 97
60 99
72 73
56 87
6 49
43 47
57 97
15 72
11 42
17 77
52 70
52 53
4 95
5 74
3 73
9 53
92 94
36 99
35 55
20 51
17 62
2 84
21 70
12 46
37 61
9 25
7 18
56 67
66 98
75 85
6 20
33 94
57 82
28 95
71 85
2 60
0 40
11 18
63 67
26 30
4 65
22 72
15 93
75 87
20 40
41 70
11 32
20 31
8 59
10 34
1 77
37 96
40 57
45 54
36 56
65 66
31 98
10 53
48 57
36 79
81 91
37 38
13 73
57 93
17 36
9 73
36 44
46 88
4 21
61 73
45 71
19 96
45 93
11 67
40 60
48 55
5 71
44 63
61 71
6 94
3 34
16 45
67 70
65 75
44 74
19 20
31 95
65 84
31 42
4 94
39 57
80 86
34 61
44 65
48 64
2 90
34 73
78 85
12 54
2 24
43 83
39 62
44 79
57 99
5 16
61 94
28 82
13 59
25 53
22 85
14 56
29 33
16 47
3 19
37 64
13 53
1 22
8 87
15 75
28 76
70 92
27 56
36 66
17 63
53 68
47 99
19 66
22 25
8 90
28 45
10 73
57 79
10 20
11 14
2 94
36 64
71 81
6 93
43 52
25 87
18 75
9 12
11 73
18 93
0 88
12 37
13 93
1 28
29 76
4 58
2 19
86 90
7 88
0 82
2 54
83 87
6 87
21 84
86 96
42 70
50 80
53 73
90 97
5 50
28 34
82 99
9 80
9 58
19 53
78 98
47 67
77 80
3 71
58 72
71 95
3 31
0 22
13 30
26 43
12 34
17 50
50 70
59 74
73 77
39 58
21 74
19 63
96 99
15 76
27 41
24 42
40 84
19 37
56 96
6 57
14 18
63 87
43 64
28 29
50 56
47 48
1 43
63 69
6 63
20 25
26 86
7 93
20 26
59 70
49 53
59 75
15 51
62 81
41 49
29 44
15 37
19 94
22 88
3 74
6 13
20 67
34 95
71 84
25 80
50 74
11 53
61 98
62 99
16 61
7 85
11 70
16 44
60 89
15 41
72 92
47 85
0 62
57 84
20 24
44 96
70 77
91 93
23 70
31 58
32 61
22 77
55 64
40 41
11 30
6 22
56 99
53 63
30 90
12 31
19 48
36 89
1 52
30 89
7 68
32 47
73 78
42 77
3 36
5 24
11 99
3 56
20 89
30 62
21 93
38 68
36 69
46 53
2 87
23 46
31 66
6 83
5 97
2 97
82 84
86 91
28 54
33 52
29 56
34 66
10 85
26 48
50 69
38 39
64 88
21 34
49 70
49 61
48 80
39 98
54 84
83 85
80 94
1 76
16 94
23 33
33 37
7 44
46 63
0 75
53 89
40 99
14 88
38 97
19 60
43 45
3 54
40 66
70 82
49 67
29 92
7 86
24 26
49 54
24 43
50 86
38 89
66 90
25 45
11 69
15 38
6 71
44 83
93 95
18 52
77 95
4 62
56 69
64 94
70 87
83 99
8 58
45 70
28 68
62 71
50 59
60 68
40 47
6 85
76 83
2 31
55 92
55 82
22 94
42 74
85 95
66 93
36 80
46 77
22 40
72 79
36 39
6 73
37 62
32 65
52 99
15 49
26 78
2 52
24 92
54 73
38 79
44 51
27 72
21 32
87 91
74 94
71 73
34 37
17 91
49 77
67 82
87 90
78 84
25 56
52 80
50 76
11 15
10 71
53 81
95 97
5 33
17 49
37 44
38 72
46 90
51 67
43 80
16 33
72 91
38 81
12 84
14 50
76 95
44 58
21 48
22 58
40 65
3 88
35 52
29 68
0 21
46 74
25 36
5 80
39 68
23 79
78 88
7 65
10 88
33 81
44 86
0 73
68 92
40 97
24 41
13 45
9 15
77 94
36 60
49 88
7 58
23 68
43 58
41 56
10 30
62 79
27 69
89 98
35 43
40 91
44 88
10 92
35 94
25 72
49 72
46 98
67 68
47 65
22 43
85 97
89 90
5 49
29 73
21 67
26 44
4 20
37 51
4 37
18 26
1 42
35 76
16 85
5 90
26 52
41 55
4 43
9 94
8 47
40 49
8 20
25 46
25 35
71 87
27 98
64 90
52 87
23 52
32 73
14 79
15 62
3 43
29 45
6 58
61 69
34 72
10 87
32 98
77 99
15 20
8 93
14 28
72 97
85 90
46 80
7 24
19 42
21 54
73 81
37 67
2 73
69 80
85 94
22 97
41 46
58 66
67 89
7 26
34 39
71 98
35 47
21 58
3 22
41 69
21 38
40 43
19 83
4 27
49 80
51 58
22 62
30 75
63 75
23 40
27 55
38 93
63 94
42 89
5 29
11 64
14 22
51 91
74 86
21 28
7 95
5 77
33 69
14 19
49 56
12 29
65 97
10 95
45 58
34 40
90 98
17 41
23 78
27 47
66 87
5 21
20 21
33 99
12 74
25 66
13 65
45 97
31 87
6 84
14 52
79 90
31 69
42 57
91 95
48 97
10 89
19 68
53 98
24 99
11 25
58 61
15 65
2 57
65 77
64 78
5 30
42 78
10 39
71 97
10 45
26 87
2 25
6 31
25 54
33 87
6 60
27 63
90 93
67 99
36 86
81 84
53 66
54 63
9 93
6 99
61 64
39 71
2 83
49 69
50 51
35 36
31 45
62 72
79 99
13 29
44 48
3 62
54 56
55 81
74 90
25 70
54 57
26 91
82 88
31 46
34 94
0 54
36 49
59 89
5 17
59 67
21 53
31 76
42 61
28 67
36 78
82 91
19 59
25 86
17 44
15 55
18 50
14 17
33 60
44 53
16 22
2 14
57 85
4 82
12 15
33 79
66 86
26 80
33 42
42 80
79 85
37 49
2 49
4 45
19 26
24 72
28 81
10 24
63 89
57 91
18 96
64 93
8 56
28 97
69 71
25 85
51 59
33 75
80 90
2 71
68 72
31 62
20 91
14 27
30 61
81 96
16 65
12 57
58 78
46 96
31 56
23 41
86 94
3 77
57 78
13 85
2 95
15 58
3 5
46 93
69 83
48 62
27 93
5 28
6 59
8 11
6 18
62 94
50 84
22 82
36 67
63 66
61 99
38 49
43 98
28 64
55 69
14 71
16 70
53 62
30 40
72 86
55 74
15 44
61 95
35 86
52 79
61 68
43 71
37 77
25 48
18 92
39 59
26 41
30 32
46 56
30 93
36 47
36 83
79 97
19 24
15 98
9 45
46 68
25 84
37 58
31 97
84 93
65 68
27 60
33 67
55 58
7 17
35 87
37 91
29 70
18 89
25 29
10 74
43 86
67 87
31 41
1 98
14 37
41 83
47 50
32 77
46 69
30 67
15 73
17 37
33 88
80 89
84 92
17 64
27 32
7 69
15 53
30 88
2 44
58 95
19 32
28 99
18 94
2 26
2 35
62 84
17 67
47 73
16 37
35 96
30 38
61 62
39 66
31 49
22 50
29 89
8 60
26 96
66 89
32 74
35 66
46 61
29 71
42 53
53 75
34 74
92 97
54 87
13 60
76 96
19 90
1 33
43 54
2 18
12 35
29 40
52 88
35 38
41 79
53 97
40 85
75 94
62 85
21 77
20 29
43 59
2 92
38 61
16 19
32 33
28 50
40 72
1 81
41 61
30 39
41 81
37 84
21 59
51 62
84 95
1 47
67 81
28 58
57 63
59 79
18 88
28 46
66 71
11 55
4 61
83 98
54 90
25 96
21 83
3 21
33 89
21 94
33 66
68 73
51 98
13 31
30 77
31 50
15 52
3 67
3 84
16 20
20 61
10 40
9 28
29 78
81 86
5 47
46 65
47 87
54 83
0 81
16 40
30 46
83 84
37 87
23 99
24 64
11 61
35 61
27 58
68 88
45 80
3 45
35 39
41 90
8 34
16 29
52 61
31 84
13 15
24 76
3 86
15 30
39 94
24 94
80 97
32 62
13 84
22 90
38 86
19 91
32 67
2 15
2 30
34 71
19 81
15 69
62 63
33 85
40 89
74 88
1 69
81 89
56 66
69 75
21 73
45 57
45 50
37 90
38 96
21 26
45 66
58 68
35 83
48 92
9 46
94 99
12 90
90 94
6 46
14 31
62 97
67 76
55 94
15 59
3 83
0 83
84 89
21 45
57 80
51 61
0 63
23 63
6 48
14 45
39 91
69 98
54 75
16 67
21 75
19 78
34 79
0 53
18 68
40 93
51 94
37 39
25 42
13 75
31 65
36 82
12 76
9 88
53 86
24 31
78 87
64 76
27 94
55 91
45 99
72 89
2 12
34 55
17 79
1 53
42 55
17 40
3 58
6 17
24 73
3 57
73 80
31 59
20 92
20 70
4 11
88 98
88 90
6 23
52 63
32 40
34 62
42 69
53 84
5 45
52 71
15 50
39 48
32 70
7 61
11 90
35 72
48 75
50 61
73 74
85 91
57 61
13 35
57 68
16 76
88 92
54 91
15 39
9 82
38 92
15 80
44 98
2 76
51 77
37 63
22 49
16 38
17 61
3 9
11 29
2 10
4 73
58 92
17 57
30 45
64 89
28 52
26 89
8 67
56 73
34 63
56 81
3 16
48 63
40 42
18 31
10 69
15 88
2 67
17 34
25 92
60 82
3 41
31 48
4 25
19 21
15 70
15 35
50 58
69 77
32 91
62 73
80 81
65 92
67 96
0 15
44 80
32 88
64 69
32 94
58 82
3 85
51 81
22 91
47 97
12 36
5 75
7 19
8 19
19 31
12 69
12 58
9 52
12 38
41 64
3 44
41 84
75 89
27 92
56 84
21 25
21 72
79 83
28 33
36 46
5 22
32 44
30 78
37 43
26 63
76 81
87 93
51 70
54 78
12 99
51 56
19 51
11 46
52 89
23 66
78 83
22 24
56 68
52 98
21 66
6 15
7 97
18 24
12 93
21 49
6 65
21 71
53 70
91 94
30 37
2 43
25 88
14 47
1 89
29 87
26 60
43 82
14 39
86 95
50 83
32 85
40 63
34 43
9 41
56 93
22 66
0 94
35 68
37 53
48 56
14 63
2 88
3 47
73 86
8 55
1 27
24 77
36 42
58 85
11 37
62 82
27 46
27 97
20 62
12 24
0 59
14 85
36 87
37 40
26 81
4 88
42 84
1 7
21 68
68 74
0 64
12 50
44 61
68 99
15 23
52 78
60 78
5 63
33 43
0 95
53 91
13 25
4 28
3 40
43 88
25 43
14 30
29 38
11 66
14 33
28 72
21 55
29 51
37 72
31 53
91 92
41 44
84 85
31 68
50 95
32 92
1 71
24 75
16 92
76 79
8 16
8 79
32 43
79 82
57 83
3 20
48 88
25 99
59 94
85 99
48 49
42 48
29 98
25 74
53 69
18 48
45 84
73 95
49 76
4 77
25 90
54 99
49 99
31 93
5 23
24 53
18 61
6 55
73 96
32 86
6 50
2 53
23 28
27 70
62 83
68 75
42 97
28 37
8 96
16 48
20 56
63 70
17 78
10 37
48 50
30 91
75 96
89 91
88 95
77 93
39 54
25 94
1 85
50 82
19 71
48 71
30 82
8 75
38 76
51 63
19 92
0 42
32 36
55 63
48 87
58 77
64 80
4 90
2 37
8 26
42 75
28 49
21 88
28 94
42 54
7 35
11 76
63 78
32 71
72 78
9 61
88 97
37 93
21 50
35 91
41 53
54 68
5 73
31 81
17 26
14 35
63 86
22 83
63 99
45 67
34 50
18 80
27 30
8 81
1 56
39 46
84 86
65 74
11 49
17 19
8 84
49 92
47 93
18 41
65 78
36 54
9 54
4 41
11 23
23 49
35 85
11 26
71 75
19 52
70 78
30 72
31 33
20 84
16 27
7 80
32 80
5 12
42 86
47 96
54 55
39 41
20 46
87 98
2 13
31 63
81 97
11 87
16 28
47 64
30 44
46 92
82 85
33 62
76 94
5 83
26 57
3 50
13 48
36 61
18 56
4 76
59 83
10 38
27 82
74 79
22 29
56 77
12 79
18 42
3 46
63 92
9 86
90 91
3 39
79 84
1 17
22 31
25 97
14 75
80 85
20 97
28 59
13 57
11 92
19 62
10 15
54 98
73 90
39 76
1 92
73 83
41 75
5 52
32 60
12 89
50 87
55 85
21 80
37 97
13 74
6 30
23 62
38 40
14 15
95 98
39 90
53 82
48 66
4 75
19 47
0 28
15 54
87 97
73 92
1 15
3 30
52 73
81 94
29 91
3 96
5 67
14 62
3 17
11 12
29 60
38 50
5 14
10 49
61 90
81 98
28 73
87 99
21 60
14 90
7 59
26 88
30 95
11 78
35 80
19 50
55 73
21 41
50 81
13 76
2 58
54 97
32 79
16 69
20 98
27 31
38 88
59 96
57 73
9 50
1 80
13 94
7 39
30 96
93 94
48 77
2 46
44 93
19 56
19 40
88 96
55 62
4 56
23 35
26 95
43 66
46 81
24 68
15 61
2 9
23 94
15 16
19 95
1 79
70 89
26 73
75 76
16 32
7 32
87 94
8 39
49 59
10 57
65 76
91 96
33 91
53 94
39 97
63 88
55 70
19 88
30 85
8 12
8 46
49 60
51 89
39 93
10 93
23 31
34 44
13 40
50 94
18 45
6 88
4 72
12 86
39 88
23 69
40 52
85 89
20 77
5 84
61 75
59 61
42 91
87 88
68 97
21 27
66 91
11 83
4 63
77 97
74 83
37 94
40 44
38 77
60 73
28 51
4 34
70 84
3 18
41 57
15 57
26 58
70 75
29 63
24 27
34 56
6 8
45 79
84 90
6 34
16 90
20 58
75 97
49 94
48 53
7 47
68 69
56 86
18 73
40 96
61 78
60 70
34 88
51 99
18 54
13 77
25 41
36 81
11 74
0 85
1 34
23 25
44 55
58 93
2 93
24 82
54 58
56 59
83 95
25 69
39 49
11 98
94 96
24 29
89 96
41 67
62 92
33 48
2 79
51 84
9 47
37 42
36 92
77 88
3 75
14 97
34 87
0 7
59 72
43 62
48 58
12 19
25 33
16 68
1 90
35 93
0 39
12 91
24 81
9 77
34 49
11 71
13 68
31 39
0 84
9 64
46 66
0 48
62 67
63 74
27 91
73 84
19 73
56 89
4 51
54 95
24 30
83 88
31 44
49 91
29 99
59 99
78 94
47 83
34 89
34 48
27 86
39 47
22 95
13 43
50 62
10 28
30 55
23 30
86 92
19 38
77 82
2 61
36 94
1 68
13 64
60 71
17 66
10 65
27 52
19 29
8 74
35 63
67 83
22 78
9 23
10 79
71 99
24 28
21 31
58 74
74 96
26 70
4 96
45 95
64 85
44 90
3 55
2 56
65 72
34 51
5 41
68 70
76 90
25 32
84 98
38 48
17 74
59 92
29 59
25 51
52 91
18 74
14 66
0 99
20 88
16 43
14 70
22 74
15 79
66 70
12 68
30 33
45 77
55 86
15 99
22 76
12 72
38 41
10 17
50 63
20 33
29 80
8 43
65 89
24 84
13 34
37 88
51 71
72 96
42 58
36 91
46 48
25 39
22 41
12 80
69 86
11 27
18 77
88 93
49 71
22 81
27 73
55 96
34 70
71 96
54 62
54 82
20 85
37 80
61 76
67 91
60 74
41 72
2 22
23 51
17 99
36 95
14 68
38 53
26 28
33 59
12 48
34 36
40 50
1 84
56 60
72 94
61 91
43 68
24 66
34 46
44 94
16 81
62 77
35 79
97 98
50 75
15 81
2 78
27 57
56 57
64 68
44 56
57 76
5 70
46 55
46 73
2 38
8 41
39 83
62 76
28 85
29 53
11 52
66 99
23 39
53 71
24 34
66 72
2 48
61 85
89 94
62 90
33 72
7 33
11 91
56 75
14 54
12 83
64 66
43 91
7 83
37 99
13 16
76 92
29 30
73 79
35 62
49 87
16 95
51 72
10 43
62 65
4 98
61 77
27 45
36 43
8 18
53 74
1 54
18 78
23 97
65 85
61 87
8 32
24 88
8 45
70 71
18 65
23 60
63 90
96 98
31 80
7 98
21 97
30 65
16 58
13 17
9 29
42 95
26 38
60 63
21 24
65 67
44 85
2 86
30 34
31 54
53 67
9 33
24 50
9 35
11 22
10 52
17 33
41 45
8 29
3 38
38 94
12 98
52 77
49 83
3 37
1 40
45 68
18 82
4 46
77 85
84 87
31 57
17 29
6 97
48 81
83 89
72 76
33 76
8 94
19 85
26 85
3 63
38 80
52 83
8 57
68 90
64 98
20 86
30 53
10 42
7 49
52 84
13 21
39 69
8 51
12 51
46 49
8 72
9 39
31 72
59 73
45 51
68 95
21 92
73 87
16 36
10 81
41 99
36 71
15 92
43 74
42 56
60 69
31 34
3 90
2 96
31 71
74 80
7 31
86 97
65 99
36 45
60 77
89 97
30 54
20 54
75 81
24 33
3 76
70 86
22 70
20 63
71 72
0 45
20 87
35 46
7 45
44 49
6 89
75 86
18 25
28 42
28 66
17 65
35 58
25 64
40 83
2 74
21 39
11 33
28 32
67 93
20 36
74 85
44 57
37 86
16 96
56 65
62 98
35 48
28 30
24 59
48 85
62 78
16 59
51 74
9 96
57 65
23 45
19 54
34 78
32 42
42 98
26 68
9 90
25 63
10 70
26 46
13 96
39 92
45 73
27 40
47 81
29 90
71 83
78 92
58 80
24 86
63 82
50 60
7 41
36 62
66 81
15 31
2 72
31 77
38 57
10 50
2 33
23 42
24 60
34 85
10 27
59 82
20 22
17 59
12 95
9 37
1 62
79 81
4 91
43 50
79 86
14 96
24 65
47 55
32 58
17 89
39 99
25 28
70 85
29 86
81 92
41 50
52 69
57 77
67 69
2 68
29 58
25 65
2 55
29 54
0 4
33 53
9 84
70 91
9 81
0 27
1 63
75 93
38 66
49 75
24 63
17 48
22 46
9 21
4 24
9 79
4 93
43 46
30 47
13 80
33 64
15 36
3 52
22 23
62 66
35 71
26 35
11 17
43 92
31 55
41 68
32 78
25 47
13 62
12 45
19 64
39 56
49 84
20 64
38 84
9 59
68 82
19 80
51 85
32 56
69 78
51 80
7 25
11 57
80 92
57 67
53 61
19 79
11 62
4 40
1 10
86 88
42 68
43 97
25 34
28 61
0 56
1 45
37 41
58 64
38 59
78 91
67 71
27 67
35 88
34 93
4 50
5 39
29 39
11 48
81 85
31 61
37 74
58 70
17 21
39 63
75 83
64 65
41 94
9 63
37 95
6 67
49 90
88 91
3 93
54 89
12 96
55 99
3 94
7 76
23 80
18 37
14 67
68 83
17 82
16 97
2 77
45 47
46 87
24 36
15 22
4 9
43 63
5 82
53 72
32 66
25 71
38 95
19 74
38 44
4 17
74 82
29 36
1 35
62 88
12 26
11 65
28 43
38 52
28 79
15 64
32 97
17 51
17 94
13 95
41 86
72 77
62 91
48 89
33 45
51 53
50 90
23 93
53 83
36 41
69 87
69 88
56 79
31 73
46 51
53 85
35 95
46 70
47 89
34 60
17 81
19 33
50 52
54 77
81 83
10 72
61 79
39 61
5 92
10 59
27 81
16 50
61 72
6 76
21 87
4 10
20 55
36 97
37 55
63 81
31 75
29 35
0 11
0 25
29 67
32 48
17 70
33 41
7 54
55 77
64 92
15 84
48 94
6 92
39 55
26 51
63 91
91 97
26 55
5 91
27 89
71 74
1 64
47 54
51 86
0 77
3 69
28 77
68 94
71 79
4 70
70 93
51 60
2 51
51 65
49 73
14 41
15 63
17 22
53 54
14 51
18 40
66 94
75 99
6 36
47 71
14 29
8 52
62 86
42 73
70 83
56 78
70 79
9 30
28 55
60 96
65 93
23 73
0 50
40 73
62 87
42 47
2 81
65 80
11 80
41 88
18 21
74 98
28 56
2 17
7 15
54 61
62 64
5 7
55 84
31 37
19 61
33 56
31 60
38 98
4 86
9 49
73 94
23 50
60 75
25 68
3 87
0 32
68 84
13 79
3 79
85 93
5 42
46 76
39 45
11 58
5 88
7 8
78 93
55 57
15 95
26 83
51 76
20 74
50 97
12 73
55 80
68 77
36 90
55 66
40 46
22 87
32 46
47 66
4 15
1 12
39 96
36 58
1 60
67 86
73 89
2 36
41 51
20 49
26 79
95 99
23 71
49 81
2 6
62 96
47 51
64 67
40 51
10 80
31 35
28 89
10 91
27 77
7 70
16 83
36 57
19 41
23 48
45 75
10 77
67 78
53 79
6 26
29 32
66 97
77 89
26 34
30 63
13 54
56 63
52 65
12 87
84 96
20 48
34 83
82 95
11 95
14 81
45 81
42 51
41 78
44 71
19 39
89 99
25 40
57 95
22 38
37 79
42 52
62 69
27 29
3 91
39 67
47 76
0 72
9 55
76 88
48 99
9 70
38 54
3 72
35 82
86 98
20 68
39 52
12 78
5 46
27 95
37 52
59 87
11 81
25 79
34 35
11 84
35 60
25 59
47 77
69 84
26 53
56 70
16 56
31 99
40 58
6 39
0 18
83 97
71 90
20 50
33 40
5 66
18 63
46 75
5 48
55 68
26 67
27 37
49 68
65 81
61 70
41 65
7 50
7 82
13 28
8 65
49 85
5 81
30 52
27 90
1 23
31 38
41 93
17 24
75 98
2 11
30 68
28 38
15 68
20 53
13 37
32 35
6 42
77 98
50 93
0 51
64 97
24 56
52 93
27 34
72 83
53 95
40 90
58 79
65 79
45 78
39 60
31 88
6 98
18 72
3 61
21 62
13 71
77 86
32 93
70 73
15 21
30 71
26 40
10 56
19 27
1 24
45 61
4 23
37 66
12 75
1 86
69 85
30 59
19 23
7 63
54 96
39 72
49 78
71 94
72 81
27 85
21 40
0 70
8 48
7 94
66 77
50 91
5 62
48 65
6 74
35 59
63 93
58 89
6 16
30 50
2 98
10 22
61 84
63 76
74 87
76 99
11 89
51 95
30 42
12 61
28 86
79 98
20 52
44 89
25 58
0 65
46 83
40 76
39 43
4 42
8 35
78 86
92 99
42 93
48 72
47 75
64 91
50 85
3 60
68 89
5 85
42 72
27 39
6 47
59 78
4 54
7 51
8 80
9 67
23 87
18 71
17 58
38 74
76 87
18 87
36 53
11 39
12 97
5 51
3 99
18 34
8 28
20 76
36 72
37 98
35 64
34 47
16 39
29 47
64 96
12 40
9 43
23 34
42 59
6 54
13 67
3 24
41 77
20 27
42 71
3 27
14 92
18 97
54 67
4 69
27 61
24 47
19 43
4 67
96 97
31 51
60 85
37 78
54 93
28 35
36 85
27 35
23 55
40 87
43 81
8 64
48 73
0 96
19 84
9 13
7 67
1 74
69 89
41 62
34 90
25 55
31 91
32 52
1 66
30 48
23 29
65 69
64 72
68 81
2 41
44 60
58 69
14 73
30 84
1 67
35 44
26 50
12 85
9 89
57 69
20 42
19 30
57 74
21 44
80 82
11 60
46 95
61 96
55 60
0 71
22 65
53 78
12 42
13 42
48 82
28 80
29 64
26 62
34 65
4 8
45 69
57 71
33 95
44 54
20 65
26 56
94 98
23 82
49 93
47 88
72 85
23 27
46 60
6 7
10 96
70 95
48 68
58 59
4 33
48 74
15 82
15 91
26 47
63 95
39 74
21 35
13 47
28 91
17 88
57 98
85 92
56 83
3 25
2 20
11 19
13 82
74 91
22 35
41 92
20 23
27 79
3 15
22 27
48 83
10 13
3 97
13 88
4 39
22 30
77 79
78 99
23 32
47 78
4 92
13 46
17 83
54 76
0 8
26 33
52 68
20 69
0 31
12 71
3 29
45 91
20 39
47 72
30 69
3 49
81 87
34 82
18 57
55 88
55 95
29 95
34 38
83 92
23 38
75 95
13 87
65 96
42 67
59 60
1 99
67 73
24 83
2 50
59 93
72 99
83 94
41 54
9 68
3 70
40 94
54 70
80 91
12 17
21 98
14 95
13 83
42 83
56 72
36 70
65 90
18 95
6 64
44 64
24 80
33 35
25 73
12 16
40 62
22 75
24 97
81 90
56 85
3 53
51 52
21 76
54 59
52 92
33 93
40 86
8 37
37 68
60 65
34 75
15 42
23 85
3 68
6 35
46 91
0 43
37 57
58 98
15 29
22 93
26 72
13 69
45 74
72 87
16 75
7 38
10 55
6 32
76 78
39 85
33 96
40 79
49 97
33 83
9 22
7 75
18 43
12 70
21 89
25 93
1 83
28 31
22 99
30 94
34 91
33 44
12 62
0 60
66 92
62 75
87 96
80 99
36 38
76 93
18 76
38 83
1 13
63 97
50 66
80 88
24 96
15 27
75 88
35 75
8 63
42 90
56 76
50 99
14 65
79 96
23 95
55 76
40 88
10 68
14 74
15 77
22 52
73 97
65 83
33 58
34 98
24 38
18 39
69 70
17 68
0 80
18 32
35 56
78 90
43 96
65 86
15 47
69 94
20 71
49 89
11 88
14 82
34 45
57 90
66 83
30 92
74 75
3 33
19 25
58 73
73 91
45 87
22 44
3 59
7 21
21 69
59 62
16 49
29 37
14 34
59 69
32 59
17 43
28 92
4 35
13 41
4 99
26 93
40 77
53 59
7 30
24 57
20 38
39 77
24 93
17 56
26 42
28 88
19 44
26 27
54 85
14 61
47 90
34 84
60 92
0 78
10 12
46 82
51 82
6 29
82 96
50 89
52 74
52 94
17 30
7 92
69 81
74 84
1 8
61 66
29 85
16 42
5 86
45 72
46 84
45 64
95 96
15 18
93 96
67 84
50 73
33 46
21 85
14 36
23 37
11 34
43 44
4 74
10 11
17 73
7 20
39 40
76 80
13 55
33 92
16 91
24 89
32 41
14 26
53 80
60 79
52 54
24 62
35 37
0 20
1 6
22 59
59 68
19 99
31 79
11 82
15 25
27 75
42 60
23 57
5 36
1 44
36 40
14 53
29 97
49 50
5 20
33 49
6 82
4 85
44 82
4 49
54 79
26 94
49 58
90 96
14 91
58 99
9 44
18 58
1 55
8 88
10 51
5 25
28 70
55 89
9 40
46 78
29 43
13 19
80 84
20 75
4 26
65 82
35 50
30 35
23 84
12 22
41 76
46 50
18 35
53 55
51 93
51 69
71 91
53 77
8 24
69 93
14 42
37 60
2 16
43 95
54 80
30 97
25 52
10 90
22 84
13 90
1 48
23 83
44 45
30 51
73 76
17 92
68 76
5 93
67 97
72 82
32 84
42 63
46 79
61 86
54 65
26 76
36 75
59 76
44 62
0 66
48 76
27 59
46 59
4 6
14 93
6 77
23 90
10 19
23 43
0 47
45 65
10 64
6 38
7 99
14 87
81 93
40 61
78 89
21 78
15 66
20 99
4 83
48 52
2 80
5 61
64 99
62 74
75 78
59 66
28 93
71 92
6 61
77 78
25 77
24 95
16 18
14 84
35 89
5 40
47 62
50 96
85 86
43 79
21 82
2 47
22 64
47 82
7 74
57 60
53 60
6 12
79 93
0 19
44 67
20 81
18 20
50 92
38 51
10 82
10 62
17 28
25 31
66 95
6 72
9 72
32 63
4 97
5 11
6 78
25 81
4 60
20 34
42 92
71 88
11 93
76 98
3 98
48 86
24 52
87 95
55 93
29 41
47 61
8 78
9 66
6 40
54 88
11 44
8 13
60 61
72 95
11 16
2 91
77 92
52 60
1 96
10 33
82 89
32 96
27 83
42 46
9 83
11 68
0 33
25 75
27 84
15 24
27 65
38 99
6 86
6 44
32 81
24 90
42 76
0 98
42 43
17 45
27 50
13 44
76 86
16 93
19 89
18 79
44 46
16 80
58 62
20 35
7 27
1 95
18 91
12 82
55 97
25 78
87 92
21 30
27 44
11 63
61 81
59 64
18 86
47 91
16 72
5 79
21 42
73 93
5 34
20 47
20 95
55 71
49 51
2 3
25 61
27 66
3 48
4 14
33 80
9 32
23 98
62 70
39 65
20 60
6 25
43 72
10 36
25 44
63 83
33 68
50 65
41 66
20 45
17 18
77 83
24 69
70 94
16 35
23 88
48 51
25 38
17 72
8 38
14 69
14 99
13 23
32 39
29 52
49 98
82 94
48 84
32 76
25 89
71 93
0 23
45 88
38 67
15 97
49 95
29 66
1 25
17 54
7 96
52 85
28 87
21 79
14 59
4 16
23 56
54 60
12 25
7 40
21 23
31 96
44 99
39 64
0 30
76 84
31 78
69 90
5 58
4 44
21 33
10 99
10 97
32 72
22 37
13 26
78 79
63 73
32 53
26 99
7 48
19 97
13 50
2 4
28 65
87 89
1 26
17 60
82 87
57 66
51 96
6 28
66 76
70 88
21 90
19 55
33 38
5 37
40 56
11 20
52 96
83 93
70 90
34 77
84 91
38 45
37 54
36 48
15 67
22 48
24 67
8 9
29 34
57 64
7 52
78 97
21 47
0 86
61 83
66 68
41 60
6 52
14 58
36 98
36 76
18 30
40 80
4 87
15 83
73 98
37 71
25 27
25 37
27 49
33 55
47 92
32 34
59 86
71 77
68 78
24 40
75 84
56 62
0 10
45 94
12 56
37 89
32 38
45 52
37 50
12 88
16 54
58 83
59 95
21 22
51 83
4 19
12 92
21 52
11 86
43 60
58 94
55 65
18 70
13 99
8 21
29 46
34 76
47 98
61 74
46 47
44 78
21 86
1 31
10 67
17 42
5 35
10 98
59 63
2 85
6 96
26 59
14 21
16 34
29 94
53 76
4 29
29 75
33 82
46 71
13 56
56 88
44 47
22 60
18 69
52 66
37 81
62 89
51 66
6 90
52 67
82 93
9 76
90 95
68 79
32 83
52 75
22 34
32 95
33 54
69 72
33 77
85 98
27 74
41 91
50 53
5 6
1 57
64 84
27 80
74 95
24 54
4 12
20 93
48 90
25 60
53 56
66 73
10 47
15 19
18 60
36 65
8 82
28 78
4 31
48 79
38 60
47 57
54 69
10 60
47 59
58 86
12 63
60 66
51 92
11 43
7 57
59 84
70 80
77 81
10 18
48 54
45 60
27 88
53 58
1 65
38 82
51 75
52 86
1 82
3 51
30 80
16 78
61 88
16 26
18 49
51 88
11 31
0 93
37 76
52 56
35 65
27 36
17 97
2 66
19 49
15 17
73 99
56 94
3 80
29 55
31 83
8 49
12 28
0 91
74 97
51 55
4 38
9 27
34 58
1 59
1 61
30 41
25 82
10 16
13 18
17 53
10 46
8 44
50 88
39 44
61 89
14 32
16 82
29 83
8 61
43 61
3 82
11 96
1 41
32 57
7 87
72 90
57 81
1 78
3 42
18 67
85 87
21 43
16 30
13 38
54 94
42 44
71 76
33 50
52 55
46 57
1 32
39 84
29 61
4 5
69 95
39 87
45 86
56 82
66 79
38 47
37 56
24 39
22 71
57 70
23 59
4 47
27 28
18 23
24 25
16 87
20 66
59 77
37 92
65 95
47 95
43 87
17 93
41 87
14 40
43 77
59 91
0 52
29 50
35 99
11 24
43 48
5 65
42 81
8 68
48 69
43 93
3 4
18 44
2 39
20 57
43 53
17 76
68 91
7 43
44 75
22 36
6 70
0 29
55 90
30 64
4 84
9 42
90 99
22 26
21 99
73 85
44 81
22 98
52 64
84 94
7 23
34 64
0 67
60 62
12 47
6 27
47 63
27 71
38 69
26 69
59 65
4 53
0 46
34 97
83 86
15 26
29 88
13 58
2 27
75 92
16 21
2 63
4 18
66 75
47 52
41 74
33 90
45 98
15 60
16 73
93 99
26 49
19 36
70 99
42 96
35 81
72 74
63 80
26 65
20 72
8 86
67 92
60 94
57 87
18 66
66 84
12 18
42 87
39 79
4 32
6 53
80 83
22 47
55 61
9 57
57 72
91 99
17 84
19 35
42 62
14 64
0 17
23 44
24 58
5 78
11 79
19 65
1 97
67 74
65 91
