0 1
0 2
0 3
3 4
2 5
5 6
3 7
5 8
4 9
5 10
5 11
1 12
2 13
4 14
4 15
2 16
9 17
6 18
3 19
18 20
0 21
13 22
21 23
14 24
6 25
21 26
7 27
19 28
12 29
3 30
26 31
31 32
0 33
7 34
32 35
20 36
1 37
21 38
11 39
11 40
31 41
11 42
3 43
37 44
39 45
5 46
38 47
2 48
20 49
35 50
33 51
5 52
1 53
27 54
31 55
48 56
14 57
12 58
26 59
16 60
49 61
36 62
17 63
51 64
20 65
55 66
42 67
8 68
46 69
55 70
23 71
45 72
32 73
23 74
27 75
60 76
62 77
3 78
58 79
64 80
20 81
48 82
38 83
20 84
80 85
30 86
41 87
22 88
73 89
72 90
62 91
90 92
29 93
3 94
16 95
20 96
66 97
71 98
89 99
25 37
9 85
6 20
32 74
77 86
32 39
26 91
66 86
11 63
30 66
54 74
41 89
43 76
21 39
47 98
24 28
21 95
40 91
58 71
10 11
13 59
58 99
31 58
24 82
13 85
87 90
48 57
21 28
8 53
70 80
5 24
69 81
37 79
49 84
11 50
8 10
39 83
26 74
20 56
69 73
92 93
38 85
9 29
79 95
3 27
52 63
47 49
48 88
3 48
0 53
27 62
3 91
39 62
47 90
3 53
32 96
33 35
8 89
64 74
36 94
49 54
23 82
87 99
48 54
44 86
13 44
52 75
43 51
7 79
31 72
35 91
32 37
28 51
9 75
2 73
41 82
4 64
35 99
76 80
9 21
32 88
8 88
44 63
28 96
79 85
34 80
22 34
18 58
69 84
20 61
35 49
17 40
83 85
9 31
15 26
54 57
76 84
93 95
20 33
53 59
24 80
13 95
76 97
5 93
20 32
43 93
49 76
16 22
41 63
42 62
5 74
32 83
39 63
52 69
16 48
52 93
13 96
20 94
6 81
12 60
65 87
14 86
71 72
27 82
4 72
27 40
44 83
26 96
5 43
57 80
14 15
40 54
69 88
71 84
48 85
61 89
73 98
75 80
31 46
30 78
28 59
83 96
21 30
1 23
34 54
39 98
32 46
6 43
20 79
20 27
25 90
33 49
2 87
22 56
37 46
53 75
21 47
29 92
27 87
12 36
70 95
9 59
20 75
33 41
15 89
28 63
20 59
36 69
68 76
12 51
46 96
20 37
38 56
19 61
15 99
12 32
77 96
2 11
27 46
39 94
67 90
59 81
40 80
20 39
8 77
54 97
13 47
74 92
4 18
56 85
19 42
32 51
36 51
7 63
26 79
8 35
13 33
4 40
23 95
79 96
25 57
14 19
11 23
22 40
6 12
32 42
9 56
7 22
39 55
21 88
13 78
24 34
8 30
50 61
40 78
32 84
39 84
21 22
20 78
58 69
29 88
73 92
3 69
28 46
33 37
25 85
58 68
2 9
39 59
24 92
18 98
53 55
66 83
16 67
78 87
9 19
4 20
1 97
8 87
65 70
21 51
46 56
51 78
52 67
47 96
17 88
35 68
44 70
12 92
23 87
13 98
2 29
88 98
31 73
19 23
47 89
9 90
22 39
53 72
16 21
26 86
59 93
5 33
15 79
41 92
58 76
14 80
32 97
21 71
23 49
54 95
5 90
14 73
34 84
79 81
21 44
3 40
46 67
46 75
70 77
15 56
9 91
4 26
57 96
34 96
5 51
45 77
28 42
54 86
64 67
71 76
5 64
49 79
18 29
40 50
62 66
30 35
3 85
49 94
14 89
50 78
36 55
6 63
35 37
23 61
36 72
28 74
9 73
44 94
0 51
11 36
37 39
8 45
15 38
13 68
29 63
5 23
9 66
16 63
48 77
30 53
12 41
21 96
14 55
17 87
34 76
0 34
38 42
46 79
13 24
32 52
60 73
1 52
21 43
22 72
7 19
26 44
19 59
34 73
26 66
31 88
58 88
16 56
4 80
32 86
1 86
40 67
29 44
72 97
11 32
50 95
43 61
65 79
51 95
59 92
45 58
36 78
32 59
2 93
28 30
41 93
14 98
61 92
1 22
4 7
48 65
89 91
21 93
2 96
50 57
33 46
73 74
4 35
78 93
84 93
2 31
29 40
8 91
37 71
29 43
28 34
25 88
62 71
12 35
26 47
60 95
5 85
47 88
47 79
29 57
1 36
25 42
23 33
81 94
10 21
30 61
74 80
83 95
41 45
45 49
32 99
22 33
10 77
10 41
4 57
8 38
8 36
6 98
14 40
5 18
12 91
22 29
0 4
51 83
3 76
22 68
17 65
10 64
85 93
18 74
15 28
17 90
9 70
71 93
17 50
3 58
59 84
10 30
19 66
10 33
2 90
6 11
20 99
24 64
23 32
55 77
14 38
48 67
12 65
8 81
22 99
40 59
28 53
61 71
42 88
64 81
35 88
57 70
35 83
15 73
1 84
15 37
34 61
37 40
45 56
38 67
86 99
1 3
59 71
20 62
62 83
20 91
6 50
92 97
23 28
40 55
17 59
11 77
6 65
50 77
41 68
18 38
1 24
64 85
33 74
65 92
28 40
9 47
64 78
67 72
44 51
11 62
47 77
46 59
69 75
7 83
41 57
11 18
45 74
2 97
15 39
10 58
51 67
22 73
18 60
21 36
14 16
42 63
7 43
22 77
48 58
34 41
3 61
50 52
45 85
16 98
28 58
11 14
4 25
47 59
69 78
5 75
32 90
27 93
47 74
35 59
8 86
18 45
36 71
4 86
51 72
58 93
60 74
21 55
49 97
3 65
17 71
15 68
65 94
36 70
49 64
39 56
6 26
33 45
19 26
11 80
11 25
4 39
40 84
37 95
24 50
30 82
21 56
32 55
79 92
61 77
7 96
37 73
24 57
14 47
57 67
87 92
79 98
57 90
36 73
14 99
54 76
29 54
64 72
57 61
27 35
26 68
25 80
19 76
38 82
0 94
16 17
60 69
8 73
1 26
47 97
82 89
27 28
24 94
12 79
18 65
62 93
29 62
4 34
42 76
0 81
11 35
33 55
25 83
8 83
48 87
27 94
34 38
79 99
56 80
60 94
48 79
60 75
6 68
19 34
39 58
61 88
10 49
43 45
4 73
4 71
36 82
18 52
32 69
15 17
13 73
1 90
68 90
24 56
60 91
24 54
24 48
22 45
23 85
10 70
9 15
38 39
61 64
1 48
52 88
30 83
11 22
64 68
9 50
34 77
39 40
41 78
15 87
43 56
37 55
36 60
40 79
59 70
21 65
41 80
18 46
16 58
3 12
77 78
50 53
9 20
43 67
29 96
76 81
55 57
58 60
82 87
19 36
26 57
13 58
13 41
39 54
53 88
78 97
12 57
33 36
2 64
26 27
55 61
28 93
14 71
0 17
77 85
43 94
17 89
38 80
2 21
1 67
23 76
37 61
4 51
9 63
23 54
25 69
7 94
25 99
60 98
9 34
47 56
27 65
72 80
82 95
27 91
15 43
31 93
0 99
52 84
15 76
13 34
47 57
24 67
62 80
26 43
4 61
2 68
29 74
7 45
28 98
54 93
60 86
3 80
35 61
15 64
58 92
88 95
22 71
10 36
25 28
1 99
25 63
34 36
37 43
18 49
15 77
8 95
4 53
49 96
34 79
61 87
67 89
15 18
75 76
10 99
67 76
33 61
8 92
8 37
44 80
5 12
31 96
4 17
30 87
24 52
18 26
83 99
73 87
72 93
30 79
18 84
5 41
54 88
42 48
96 99
34 62
50 55
15 45
17 26
91 97
23 73
38 59
11 71
37 84
41 97
0 71
66 98
11 53
16 43
8 57
8 33
40 51
12 27
40 70
0 98
11 24
25 36
39 95
53 95
44 45
9 87
2 34
41 52
67 73
0 68
54 61
17 24
40 74
22 61
32 54
27 77
35 67
24 55
33 67
24 66
18 42
46 60
45 79
42 85
27 33
13 32
33 85
62 75
42 94
14 54
9 45
71 74
36 86
10 47
20 34
23 43
8 90
18 69
53 85
18 61
7 32
3 71
19 54
6 77
27 43
18 92
4 49
1 61
38 72
9 88
2 81
63 96
69 87
37 85
31 60
3 42
29 39
39 97
62 69
71 96
18 66
71 87
8 70
4 70
30 63
46 53
48 76
86 91
17 46
38 74
40 87
42 80
20 83
57 83
4 59
69 91
26 70
28 70
4 56
63 84
0 38
26 71
9 60
25 72
0 36
76 85
48 78
43 95
62 90
61 99
11 19
9 94
71 92
49 66
52 73
88 99
48 53
76 88
58 63
11 72
23 78
1 8
71 82
88 91
19 55
6 41
37 48
50 72
6 54
50 94
13 55
29 77
3 63
3 22
16 18
2 57
51 99
2 46
30 58
7 86
0 72
46 52
51 80
1 21
41 73
50 83
12 74
82 84
2 44
26 82
35 57
80 82
19 85
3 38
7 18
16 39
8 16
10 54
37 89
34 46
7 65
23 93
19 29
5 7
26 48
2 66
14 93
40 98
30 69
14 67
80 81
84 85
45 95
45 89
5 48
21 27
28 68
59 95
8 63
58 59
37 66
14 79
42 86
72 79
34 72
34 42
76 83
63 64
42 82
35 53
66 79
63 91
6 80
25 70
16 42
33 70
0 45
15 95
71 99
22 84
11 83
30 62
13 14
28 32
64 79
54 98
8 60
43 87
10 26
16 69
2 88
3 46
14 28
17 75
1 47
11 84
73 75
21 34
13 50
8 93
38 68
1 43
84 99
36 57
67 85
83 84
15 36
36 89
9 76
16 35
90 97
12 56
43 88
63 73
15 67
49 52
54 64
79 97
10 60
39 43
63 79
29 49
83 87
65 84
23 37
60 66
4 95
72 86
12 59
5 49
40 63
39 41
6 91
69 86
30 77
42 93
14 18
43 58
14 87
19 47
11 73
54 77
13 69
20 57
21 48
53 66
17 25
85 91
30 64
2 74
81 87
67 70
33 84
30 75
13 89
25 81
11 46
19 72
0 93
50 60
46 47
23 84
50 70
22 26
43 84
36 74
13 64
15 84
72 98
46 92
58 74
45 53
25 59
21 86
29 64
19 87
20 35
21 40
53 56
4 38
36 48
17 35
29 32
13 31
57 99
34 51
31 97
4 23
14 59
89 95
5 94
3 21
20 52
8 55
21 42
52 64
56 61
91 96
8 48
1 5
16 33
57 92
12 48
92 95
32 75
60 79
45 73
36 47
4 91
91 95
42 66
19 86
6 27
51 65
3 28
46 73
56 66
68 95
72 96
35 74
22 90
9 92
30 51
24 91
36 83
29 97
51 94
25 68
68 71
41 96
19 31
31 61
29 83
9 33
23 30
9 37
50 64
61 75
81 86
3 14
12 67
32 68
84 96
66 88
25 71
77 82
23 86
16 30
87 91
30 60
41 48
48 99
49 73
56 88
79 80
33 42
24 96
7 29
63 78
13 61
13 48
18 34
12 62
62 64
63 87
49 68
15 50
57 69
32 38
7 91
55 85
18 68
29 94
75 97
14 44
63 70
16 46
15 33
37 77
3 23
25 62
10 51
77 89
17 18
51 53
20 92
51 63
30 42
28 80
27 70
59 72
13 18
12 81
80 99
39 75
7 53
69 94
55 71
42 81
35 85
5 47
35 36
90 91
14 42
89 90
23 52
95 98
46 68
92 96
75 96
67 96
6 23
52 54
49 67
18 64
39 73
23 81
36 65
22 55
51 82
23 72
20 40
22 87
6 78
32 36
17 21
1 39
26 65
1 9
28 37
14 32
69 79
78 96
35 39
32 48
55 76
5 68
56 99
39 51
11 76
6 75
36 93
17 76
19 56
9 97
0 78
90 96
41 65
54 73
40 68
21 94
16 96
50 90
43 90
10 24
31 79
34 57
15 16
57 93
29 71
58 66
42 58
7 58
15 88
47 91
76 99
0 6
3 84
50 82
3 99
0 32
28 69
11 68
16 25
23 57
16 73
67 99
51 52
33 52
80 91
30 31
20 50
67 92
56 81
40 65
35 38
25 52
23 63
25 56
39 76
33 88
37 50
2 61
7 84
33 73
46 51
24 76
46 61
5 38
23 77
19 21
27 57
19 49
41 59
4 42
21 35
20 88
48 66
55 74
52 78
36 76
17 69
48 70
20 45
56 69
31 63
39 42
65 81
3 72
16 94
72 82
64 90
3 77
35 42
22 93
15 52
0 60
34 92
9 25
26 76
4 12
13 60
8 51
14 46
6 14
13 40
5 76
0 54
11 93
57 58
55 73
14 35
49 81
18 23
15 27
44 56
10 66
32 85
9 86
16 36
19 79
0 18
40 82
56 95
36 75
13 27
52 77
17 77
11 81
19 67
14 76
12 16
38 46
14 60
41 58
66 95
17 20
14 36
63 92
6 24
2 72
49 57
40 99
15 46
53 99
28 52
40 57
52 98
5 13
66 67
33 43
24 88
32 50
4 8
3 56
15 91
2 25
70 81
2 3
28 85
31 68
10 73
64 89
41 54
11 44
34 43
46 93
81 93
68 72
44 58
53 76
54 60
38 73
26 39
33 93
12 94
43 46
58 61
25 60
9 43
1 50
44 60
51 92
16 47
35 72
18 89
24 83
6 10
38 75
38 86
18 73
19 35
2 24
