0 1
1 2
1 3
0 4
0 5
4 6
6 7
2 8
5 9
0 10
2 11
0 12
1 13
10 14
5 15
11 16
15 17
9 18
5 19
15 20
4 21
3 22
12 23
0 24
15 25
25 26
13 27
13 28
6 29
16 30
0 31
31 32
26 33
5 34
29 35
34 36
10 37
5 38
29 39
22 40
24 41
1 42
34 43
37 44
20 45
13 46
46 47
33 48
17 49
20 50
20 51
3 52
43 53
44 54
50 55
3 56
40 57
32 58
39 59
2 60
58 61
0 62
30 63
14 64
58 65
16 66
18 67
57 68
35 69
33 70
40 71
48 72
63 73
71 74
71 75
12 76
75 77
0 78
78 79
1 80
4 81
33 82
5 83
45 84
6 85
21 86
76 87
14 88
13 89
17 90
58 91
66 92
6 93
2 94
79 95
31 96
75 97
92 98
25 99
23 85
13 33
81 99
60 82
3 49
69 74
21 37
21 61
52 93
2 76
5 54
31 64
78 81
6 34
13 29
28 37
17 54
6 82
49 52
19 80
37 50
44 81
46 65
28 66
12 53
67 71
1 91
2 24
56 59
19 94
10 61
18 73
3 42
16 40
32 64
42 56
74 77
8 99
20 25
72 80
77 85
3 74
5 32
29 42
48 84
22 67
82 86
54 79
43 73
32 99
6 30
36 92
9 51
24 49
53 83
33 34
37 71
32 59
86 95
10 11
46 79
1 63
6 54
46 89
30 35
10 76
70 93
18 49
2 46
24 29
72 96
6 13
39 49
22 24
69 82
28 77
2 29
28 86
53 57
14 26
19 45
62 77
3 16
54 89
1 88
41 42
8 93
76 86
47 73
66 97
55 94
52 90
72 95
46 95
44 58
44 90
24 32
48 94
81 92
13 17
10 42
75 86
22 56
2 62
20 98
55 74
9 81
33 81
64 74
47 49
69 91
65 90
47 93
29 91
30 44
23 95
64 98
56 93
39 71
39 72
57 96
36 99
51 62
15 80
17 39
24 72
30 53
10 22
61 64
86 94
21 79
93 95
13 69
29 56
13 73
93 94
15 68
71 72
14 58
14 38
11 41
0 73
42 71
30 57
56 70
85 89
0 48
42 87
94 95
65 80
29 95
7 53
25 44
39 68
13 45
18 56
34 91
26 71
33 93
26 97
85 97
69 96
28 85
7 28
35 41
4 46
67 79
12 37
57 83
45 91
45 57
5 79
34 86
78 85
27 34
28 39
35 60
0 36
71 78
26 45
15 39
44 93
13 37
22 46
48 96
14 28
8 75
10 94
56 88
15 85
37 88
24 71
77 88
31 50
23 59
1 52
61 99
16 81
46 82
14 92
20 87
3 26
45 78
34 47
38 67
36 51
28 79
8 84
14 87
12 66
56 67
10 34
58 69
2 54
17 98
54 66
19 52
42 94
23 82
87 93
21 35
26 30
41 45
6 10
4 27
67 80
45 99
2 92
29 80
60 69
10 95
15 90
22 23
56 63
38 94
48 58
90 99
44 55
8 33
1 74
60 97
15 36
64 95
11 23
17 24
25 28
21 28
26 38
18 30
49 66
72 74
12 83
41 49
7 57
25 47
42 53
72 88
31 74
6 63
32 37
22 81
60 63
57 90
66 91
69 84
71 95
59 70
23 47
58 81
46 97
12 54
0 17
12 42
65 68
43 95
26 77
21 80
20 58
58 84
14 60
42 61
23 71
20 62
10 64
54 60
17 62
48 95
36 62
47 58
7 74
31 66
0 59
51 63
2 72
2 30
22 80
0 68
15 43
51 98
61 83
8 58
31 54
2 26
0 43
13 49
9 79
17 36
21 39
14 44
4 34
73 77
14 93
39 90
31 78
26 90
49 94
29 85
26 57
12 79
15 52
9 43
7 96
16 18
64 67
78 84
71 73
13 80
27 71
44 99
40 78
34 46
30 77
30 59
62 99
28 64
35 98
10 65
65 73
10 81
34 39
18 58
11 26
26 39
28 47
49 51
7 22
21 98
58 76
78 86
5 70
81 94
13 82
96 98
65 82
29 77
37 75
7 84
22 89
2 97
34 42
28 65
73 96
16 59
7 38
24 82
14 67
6 39
30 49
40 87
37 65
7 30
15 76
59 93
72 76
23 24
33 77
92 97
23 46
83 97
16 25
4 82
10 97
20 86
53 71
28 87
69 71
26 72
30 34
81 86
18 65
4 20
69 89
12 52
20 72
30 54
9 93
8 48
4 84
15 26
2 32
63 76
24 68
85 98
22 35
7 69
4 28
24 44
26 40
6 96
39 50
2 10
10 58
22 30
60 72
9 29
24 58
31 44
41 57
1 38
49 98
31 36
10 25
67 89
24 25
85 86
32 96
10 46
44 98
15 50
22 71
45 56
55 70
20 37
86 98
13 87
71 81
33 68
32 65
8 53
10 87
11 77
20 61
23 76
64 88
32 43
39 57
11 53
87 88
52 71
44 61
12 29
10 98
9 28
62 98
62 76
5 56
26 31
39 55
37 98
11 12
20 67
33 49
17 73
11 27
46 67
32 95
86 91
31 55
53 66
49 67
30 78
29 54
76 95
3 18
27 76
54 62
11 98
83 99
18 82
12 44
40 99
16 90
74 91
63 94
14 94
45 92
59 87
16 60
0 45
5 24
50 62
27 85
7 11
13 38
5 43
72 75
53 70
3 41
50 89
5 39
2 63
72 83
65 70
15 65
49 62
23 69
48 99
10 85
7 93
51 77
63 68
17 79
81 89
7 97
1 25
8 76
51 61
47 82
8 23
13 41
26 29
13 97
40 94
32 62
5 18
19 37
68 90
31 88
48 49
42 47
53 89
63 99
8 61
69 78
29 57
28 67
35 45
30 37
9 71
53 91
12 92
13 62
81 82
28 68
75 83
23 61
66 74
56 98
8 16
41 72
41 82
42 85
16 65
10 89
53 75
32 72
28 54
43 65
41 51
12 47
51 70
20 38
14 61
49 61
19 48
80 97
43 49
27 62
6 66
2 65
40 76
18 90
20 83
48 53
75 91
84 89
29 84
20 41
46 94
59 89
32 51
58 93
50 85
0 15
24 45
55 95
23 27
80 88
87 90
8 97
18 54
29 73
70 72
9 74
2 88
90 93
11 71
44 84
51 52
21 92
10 68
49 74
38 40
75 85
70 97
8 68
33 88
35 36
61 78
39 48
15 28
21 58
18 32
28 44
39 77
29 92
10 29
12 95
17 42
14 54
23 90
22 95
31 97
9 78
14 39
7 36
28 50
4 70
18 97
30 86
2 19
38 89
35 57
35 70
19 63
0 13
62 75
9 17
46 55
44 63
31 87
58 60
46 54
19 67
23 75
49 83
15 74
10 45
20 90
35 80
23 28
38 80
80 95
26 51
8 20
34 82
51 75
51 80
60 64
70 99
16 94
56 97
16 87
68 81
29 97
31 46
30 90
50 92
47 79
32 74
17 34
3 72
11 30
15 99
38 76
19 50
57 98
58 87
13 78
44 80
77 96
8 59
57 82
14 55
25 39
7 62
34 81
24 36
53 90
3 46
9 15
33 44
21 54
15 66
36 38
79 98
80 82
15 58
62 89
5 65
20 96
19 26
34 79
4 80
22 42
41 44
63 95
23 54
21 25
22 48
29 68
56 96
69 90
25 32
24 59
22 58
68 91
15 62
0 7
14 84
28 82
79 83
65 85
57 81
55 91
31 61
29 79
17 89
52 82
61 94
26 96
59 96
1 65
18 70
18 74
18 85
91 98
50 51
3 40
1 29
14 79
26 84
19 40
6 64
56 82
34 99
4 35
0 18
52 80
53 65
38 55
4 18
56 65
11 65
81 87
43 91
57 87
48 87
34 66
29 93
27 94
72 90
5 99
61 89
71 79
74 80
65 96
55 63
28 84
62 81
25 36
47 68
22 59
57 67
22 86
28 90
83 90
88 94
50 65
18 25
4 42
89 90
54 83
87 98
17 40
10 51
53 78
28 57
43 47
26 43
23 86
4 72
69 87
34 65
86 93
30 82
70 98
40 45
38 62
53 67
64 75
32 94
8 82
70 73
59 64
6 72
65 84
32 83
36 95
10 84
18 72
8 55
3 31
33 65
8 65
19 71
5 53
4 99
1 14
63 93
2 43
15 46
98 99
2 66
3 58
38 73
69 73
18 44
72 91
13 39
26 62
2 52
37 51
48 73
19 76
44 52
11 15
55 98
14 36
48 60
86 89
48 65
47 78
2 39
49 76
28 58
64 86
25 41
20 93
41 64
27 37
20 97
53 98
67 77
24 42
62 80
30 56
27 96
0 87
50 86
21 26
25 59
14 33
21 76
82 89
6 86
47 81
37 97
10 83
67 69
3 88
37 74
34 71
73 86
11 60
4 93
73 99
17 84
4 43
6 59
66 77
22 79
14 25
2 12
12 48
9 30
32 35
42 91
2 9
74 85
23 67
16 71
37 68
44 65
22 99
1 10
41 89
77 87
33 74
41 76
19 83
22 51
33 56
48 82
28 89
62 96
56 80
16 54
4 26
63 71
19 34
19 92
34 59
33 37
91 93
82 93
55 96
0 84
27 59
15 54
17 93
0 90
50 77
16 46
75 95
6 88
11 81
3 27
48 74
41 81
10 96
13 56
6 74
31 34
5 6
38 91
61 76
1 17
31 60
50 63
59 74
2 41
19 91
7 19
14 17
9 97
52 88
9 63
9 98
48 71
37 92
22 60
37 80
63 97
4 5
10 28
14 53
12 63
63 81
18 42
36 84
17 35
81 96
13 77
18 96
45 85
19 32
6 47
56 76
58 96
36 40
35 40
11 97
14 91
32 42
58 86
61 66
12 57
13 61
62 66
3 53
62 85
2 35
4 85
34 61
20 43
51 76
38 99
27 93
16 56
20 29
1 40
87 89
64 90
3 67
23 84
48 52
73 98
8 32
37 39
37 82
14 77
25 87
45 69
24 74
44 46
31 77
15 21
21 29
6 36
14 85
9 31
57 95
21 90
19 62
84 99
45 75
41 43
42 49
49 92
64 81
12 28
63 67
27 35
15 16
17 97
56 90
36 71
29 33
43 86
48 98
25 61
32 85
0 53
35 93
31 53
19 82
13 57
17 32
52 79
16 92
48 56
52 73
57 59
88 91
60 66
6 91
12 78
66 67
25 74
7 13
2 75
71 90
67 68
4 44
3 95
86 99
61 85
7 71
34 49
53 62
80 93
37 90
5 20
46 88
32 63
10 78
42 73
12 34
21 50
41 92
17 61
53 60
18 64
25 95
35 52
74 94
67 70
47 84
2 38
15 48
0 99
3 36
9 66
23 77
16 95
21 30
28 35
10 93
0 80
3 82
23 87
38 66
13 53
84 95
33 60
21 91
4 71
57 80
10 69
36 78
47 48
64 71
7 58
24 40
49 53
29 71
23 81
86 92
18 36
49 86
27 80
35 91
36 65
8 45
4 47
54 81
12 38
52 84
32 78
15 32
33 79
33 95
60 78
8 86
41 84
38 64
40 58
44 78
54 64
4 33
23 99
63 98
67 73
42 64
32 34
37 89
77 82
8 77
16 98
40 60
5 44
25 69
0 39
8 57
7 59
59 75
33 43
10 12
3 21
7 52
59 60
71 84
34 63
24 90
0 42
39 88
52 96
10 99
91 92
31 63
36 90
29 96
0 93
51 68
11 47
14 98
17 48
36 80
24 54
2 40
31 86
23 51
43 60
4 41
28 94
37 56
23 55
19 70
27 69
20 68
14 65
18 31
45 53
57 77
52 62
9 34
60 89
66 93
74 79
55 87
17 47
65 98
14 95
66 84
39 61
82 95
14 40
9 49
1 27
22 96
16 83
5 17
19 42
18 33
7 33
9 57
87 96
38 82
42 57
30 67
37 73
44 53
33 86
17 37
33 42
39 66
3 66
49 60
9 73
3 57
40 61
3 28
40 66
20 27
18 46
2 85
35 73
51 73
1 73
1 31
11 54
0 89
57 99
14 41
23 52
54 69
50 90
52 76
14 23
35 76
16 34
42 48
0 95
9 92
3 78
18 57
40 77
39 97
18 27
49 84
2 6
7 76
14 63
63 79
59 97
54 92
2 15
65 74
14 37
46 90
1 86
3 20
60 81
28 71
32 76
1 12
6 21
62 82
28 91
3 12
9 85
25 33
82 88
8 92
62 94
22 61
35 81
12 30
0 66
24 61
49 87
44 60
44 74
82 99
35 49
0 83
30 81
2 45
20 28
24 30
57 62
67 84
74 82
49 89
56 69
28 78
9 70
15 55
66 73
84 94
33 47
2 42
55 92
1 46
52 97
52 64
90 96
2 31
65 97
19 39
29 78
56 94
14 18
70 91
40 48
48 89
13 70
14 68
13 24
19 74
23 68
35 37
12 64
23 70
6 17
19 96
36 41
59 65
42 93
66 85
12 43
3 68
84 92
19 33
19 44
25 57
47 74
6 26
12 18
13 85
28 32
44 57
35 97
40 86
56 71
25 35
53 69
53 79
15 44
10 74
75 80
44 51
42 92
24 43
11 44
40 88
14 59
1 83
84 93
9 65
37 94
6 35
19 73
76 90
9 96
24 77
33 46
23 57
59 71
32 86
15 18
92 99
22 93
39 42
39 40
28 59
6 83
7 92
74 90
45 63
66 95
66 82
75 89
51 72
33 87
29 83
65 88
60 61
41 54
67 97
7 66
16 73
31 79
67 91
25 82
23 30
7 31
12 86
38 68
50 83
3 86
35 65
94 96
63 82
25 76
65 67
61 84
66 99
35 58
67 85
6 60
60 93
68 76
47 97
3 83
34 62
37 41
74 93
12 25
20 55
30 73
36 46
52 85
1 98
49 56
43 67
29 90
61 88
5 30
28 48
32 38
35 87
3 54
18 37
78 96
14 20
41 88
30 79
11 37
23 88
28 69
64 82
71 85
2 14
30 60
17 45
45 68
34 85
16 97
14 72
3 81
62 69
18 21
72 84
29 47
40 50
22 78
1 44
47 85
22 31
33 92
73 89
58 98
46 66
35 74
21 40
6 20
0 34
36 74
47 96
18 81
73 74
68 85
23 40
33 53
73 95
61 80
91 95
9 23
5 40
12 51
47 55
67 90
20 40
7 68
39 74
14 76
39 70
54 72
28 75
96 99
6 53
14 62
35 89
32 36
69 77
1 53
12 16
9 22
0 75
15 98
77 84
25 83
10 70
19 90
68 79
15 61
59 85
10 50
52 77
46 84
42 68
23 74
8 85
5 29
55 79
91 96
9 24
16 62
6 16
46 99
15 47
1 55
52 87
43 74
81 95
3 24
91 99
40 98
17 64
25 88
57 89
68 77
20 92
4 48
0 92
30 64
34 73
5 13
10 67
22 64
13 76
13 35
72 99
75 90
30 33
11 82
20 31
13 40
38 90
45 61
47 94
11 56
3 60
24 95
23 98
20 57
29 49
54 59
38 63
7 37
10 35
5 68
25 29
61 93
47 76
22 37
20 82
25 96
72 92
18 28
5 36
3 70
82 87
88 96
62 74
32 44
31 72
12 72
22 55
15 94
7 45
29 37
11 40
33 66
40 55
12 73
16 82
29 46
30 85
4 40
35 47
33 64
4 56
3 92
35 95
39 73
23 64
2 17
43 98
17 87
63 90
12 31
12 45
4 32
50 82
39 93
27 84
21 81
43 79
38 43
0 74
6 19
39 67
3 90
79 88
13 47
57 76
1 16
46 69
68 93
20 76
20 46
21 62
57 92
10 82
29 72
2 33
24 89
5 78
36 56
32 77
9 90
18 53
41 48
7 87
80 99
3 73
32 75
3 99
19 56
48 97
30 87
40 70
43 55
51 71
75 99
28 70
0 98
2 83
51 81
82 94
21 78
20 30
20 44
43 77
8 11
71 98
6 50
11 20
46 75
14 52
0 3
0 82
89 99
53 92
35 75
87 94
21 49
8 74
12 13
19 46
27 65
3 94
34 90
12 56
16 68
7 29
0 44
5 72
44 77
45 49
46 76
46 96
45 52
1 54
4 53
8 10
37 70
44 59
28 53
0 72
14 16
84 87
48 64
38 60
6 40
84 97
20 70
74 97
1 22
44 72
59 94
49 79
2 18
4 75
3 98
25 63
42 70
0 16
1 8
7 47
11 66
4 16
11 55
62 84
74 81
12 22
5 97
42 55
1 60
56 64
22 50
33 50
36 76
65 79
25 98
49 50
35 55
47 91
25 94
15 77
45 95
1 93
19 28
39 41
41 87
36 45
52 66
21 66
22 97
84 91
20 56
16 38
11 62
29 61
1 58
48 92
38 44
12 60
27 46
72 77
93 98
3 77
4 13
26 27
75 98
55 57
20 52
22 69
54 55
4 64
13 32
48 55
32 68
16 48
27 68
41 68
6 67
3 33
0 97
13 88
0 19
12 68
50 59
6 37
7 44
4 55
23 43
46 50
16 36
26 36
49 58
42 79
73 78
21 36
18 83
13 66
80 87
15 37
34 45
65 76
22 63
67 86
49 77
61 68
62 87
55 68
63 77
85 92
0 86
11 36
51 86
96 97
51 85
20 73
1 34
52 61
2 20
9 80
30 98
10 88
45 67
44 92
52 83
61 75
70 92
17 71
31 89
25 86
63 84
23 83
50 57
43 54
84 96
54 78
29 67
19 61
65 94
22 94
34 74
34 54
29 50
25 46
48 79
15 29
32 93
8 35
8 27
22 91
81 83
21 83
34 57
16 67
79 96
40 73
25 50
73 94
6 49
9 14
68 84
50 78
45 64
53 93
11 28
8 90
37 62
76 98
26 49
15 57
22 87
34 37
27 54
31 40
52 72
16 41
48 80
5 75
76 82
5 33
36 37
49 85
12 67
12 71
49 75
48 51
40 89
17 28
10 77
22 39
