0 1
0 2
0 3
1 4
4 5
5 6
5 7
1 8
5 9
4 10
9 11
7 12
9 13
7 14
4 15
12 16
1 17
16 18
14 19
1 20
18 21
9 22
1 23
17 24
7 25
8 26
23 27
19 28
16 29
12 30
27 31
15 32
7 33
16 34
8 35
6 36
5 37
37 38
19 39
15 40
0 41
28 42
23 43
0 44
25 45
3 46
18 47
46 48
12 49
3 50
12 51
39 52
29 53
53 54
27 55
21 56
32 57
33 58
10 59
36 60
10 61
18 62
0 63
18 64
47 65
33 66
3 67
9 68
2 69
29 70
17 71
37 72
55 73
18 74
18 75
39 76
21 77
0 78
72 79
67 80
67 81
48 82
18 83
68 84
3 85
73 86
30 87
26 88
2 89
66 90
16 91
24 92
79 93
31 94
75 95
48 96
86 97
58 98
31 99
95 100
80 101
58 102
2 103
2 104
13 105
81 106
26 107
80 108
9 109
50 110
14 111
7 112
98 113
1 114
97 115
72 116
18 117
38 118
105 119
46 120
101 121
118 122
68 123
7 124
63 125
108 126
115 127
73 128
86 129
72 130
92 131
71 132
34 133
62 134
74 135
105 136
76 137
37 138
74 139
23 140
36 141
87 142
82 143
76 144
100 145
63 146
120 147
72 148
78 149
131 150
111 151
68 152
135 153
106 154
80 155
8 156
79 157
61 158
132 159
54 160
126 161
9 162
161 163
7 164
99 165
104 166
55 167
151 168
55 169
104 170
148 171
26 172
90 173
132 174
1 175
22 176
11 177
39 178
99 179
14 180
0 181
30 182
89 183
31 184
127 185
138 186
72 187
117 188
123 189
5 190
120 191
184 192
30 193
144 194
63 195
56 196
50 197
139 198
24 199
74 98
164 175
55 65
61 173
21 60
22 185
127 173
183 188
31 79
105 154
19 148
48 165
49 125
66 196
32 82
7 13
88 186
76 87
14 147
84 102
135 141
58 109
56 134
43 75
72 123
42 88
45 74
69 123
38 144
22 199
131 197
34 99
34 86
133 152
106 110
25 156
76 159
21 166
42 185
32 64
114 128
140 145
30 125
21 99
102 149
149 167
34 75
14 26
20 195
56 122
42 120
80 134
50 179
14 187
101 171
64 199
54 167
101 114
32 163
46 166
175 179
6 99
106 192
144 190
4 166
68 102
29 38
157 173
129 177
35 176
51 174
101 165
124 169
70 88
93 140
186 199
154 176
91 113
62 86
26 91
13 148
35 69
74 115
113 171
51 105
135 188
4 179
63 143
66 171
82 164
74 77
55 131
107 171
24 188
93 151
63 70
50 127
125 194
20 97
142 157
31 132
39 170
36 50
129 195
65 102
22 131
23 176
59 76
98 108
72 188
72 181
44 198
67 140
96 171
100 161
64 83
121 196
37 95
13 36
21 100
113 149
90 187
19 193
83 192
41 185
92 102
3 7
9 186
31 102
56 80
133 141
82 176
34 83
31 39
40 182
18 78
56 111
91 166
24 77
49 145
35 140
66 169
102 198
23 188
81 178
9 67
54 141
82 122
27 100
23 42
136 191
86 175
45 140
78 106
38 116
98 127
79 172
21 120
85 113
90 112
71 134
144 170
30 37
73 102
24 57
41 174
8 63
138 151
9 105
32 120
63 74
117 196
83 139
116 161
89 113
24 140
133 195
1 34
50 81
43 181
104 141
123 143
64 133
126 152
17 70
104 179
5 180
0 114
28 48
156 172
3 73
95 179
92 138
103 148
31 127
36 168
119 181
193 198
47 123
41 160
0 166
41 143
34 127
58 100
73 149
149 166
21 130
20 160
108 186
107 125
148 164
22 46
18 180
53 102
90 117
104 177
93 133
123 183
26 164
136 177
14 108
27 111
26 50
163 169
5 106
23 127
99 198
49 108
3 84
156 190
84 179
108 194
85 148
32 115
106 111
69 75
6 168
144 175
37 124
40 138
37 166
20 75
164 168
13 56
101 128
137 140
53 151
19 190
3 153
119 141
113 192
16 158
165 191
43 188
23 110
96 190
105 176
99 100
15 66
23 181
14 73
66 149
187 195
102 161
75 161
32 116
112 145
7 43
0 162
62 99
31 181
103 167
60 196
124 153
111 118
63 121
24 152
117 156
52 196
9 138
108 195
99 145
19 22
94 179
37 188
11 16
23 199
21 81
60 79
68 140
101 175
5 17
78 198
90 194
94 104
144 163
19 191
32 80
95 142
163 180
8 183
8 79
74 198
49 54
24 150
23 39
137 138
138 168
25 176
85 143
127 183
3 97
56 165
10 188
119 171
15 65
32 133
73 159
104 163
148 195
59 153
136 193
43 131
90 191
27 128
96 199
169 174
90 105
93 165
13 61
8 159
52 54
47 97
40 107
112 147
71 90
116 153
42 48
66 137
178 188
112 154
11 135
57 107
143 194
30 80
26 167
109 149
72 160
39 137
26 82
6 182
61 105
94 187
17 109
3 168
88 141
58 134
94 189
60 149
128 133
64 183
152 184
121 195
40 140
30 32
64 111
15 194
107 116
1 186
54 135
21 22
73 81
76 109
8 198
43 139
102 189
51 175
79 150
172 199
37 89
66 159
81 167
147 178
41 69
122 154
83 148
17 119
71 165
77 182
32 78
48 97
69 79
7 38
36 199
34 98
21 196
81 136
16 25
18 128
12 38
24 183
101 184
117 197
75 177
89 125
144 189
23 185
149 191
90 165
9 37
98 198
39 140
142 195
19 23
171 179
120 196
74 106
57 139
108 138
58 198
168 182
48 71
134 187
12 104
21 86
117 158
36 95
140 147
33 52
156 183
41 170
117 123
22 129
160 196
56 99
121 150
38 80
76 197
95 184
78 140
22 98
135 197
115 135
57 136
28 67
115 155
65 198
26 95
8 68
167 184
179 190
194 196
39 162
16 121
29 149
147 195
67 83
53 133
105 147
31 71
125 140
70 156
56 174
34 97
6 14
97 192
93 173
3 191
26 63
65 142
20 180
126 162
20 192
26 46
60 158
70 95
7 181
32 47
120 197
52 161
62 96
51 91
37 64
3 20
70 71
45 175
73 108
107 182
136 172
35 168
157 180
180 199
134 194
169 192
17 48
116 177
73 78
53 135
52 198
42 45
36 80
83 159
16 61
132 140
50 63
119 163
46 151
24 113
3 158
72 183
26 117
110 160
82 167
44 194
23 58
114 171
37 76
19 163
102 136
13 156
53 180
65 157
31 172
10 102
61 118
42 142
74 192
71 128
38 171
107 196
67 132
157 167
59 114
79 176
80 129
23 161
35 199
86 160
118 193
24 95
4 37
67 147
99 148
98 199
17 143
93 132
1 30
115 140
20 157
70 170
86 109
45 55
46 61
176 191
31 116
37 82
124 138
85 150
72 99
56 137
145 193
158 183
20 126
100 127
138 193
51 92
69 136
36 47
130 132
1 156
77 161
83 86
94 101
64 185
108 174
75 165
171 175
58 119
89 112
56 141
158 182
77 142
180 188
147 190
0 196
94 180
66 120
29 30
77 157
106 186
60 83
58 161
31 47
132 141
55 188
136 141
79 82
64 96
77 110
150 151
95 111
16 26
21 87
59 102
59 80
9 51
138 156
19 104
68 160
100 132
26 64
67 173
120 143
109 164
148 168
13 109
31 159
17 199
74 154
61 108
22 186
45 155
28 72
32 53
62 112
125 168
48 51
51 104
71 191
26 66
123 187
110 170
32 45
42 180
63 196
21 59
85 98
160 192
3 24
62 103
27 186
21 181
128 182
17 68
113 199
105 191
10 118
116 119
71 166
130 183
101 170
63 69
120 148
91 180
124 147
177 186
21 33
129 194
21 27
110 174
6 119
138 148
39 152
52 98
51 87
74 91
117 195
46 149
21 136
18 19
8 132
156 185
70 198
130 147
12 162
29 46
78 138
75 103
96 98
113 143
24 114
13 193
1 68
116 159
59 152
80 154
13 150
21 178
167 177
144 180
133 165
185 193
2 5
10 186
145 152
77 160
3 60
163 194
44 50
34 168
48 161
89 96
102 164
76 108
30 186
86 172
2 159
25 178
13 194
88 185
64 193
147 186
29 175
62 73
73 187
48 125
69 85
69 197
23 90
59 154
2 50
147 192
103 116
24 118
85 165
60 95
26 123
5 27
23 31
24 145
17 85
89 189
29 139
86 152
96 147
27 113
29 87
44 188
7 117
57 148
45 148
78 175
67 184
11 169
104 171
117 148
32 105
31 138
58 84
4 29
8 30
68 168
102 199
71 159
39 95
9 190
62 87
13 181
89 139
63 92
27 40
47 86
59 94
97 182
3 196
55 109
6 8
3 44
82 135
40 155
52 188
101 132
73 157
14 165
28 148
58 189
91 133
15 23
2 94
56 130
68 184
10 175
33 95
45 89
68 128
78 123
9 76
58 148
43 195
16 193
0 66
132 197
20 179
33 191
89 166
173 190
25 72
190 193
69 102
85 126
73 146
17 79
103 153
109 184
24 106
73 156
50 189
155 180
120 155
17 174
0 52
62 65
24 33
6 114
139 160
80 111
76 169
95 164
0 139
10 16
26 189
70 97
39 64
0 176
97 118
47 191
121 163
53 122
23 102
68 142
15 63
43 96
103 168
134 184
38 100
90 131
14 196
126 197
7 114
55 115
79 95
45 48
33 69
88 171
78 194
88 164
87 149
126 179
14 45
9 160
19 91
17 179
74 196
47 141
101 185
7 92
88 102
23 117
40 188
48 140
2 24
0 70
20 76
1 5
6 112
114 198
44 67
47 164
51 184
107 162
19 162
59 74
148 162
33 158
29 131
149 184
61 195
22 134
21 115
85 138
105 131
0 171
22 153
15 170
2 183
37 81
29 58
161 171
87 140
62 121
34 178
125 141
49 83
85 133
104 178
29 130
99 171
19 102
130 162
56 149
180 184
20 155
65 152
34 199
41 110
162 164
16 111
41 96
81 126
105 193
17 101
6 40
124 193
91 191
67 142
93 166
111 160
109 137
13 168
76 184
101 195
42 123
148 198
108 121
79 171
76 93
67 172
71 104
72 82
57 156
126 145
77 139
59 101
72 135
19 121
60 187
4 16
16 99
98 148
18 56
104 164
40 136
32 106
4 38
108 114
1 155
21 190
31 38
1 137
81 137
22 113
48 146
162 173
24 122
68 176
69 162
114 123
14 182
113 173
50 105
30 173
73 126
26 175
156 181
2 43
83 133
137 195
75 102
51 180
101 154
35 169
69 90
12 92
63 150
3 190
22 31
92 110
49 128
36 152
91 168
89 185
14 140
4 163
119 194
126 164
5 193
133 163
4 60
68 167
16 46
2 62
12 94
25 198
22 67
96 107
66 138
152 163
41 44
47 130
7 107
25 151
15 150
21 126
48 99
130 197
16 112
41 169
99 133
129 154
118 124
73 184
28 180
17 66
34 132
87 117
6 15
19 132
54 166
18 91
142 161
4 28
52 133
143 182
16 73
86 156
30 111
115 183
8 27
43 110
18 139
10 145
107 145
159 177
17 94
112 139
12 131
41 183
50 169
134 171
78 137
27 195
52 96
30 48
20 93
22 179
55 116
37 161
77 121
36 179
56 61
43 145
87 157
46 102
8 153
93 175
20 94
34 185
3 25
98 178
45 133
16 139
14 119
144 164
20 81
34 55
19 20
30 162
7 79
49 100
10 85
80 146
32 173
47 197
73 185
111 146
28 146
83 186
0 131
71 98
11 118
55 82
123 194
14 41
2 118
3 37
6 160
0 16
40 41
19 118
96 135
35 46
66 84
22 68
33 48
125 198
10 176
80 185
31 166
66 103
142 160
63 79
44 110
0 153
79 97
8 76
32 146
163 176
23 113
122 143
11 158
115 182
144 173
0 197
72 102
120 156
65 81
39 73
37 117
6 37
21 141
77 85
156 169
40 153
69 153
88 137
2 140
81 134
21 179
50 166
170 177
85 119
51 160
13 143
149 173
133 145
65 166
19 144
36 118
85 183
6 174
32 77
51 194
89 174
97 116
74 88
134 156
125 126
50 175
71 175
67 167
50 168
50 119
125 162
26 163
20 164
65 124
23 177
40 156
128 164
0 71
0 173
0 138
4 89
142 198
1 149
23 57
68 185
98 183
63 91
1 119
78 145
156 188
62 70
14 115
92 161
20 136
64 191
74 182
32 109
57 128
128 172
125 199
36 48
101 127
74 102
100 123
57 113
44 199
48 185
8 41
102 176
32 161
9 49
101 137
62 184
36 62
86 126
52 135
3 69
161 164
102 172
33 179
19 192
107 154
53 187
72 137
144 183
183 193
40 165
22 80
93 125
170 194
15 87
140 149
50 82
2 98
8 10
147 166
104 192
53 140
85 135
30 91
40 58
90 120
51 144
155 159
36 148
26 126
139 152
0 55
84 124
118 175
82 116
50 117
60 157
17 97
25 141
87 95
49 140
34 177
184 197
145 180
89 155
13 127
39 105
129 187
21 31
130 140
128 139
67 149
6 155
39 163
78 161
47 62
67 160
30 134
81 197
130 176
67 145
8 100
141 186
99 135
83 109
78 193
184 190
30 60
10 95
169 196
16 146
105 188
95 156
183 198
88 149
125 165
54 91
13 169
19 93
139 190
81 123
14 130
15 84
8 72
4 65
134 185
106 135
121 160
122 134
100 160
31 155
63 142
24 164
25 108
158 163
38 57
36 164
2 30
33 57
73 127
172 188
101 158
86 123
5 146
58 71
76 139
75 185
127 193
5 11
75 151
51 128
157 183
66 76
66 146
96 102
128 167
44 69
25 199
2 151
3 130
23 136
80 168
42 118
23 109
28 104
45 79
49 78
44 120
44 123
125 170
28 93
2 3
69 182
47 93
44 166
9 154
63 75
30 33
64 85
15 21
39 187
21 182
12 79
17 86
2 170
14 156
148 156
122 136
100 137
130 154
80 181
76 157
46 141
117 121
1 198
49 113
27 53
110 137
153 168
119 178
126 172
82 147
0 172
43 166
159 193
30 192
3 111
54 109
14 142
153 155
103 125
135 145
20 105
109 134
115 181
46 172
71 138
4 93
92 175
0 33
14 69
27 76
102 108
128 192
109 144
65 99
42 55
63 76
48 59
14 116
138 179
5 185
80 193
1 3
17 114
35 70
38 111
27 181
32 102
34 112
132 185
139 180
45 109
0 158
5 133
107 177
65 168
41 57
33 181
38 93
55 190
86 192
159 163
126 143
83 190
25 57
56 161
9 83
55 181
7 192
64 128
6 61
118 187
112 148
50 146
74 104
85 131
101 168
56 108
28 101
69 117
23 70
123 162
42 72
41 90
75 143
155 162
138 155
146 182
9 139
97 127
146 194
23 104
115 191
116 117
44 135
26 151
144 168
48 100
78 85
43 49
10 116
78 188
31 198
90 141
1 41
161 189
36 187
106 165
40 167
30 39
131 151
32 123
92 193
34 41
3 182
52 163
28 172
23 59
53 103
28 127
16 120
88 175
29 150
66 87
167 196
63 131
4 41
42 87
43 140
62 85
101 129
43 130
136 179
121 198
68 93
86 188
92 108
31 48
34 143
66 144
24 111
65 145
72 184
108 164
8 147
73 163
59 180
67 199
51 65
38 140
56 73
34 90
118 180
128 174
22 123
20 162
87 167
24 26
27 167
60 114
19 89
43 192
57 76
35 159
178 183
75 77
53 66
15 27
27 138
6 89
60 100
16 143
38 86
53 165
140 155
122 126
29 108
49 51
27 153
13 123
133 183
134 148
65 121
89 93
4 39
53 60
8 52
42 122
11 175
17 184
18 186
36 103
124 196
14 31
75 127
0 89
158 166
176 197
131 188
57 64
150 167
26 159
119 170
58 195
141 148
103 105
67 68
30 86
147 177
112 169
84 98
5 74
73 120
129 178
19 36
47 109
168 184
69 109
87 92
49 131
78 179
31 105
158 167
125 181
97 170
26 76
56 118
155 192
75 142
182 189
62 145
11 195
10 39
111 194
38 101
0 97
121 182
60 145
11 147
46 59
83 155
75 199
6 32
46 113
80 152
71 133
62 192
10 179
114 195
53 95
77 145
66 178
87 94
186 191
89 92
83 150
158 195
59 164
113 131
141 165
74 122
103 180
154 187
30 88
42 179
38 45
91 125
26 47
98 115
28 61
52 118
35 128
89 164
46 67
55 145
0 99
129 137
24 197
104 165
45 80
117 183
9 168
107 142
100 117
45 87
8 115
71 91
8 185
94 131
55 93
57 197
25 179
105 175
36 85
36 101
0 13
28 145
81 129
5 148
33 84
67 157
89 190
18 73
16 50
104 169
2 115
135 179
84 197
2 82
104 195
85 177
28 94
31 185
21 142
22 120
68 166
12 127
28 105
4 21
26 44
164 183
130 150
33 168
127 164
133 182
70 131
112 188
47 73
30 138
48 108
2 162
3 55
12 117
57 106
14 168
123 144
88 172
60 103
112 156
5 23
34 147
113 150
19 45
28 141
62 76
131 193
127 145
30 46
58 89
90 168
9 180
65 112
60 92
3 105
103 174
73 172
18 185
21 187
35 139
9 121
84 186
24 42
17 61
38 162
61 159
118 171
121 186
79 189
104 181
142 143
26 84
28 163
7 168
16 127
85 191
3 16
29 138
23 50
2 19
81 132
7 122
75 155
13 188
63 185
94 108
2 117
74 147
100 101
150 166
176 190
94 183
44 163
150 197
187 199
14 151
100 151
141 177
76 131
92 140
137 144
74 142
25 157
81 175
171 193
157 158
65 159
33 197
128 153
30 78
49 146
4 152
30 153
69 106
125 180
50 191
5 51
18 87
23 32
47 145
12 118
76 130
52 186
46 191
49 98
138 184
146 164
60 136
146 177
24 171
50 71
84 85
59 191
7 20
13 51
53 178
58 196
5 164
113 138
53 110
29 81
56 145
42 51
27 47
60 82
87 144
0 14
100 144
0 43
76 99
182 190
76 172
96 119
82 181
49 94
37 125
84 171
69 189
99 132
30 131
0 7
16 152
17 192
40 72
31 183
45 96
25 167
46 188
27 139
130 177
47 69
188 189
73 196
19 108
24 49
37 40
11 43
19 187
28 174
122 138
10 42
0 77
3 92
88 142
162 180
11 144
2 67
123 161
31 34
60 96
141 151
4 103
90 91
123 142
8 199
17 171
88 193
151 197
90 150
116 150
18 71
122 159
91 101
46 164
34 148
50 137
63 124
68 74
23 195
95 116
6 81
101 199
108 130
132 192
20 41
85 155
102 126
102 121
7 186
86 154
55 162
28 196
85 167
10 168
21 93
3 101
41 94
105 122
70 118
175 192
84 93
32 154
81 195
152 178
17 153
36 105
119 187
112 192
83 84
19 94
136 145
12 164
31 176
174 198
30 165
29 98
138 169
39 94
40 142
36 197
105 199
47 194
28 78
113 195
9 126
62 193
14 164
6 188
101 108
136 143
33 147
17 167
100 174
0 67
89 162
13 138
157 184
113 183
99 158
52 128
24 162
65 107
191 198
16 48
93 155
65 136
98 110
73 106
67 100
0 193
87 178
108 144
29 179
14 77
3 71
50 101
131 177
168 178
72 87
149 155
78 141
63 149
128 157
5 99
5 155
22 173
154 193
0 73
21 89
120 163
163 179
190 191
34 113
40 128
3 126
148 158
29 128
93 195
5 38
90 110
7 31
8 29
26 86
1 106
17 157
156 179
30 56
6 84
55 135
54 85
105 143
70 177
33 161
41 144
103 104
127 172
68 164
88 128
15 177
48 182
14 172
31 157
144 185
46 97
12 143
120 149
105 126
49 194
18 125
71 135
118 185
3 188
182 193
94 166
0 182
66 83
90 128
60 89
69 118
186 197
109 198
82 144
170 187
108 165
43 82
2 167
65 186
30 75
39 120
104 130
67 188
78 184
49 144
3 48
142 193
48 184
11 121
13 19
167 187
145 174
15 139
0 49
23 150
2 47
47 116
104 140
39 141
128 129
3 98
50 89
44 157
16 157
0 54
54 107
57 170
125 177
58 146
43 94
2 22
53 114
40 145
81 180
2 75
31 85
21 29
43 103
15 154
17 57
62 72
78 167
24 123
61 165
14 127
63 104
181 194
13 155
16 140
9 85
106 163
94 100
118 157
125 138
92 146
18 151
18 22
113 178
74 137
42 106
11 65
1 98
102 173
21 135
129 142
40 81
29 75
90 125
62 123
41 177
74 157
12 146
14 75
88 195
109 180
64 112
127 138
79 85
81 152
105 132
51 171
6 170
56 107
87 122
95 198
44 193
76 120
137 181
32 199
27 63
111 117
38 182
11 186
49 195
20 127
103 199
23 96
74 85
6 12
28 112
15 136
35 147
39 164
106 169
75 191
55 198
191 199
115 170
105 106
23 145
73 153
45 190
43 156
31 86
38 134
154 186
103 157
174 188
45 131
85 87
85 121
73 150
26 191
176 178
148 190
23 73
35 178
65 138
24 72
129 186
180 181
86 88
27 120
5 62
30 36
28 106
166 195
149 165
87 169
39 75
137 180
147 171
40 192
51 113
87 89
14 28
56 185
60 73
27 81
105 116
3 96
11 116
166 199
46 125
32 37
24 189
105 164
0 150
37 98
74 78
32 149
151 166
77 170
34 53
63 197
97 184
36 116
45 54
92 182
133 140
169 193
57 135
2 188
142 149
82 133
22 52
15 75
40 74
179 180
172 189
128 176
76 195
76 168
138 194
95 105
130 163
109 124
24 91
87 104
157 159
162 196
67 111
55 100
19 131
60 199
13 129
9 191
74 194
2 174
39 157
79 153
80 180
82 100
0 21
119 137
37 119
98 193
79 115
45 105
103 158
27 79
34 176
126 137
51 190
91 149
26 105
99 136
35 116
80 167
65 181
178 199
92 181
112 137
32 172
23 103
16 82
43 73
104 190
87 115
86 144
55 78
146 193
8 164
85 169
19 119
114 130
115 134
36 175
151 153
160 178
89 178
93 188
117 140
9 64
70 93
13 118
74 188
15 175
119 129
117 151
6 157
14 48
14 186
14 17
1 159
99 142
13 25
7 104
75 179
24 55
31 108
62 169
39 63
32 76
72 166
107 176
38 181
114 192
88 110
110 167
30 65
3 125
2 40
12 90
112 151
14 42
39 57
75 149
143 195
39 173
42 113
162 174
112 162
99 103
190 194
37 158
75 88
31 165
77 153
85 170
23 38
24 70
4 188
101 115
41 120
115 121
45 119
14 178
15 52
71 161
128 160
91 160
100 173
76 183
12 25
28 95
8 74
106 196
24 156
46 105
163 167
60 85
105 172
34 100
24 29
35 166
13 71
39 56
16 74
149 190
0 117
148 153
130 135
2 17
45 122
0 11
47 178
25 122
106 148
35 180
86 131
48 199
67 108
28 122
39 43
184 193
7 60
27 95
59 186
37 123
52 103
82 196
60 190
188 191
2 171
107 126
140 153
140 186
74 172
5 83
123 185
116 137
26 106
156 171
61 91
68 97
36 109
52 119
5 153
27 190
89 180
67 105
8 16
34 135
88 143
44 130
50 58
153 159
155 167
106 167
43 86
117 135
1 130
133 181
132 152
61 186
58 69
30 92
168 196
143 198
50 125
119 149
72 136
1 33
107 195
86 171
104 127
117 143
91 193
69 138
1 36
144 192
13 111
136 158
39 132
3 38
151 167
145 186
52 147
32 135
43 113
72 144
107 178
3 118
5 52
12 59
39 85
1 111
43 61
88 152
118 178
5 144
117 187
45 75
128 188
69 120
131 175
22 148
89 191
53 131
75 124
143 170
185 197
12 124
114 131
180 196
61 83
61 101
175 181
136 175
122 137
115 137
76 115
5 183
95 120
147 163
27 161
124 141
144 174
67 94
159 197
46 174
149 156
97 152
75 169
21 165
17 77
34 102
109 111
36 198
0 5
74 84
37 159
78 114
8 191
35 81
47 186
66 79
63 67
8 197
11 76
113 145
4 90
95 117
15 103
88 199
0 92
69 87
11 102
4 124
66 187
18 147
17 53
13 124
63 135
32 183
100 111
5 113
120 145
77 119
68 141
3 154
192 196
29 174
31 91
118 184
17 40
93 189
96 154
43 54
1 90
63 82
34 44
57 66
7 115
26 71
21 172
0 195
147 175
53 57
30 142
47 179
105 115
130 156
49 115
19 112
30 63
180 189
44 149
92 143
157 191
99 196
0 74
39 126
10 71
103 144
34 84
58 62
43 63
57 137
30 34
103 188
115 193
7 82
63 95
28 153
43 134
6 75
139 189
21 75
19 24
28 194
18 49
62 88
59 86
61 100
2 63
127 143
41 132
72 168
10 87
110 166
0 37
66 74
89 128
158 164
73 199
83 85
58 178
6 175
61 146
146 167
41 140
106 140
7 121
11 124
9 183
121 176
29 101
104 119
60 140
102 113
170 173
102 187
61 190
22 65
96 139
90 198
60 90
131 185
22 122
146 166
28 123
20 59
43 118
22 72
87 134
106 137
101 133
26 34
89 170
82 192
37 67
37 54
20 52
141 171
87 116
1 84
72 134
86 137
0 32
35 164
120 175
30 174
18 143
13 176
70 79
7 157
54 67
5 157
41 62
164 174
11 176
0 107
132 162
63 89
43 119
44 159
106 145
46 139
75 192
61 193
117 146
73 182
110 129
45 198
39 177
87 174
41 68
175 193
48 158
50 192
12 186
178 182
148 154
22 143
21 155
24 144
137 188
51 154
146 170
17 88
43 159
28 71
105 144
31 59
18 90
64 90
146 197
85 198
165 199
99 107
31 124
77 91
3 184
33 196
179 185
101 169
99 114
8 71
80 166
55 88
43 151
39 47
126 146
91 183
15 131
1 59
11 99
154 185
26 62
2 29
101 190
3 152
120 179
46 180
70 158
40 125
35 158
62 138
36 190
173 177
1 38
148 175
25 71
65 183
57 142
100 103
127 163
60 72
115 167
16 106
88 96
106 162
64 118
53 141
98 157
50 182
35 79
18 40
64 89
19 134
17 67
100 153
16 130
28 79
93 164
39 166
55 98
14 121
41 76
10 58
79 147
61 140
8 140
5 141
196 197
6 18
9 93
1 181
9 102
18 53
32 112
8 189
161 179
57 179
106 125
116 160
130 181
18 134
90 107
37 130
62 176
91 111
58 172
3 139
3 66
1 115
87 130
37 88
71 187
11 24
7 162
12 41
143 158
123 153
21 148
20 165
45 196
66 99
101 180
118 131
7 65
6 27
143 146
13 171
6 180
59 64
62 114
41 125
24 193
75 180
77 162
160 175
32 97
85 90
59 194
141 189
28 125
158 171
15 155
44 143
119 190
6 184
31 43
95 199
155 183
77 144
12 191
121 172
148 187
98 109
67 84
159 171
80 110
62 80
68 100
167 178
114 124
120 193
126 188
4 106
22 151
42 133
89 146
111 196
7 147
40 168
40 92
47 129
59 95
14 53
16 85
95 192
24 146
83 137
98 176
7 76
60 150
1 82
8 98
37 71
84 164
38 195
7 111
44 49
120 160
19 161
164 180
30 199
11 109
76 174
19 69
72 122
111 198
138 191
45 158
86 179
30 64
83 91
106 116
112 125
99 153
2 128
110 117
43 112
26 181
59 107
136 180
4 148
84 154
131 135
37 144
84 192
15 171
47 150
20 151
144 199
65 105
179 187
107 136
79 105
8 90
64 174
33 154
38 147
140 157
51 163
159 165
4 18
157 171
32 186
52 115
67 198
2 64
80 148
33 145
175 195
121 131
96 191
5 140
54 99
14 159
30 184
108 176
119 138
4 185
38 55
27 59
93 145
9 75
25 113
58 154
74 144
107 129
127 153
41 161
69 129
6 135
18 191
88 101
140 178
14 141
93 97
17 156
60 180
64 79
102 117
27 77
115 187
96 148
18 141
56 178
68 133
73 103
4 98
37 153
9 38
56 147
55 90
7 78
139 143
131 155
151 185
71 190
103 119
4 139
184 185
29 100
109 113
125 178
6 24
79 193
1 96
128 170
93 138
33 113
174 179
97 104
9 88
15 55
47 84
82 194
71 97
70 113
43 90
64 132
122 193
122 183
92 148
80 164
28 167
82 136
45 63
140 185
76 162
104 107
37 185
9 135
96 138
123 151
80 143
1 132
81 104
73 96
11 73
59 60
34 191
3 100
73 112
49 139
31 83
167 168
61 102
132 146
136 147
8 44
118 130
76 148
156 182
70 123
141 167
144 145
25 152
10 132
26 121
16 192
65 147
126 154
52 156
129 131
98 186
171 194
32 145
47 112
15 99
65 197
55 74
83 182
92 116
113 180
70 82
28 199
149 196
69 88
34 79
45 73
75 97
101 156
92 173
57 111
95 128
36 167
6 55
7 62
109 179
111 130
66 73
146 155
182 192
81 133
139 174
113 122
100 171
11 50
117 127
52 191
63 184
104 125
86 196
48 117
69 154
8 84
23 116
38 54
8 118
10 125
56 72
11 61
6 163
2 53
68 159
94 107
74 191
27 46
112 119
50 160
26 72
97 135
9 58
28 50
39 65
44 45
140 142
35 84
117 180
10 93
34 64
22 132
133 146
70 163
155 199
18 132
77 82
54 58
65 85
82 138
135 140
30 197
153 164
114 145
76 94
53 161
55 86
51 97
141 143
154 165
45 116
121 137
130 179
3 161
10 117
60 97
80 196
49 176
6 130
45 60
168 173
54 163
67 146
33 162
18 93
51 119
45 139
62 168
13 196
76 158
65 190
58 87
64 167
15 148
142 156
32 157
3 30
13 32
36 117
188 196
82 174
45 143
7 195
178 187
50 97
121 161
33 132
4 105
20 186
147 151
107 160
70 153
1 180
13 69
143 189
50 130
70 199
51 63
53 152
160 199
18 126
34 51
59 187
3 22
79 94
2 154
122 132
11 197
39 103
21 53
51 189
135 151
22 86
71 176
103 185
33 198
108 178
157 177
74 181
22 36
105 168
52 174
8 136
176 192
85 158
68 105
109 129
3 151
15 199
89 136
168 172
170 193
111 170
4 119
32 34
107 144
2 36
136 164
40 108
94 112
11 133
0 184
122 198
21 111
12 73
3 141
30 89
57 83
26 113
35 109
52 64
40 169
164 199
43 175
36 172
110 146
104 168
33 194
47 50
65 75
97 190
7 21
113 194
151 181
45 161
119 146
11 79
44 85
101 124
16 83
83 183
34 105
64 82
10 173
40 123
52 155
144 176
10 27
31 67
42 102
31 114
64 150
1 190
9 176
33 62
56 160
67 193
33 83
108 128
56 136
25 174
13 144
109 190
32 114
86 105
17 185
105 117
97 187
20 64
118 142
65 139
12 37
97 163
37 182
134 177
36 183
50 183
104 113
55 172
15 28
14 101
47 117
39 142
85 196
157 190
156 196
68 103
25 38
108 188
35 82
95 168
49 160
15 123
84 140
21 183
24 151
74 136
168 199
64 127
42 90
104 147
38 155
65 173
41 82
23 137
177 182
117 153
147 148
27 129
6 82
154 171
100 116
21 173
89 98
9 169
13 47
71 193
5 47
1 94
119 186
5 160
40 170
103 147
117 167
35 72
37 115
16 163
55 89
85 178
2 91
57 117
0 189
43 89
180 185
160 163
9 198
107 174
42 157
143 178
70 134
33 170
18 188
85 109
11 162
46 76
52 185
61 183
77 165
159 185
110 154
21 145
13 17
110 124
3 195
30 177
13 38
18 173
167 180
106 194
9 94
13 21
65 76
110 141
94 96
82 162
102 138
20 177
16 148
91 121
99 150
87 159
114 158
0 127
68 108
72 158
41 127
103 154
84 129
48 159
74 173
15 20
109 118
34 122
51 178
130 174
64 159
81 91
50 74
1 24
117 118
31 191
78 185
182 197
12 182
39 147
125 157
10 44
35 185
3 137
118 145
37 184
49 161
9 19
168 194
11 173
4 46
9 123
112 120
129 183
20 95
87 110
153 187
143 169
52 143
73 116
1 110
38 67
25 135
87 170
6 33
137 185
5 168
36 54
89 193
160 173
98 149
111 162
10 129
76 163
94 160
106 138
55 67
76 194
11 154
41 43
121 167
117 152
137 159
98 154
80 136
0 86
44 57
56 96
3 112
154 170
91 189
147 165
141 149
66 108
50 185
44 185
39 102
67 178
132 179
91 165
144 196
99 191
158 170
33 35
135 158
50 114
21 143
33 41
54 180
1 158
39 84
89 159
123 140
12 43
135 184
122 165
86 143
52 116
11 82
8 54
52 92
28 87
14 15
68 89
135 174
80 121
42 84
32 134
133 189
95 153
19 170
127 130
115 116
79 190
63 134
50 52
160 167
23 67
152 162
46 114
6 166
0 152
143 155
15 109
92 167
100 180
61 87
93 124
50 80
19 123
31 141
1 100
108 115
101 155
131 179
120 158
50 155
30 43
33 50
123 134
91 100
19 95
23 187
39 98
111 143
70 101
12 166
1 167
65 161
70 145
137 179
32 121
23 87
9 110
62 131
57 184
82 179
117 164
141 187
35 135
27 125
103 132
46 185
29 57
36 191
55 183
93 128
22 150
39 155
38 136
4 53
48 52
85 91
65 98
80 102
3 183
54 80
155 177
16 33
24 120
73 129
57 149
91 173
111 155
90 118
59 73
92 179
6 113
148 197
44 155
159 176
6 165
0 174
143 183
102 130
30 145
30 127
131 134
33 37
60 192
6 172
19 113
167 192
72 75
50 187
64 125
12 114
177 198
156 198
14 136
48 89
88 107
142 181
87 128
88 115
87 120
74 153
40 52
87 126
4 169
53 109
10 135
35 148
13 28
105 137
65 196
67 121
21 188
137 176
52 162
77 193
11 107
37 75
26 61
82 199
115 186
126 150
109 115
4 6
8 170
19 33
7 10
44 92
114 150
70 143
161 182
28 117
129 130
181 186
13 116
31 140
95 137
61 172
126 160
40 131
45 191
50 144
156 175
124 145
80 158
47 52
55 87
89 192
62 113
12 194
146 171
51 116
2 144
12 87
72 91
110 180
38 76
52 66
124 140
23 154
187 193
16 119
106 124
166 190
100 106
26 103
143 144
6 26
114 162
58 181
46 140
7 160
43 179
34 153
28 128
21 161
53 160
95 186
14 154
5 69
182 186
78 89
152 167
42 60
2 46
50 134
39 109
0 59
112 157
1 148
82 182
16 94
33 127
186 189
156 176
53 70
52 101
91 127
184 194
120 185
38 126
29 168
78 97
114 160
26 104
124 148
39 66
119 126
84 163
20 139
79 88
54 76
53 147
131 153
72 81
19 68
134 191
97 157
36 107
67 95
46 109
40 112
55 138
25 168
79 130
85 162
59 196
55 199
1 71
150 183
136 163
36 180
150 176
14 120
31 104
55 64
94 167
54 84
5 36
35 110
32 66
62 190
111 140
26 165
51 95
11 114
111 195
18 101
16 131
57 151
18 77
32 84
67 179
162 182
31 92
104 161
174 190
86 178
152 182
39 108
14 110
152 166
96 127
164 182
116 127
4 17
83 152
105 184
144 181
0 187
9 96
24 127
38 103
109 165
125 146
92 169
57 159
79 164
43 80
70 72
107 151
29 121
14 155
42 130
78 112
104 111
68 162
142 185
0 98
42 115
113 132
154 197
3 34
44 89
11 29
114 138
12 190
37 107
79 159
2 129
33 38
106 166
18 58
131 148
113 198
115 163
53 72
34 144
12 149
47 60
97 167
79 165
4 77
12 42
10 26
9 161
128 190
46 83
54 134
11 122
133 170
136 173
19 145
76 89
99 194
118 154
46 171
19 184
100 172
7 102
151 161
68 83
16 56
44 52
79 162
29 117
18 24
14 25
17 142
138 145
33 116
55 99
35 88
29 190
25 124
197 199
45 194
20 62
118 192
78 130
30 166
48 86
11 160
19 65
36 94
28 197
114 117
22 112
21 51
40 180
98 147
88 170
53 126
139 188
0 128
57 104
4 92
100 196
5 188
24 100
54 186
126 142
21 154
121 136
81 177
68 157
40 176
156 178
54 176
64 163
23 49
101 119
7 30
27 184
70 136
140 173
9 119
173 189
90 197
60 189
46 144
20 27
25 138
45 169
8 37
51 102
154 183
108 124
11 34
78 98
100 197
4 84
80 187
90 139
103 166
19 175
94 193
9 95
21 76
116 182
84 196
107 131
24 134
63 181
1 165
23 184
97 164
52 122
68 194
146 161
17 27
133 169
154 196
0 132
11 166
60 147
45 99
72 177
124 184
2 184
36 181
28 81
19 46
91 123
84 187
5 118
165 190
15 145
24 64
75 197
104 108
72 138
34 130
24 166
112 193
51 123
80 98
1 124
22 83
16 39
51 132
109 142
105 179
41 147
9 72
74 110
51 149
97 169
129 155
109 122
53 118
72 118
168 188
22 91
108 150
41 65
59 97
95 187
48 154
67 189
0 75
44 91
83 163
173 182
116 120
145 177
118 150
168 179
56 121
139 161
51 52
79 154
46 85
127 155
8 174
63 101
51 182
12 17
147 168
82 171
8 131
134 142
38 160
43 184
38 83
73 119
10 57
80 115
20 181
76 110
61 137
51 88
101 196
35 126
34 57
32 197
51 112
54 129
21 102
8 107
135 156
99 111
16 170
36 130
37 183
106 130
36 92
102 163
10 124
161 187
49 96
20 86
23 166
86 98
52 99
139 142
112 176
161 162
81 188
4 193
2 34
161 194
68 156
52 87
41 103
107 168
161 172
105 178
1 29
71 75
83 95
24 32
114 191
38 151
36 53
102 168
32 110
18 193
84 149
5 88
169 183
10 114
30 143
100 112
24 51
49 104
28 91
24 168
14 22
69 126
37 80
147 191
81 140
34 116
80 114
26 193
81 135
106 118
98 133
37 73
13 85
47 105
119 160
73 122
101 157
9 54
148 180
97 173
11 159
39 190
24 149
17 139
69 193
123 141
71 96
100 162
53 153
129 192
4 72
139 178
53 170
41 146
146 191
42 112
118 183
14 124
73 160
8 58
142 168
41 95
85 197
14 76
24 41
68 75
30 195
34 125
141 170
124 136
26 180
104 121
12 134
66 109
16 30
109 140
59 93
195 199
47 195
109 121
73 177
93 183
55 94
17 148
51 53
6 92
30 97
81 84
2 56
163 168
1 196
21 108
57 189
77 166
139 167
134 151
86 134
16 171
54 146
122 181
106 179
174 182
95 98
40 185
90 144
162 198
74 195
64 195
74 166
52 60
6 11
136 137
48 136
14 59
185 199
38 177
68 85
38 71
90 167
75 132
6 141
164 193
174 185
5 174
8 69
70 137
81 191
127 178
98 107
67 101
66 157
54 184
65 126
115 172
37 191
121 149
169 181
38 133
33 195
58 133
65 137
131 173
23 77
95 193
82 117
7 189
97 161
62 102
6 21
19 129
34 60
83 145
162 195
29 198
55 153
66 105
36 99
78 162
33 87
92 164
63 186
135 193
62 155
56 189
120 150
15 35
23 53
79 101
37 157
74 145
35 121
25 189
46 82
111 131
86 158
51 135
6 192
132 154
9 175
36 177
49 79
83 185
61 73
87 147
39 133
2 141
57 198
15 102
14 184
102 178
144 186
103 107
133 156
105 189
68 154
113 130
15 76
40 77
74 199
63 176
160 165
149 164
33 160
9 10
0 81
44 86
18 102
20 174
56 117
5 123
82 139
13 112
72 125
62 127
127 159
39 189
50 165
36 149
92 156
7 129
44 106
115 139
84 135
133 144
65 167
10 149
20 190
10 166
104 146
88 197
94 178
44 107
84 193
45 134
43 123
61 132
26 125
12 172
105 170
138 142
65 191
153 172
90 116
106 122
46 87
29 47
109 170
68 115
105 128
21 151
169 173
63 126
86 93
95 144
76 155
60 167
77 171
48 64
164 191
21 65
9 137
127 199
183 196
34 184
99 134
105 129
42 187
92 93
27 192
51 107
28 136
6 49
3 143
10 174
58 88
58 106
50 59
16 76
5 131
72 146
163 166
23 153
5 129
47 102
64 188
112 142
120 157
48 177
97 100
37 106
16 97
11 193
137 190
93 95
25 192
4 145
20 118
51 137
66 145
65 176
22 28
25 121
110 136
18 168
149 181
130 198
133 180
57 193
22 55
51 114
50 87
11 21
146 199
44 189
30 84
68 143
11 20
159 198
104 150
26 142
6 191
90 121
171 182
9 81
6 102
45 46
127 177
20 115
136 144
65 118
29 177
12 102
162 184
111 139
64 121
102 135
36 106
64 124
116 143
53 119
0 165
95 195
36 162
4 194
76 191
54 56
82 130
117 134
18 39
17 141
49 111
168 175
33 92
7 183
49 133
71 102
83 121
22 54
151 157
13 126
41 191
135 171
2 155
25 114
132 161
26 144
37 156
30 77
107 187
70 133
55 119
41 195
45 112
98 191
20 74
101 112
113 191
5 199
32 79
29 140
138 195
168 171
28 85
8 92
8 129
38 51
66 128
80 179
104 118
3 68
53 99
78 176
8 102
18 29
94 171
127 198
53 130
81 149
13 172
57 112
0 141
161 167
19 182
38 196
30 116
10 140
109 139
88 113
49 119
19 125
166 184
86 185
78 180
62 79
47 67
70 168
35 188
36 55
49 187
148 177
120 122
7 105
84 120
128 134
58 90
147 152
76 150
114 154
17 122
151 152
65 158
85 182
24 65
83 174
76 145
117 185
89 147
7 171
81 125
107 137
62 126
142 165
68 193
11 125
26 149
131 154
137 150
162 163
27 127
15 160
95 196
4 11
7 184
5 93
66 100
91 192
145 173
78 102
8 142
10 15
58 94
20 71
54 124
163 175
19 115
21 139
111 158
2 157
82 112
1 86
61 103
155 190
166 196
97 150
172 176
42 126
18 97
75 196
77 118
137 175
59 87
27 99
2 105
46 157
66 92
39 197
54 133
26 35
138 187
14 114
159 170
129 166
163 193
136 160
96 195
76 114
181 182
14 68
57 158
153 173
95 160
14 103
68 73
26 45
144 162
92 168
117 165
130 148
148 188
96 150
18 182
0 76
167 183
7 145
167 188
34 70
34 152
73 165
1 177
12 180
12 156
1 81
183 186
13 40
10 104
165 197
49 134
42 131
156 184
14 55
37 149
81 138
46 78
15 115
43 149
107 123
14 183
12 138
96 178
18 179
141 146
102 127
6 131
78 155
6 76
34 136
101 167
24 157
24 69
25 99
7 52
89 132
17 152
77 159
124 162
25 86
88 131
75 160
13 165
79 92
56 103
58 59
63 164
44 186
56 60
39 93
24 176
43 136
128 166
118 189
106 164
112 196
80 198
63 193
83 144
96 161
46 137
180 192
134 163
11 188
117 122
71 182
16 32
60 171
118 197
3 33
85 174
7 185
38 191
34 180
69 190
96 122
73 83
19 139
12 98
62 108
24 83
68 161
48 163
27 41
89 168
2 195
86 107
25 78
51 62
33 121
1 163
145 176
28 33
16 38
11 96
28 190
6 56
56 182
127 192
89 194
155 182
132 155
38 62
55 57
17 155
144 146
61 122
131 187
91 178
17 161
62 198
59 84
39 122
145 192
100 177
58 186
42 99
57 85
47 169
57 126
53 125
107 133
26 57
56 168
26 93
124 151
150 152
59 129
100 148
7 98
52 199
17 128
9 23
83 149
34 65
56 102
126 192
153 193
113 116
115 185
53 86
178 193
54 115
37 151
111 176
103 111
88 130
104 156
93 172
118 152
88 153
23 112
13 70
146 176
91 190
24 184
125 191
72 96
8 177
44 177
62 166
96 100
2 177
14 162
27 75
116 191
11 77
120 169
70 141
111 179
63 103
125 147
101 161
118 149
80 191
12 174
60 184
60 139
61 124
78 144
49 122
105 183
110 193
50 91
74 89
153 180
150 186
31 137
14 118
5 92
172 173
80 156
35 39
107 189
23 149
13 29
94 136
35 65
6 105
35 131
6 158
59 161
106 141
12 113
148 165
31 188
0 103
0 119
86 142
90 137
148 189
57 75
99 106
114 136
30 136
36 89
46 199
80 192
76 102
21 140
16 190
70 139
100 198
23 45
23 41
90 146
126 138
52 169
31 153
67 103
21 123
116 138
78 127
43 98
16 147
159 192
40 63
179 196
14 160
20 65
8 60
61 125
130 180
129 179
77 80
47 99
140 198
57 67
56 198
9 65
179 199
30 172
139 155
21 156
122 163
18 181
42 164
35 68
6 139
29 120
2 66
45 154
126 193
85 111
1 43
150 185
118 153
14 109
17 83
92 107
168 191
52 167
150 180
11 151
16 154
31 50
122 157
48 169
0 186
7 95
10 120
179 181
89 111
89 187
15 73
114 184
18 192
7 174
2 194
65 155
53 193
36 64
143 151
40 97
4 109
46 184
114 197
135 192
29 111
1 157
136 154
10 53
62 136
62 66
55 106
152 186
61 139
38 168
163 186
11 44
123 174
3 148
154 158
93 103
82 156
85 193
81 172
4 172
103 131
107 163
102 118
133 188
112 175
126 195
10 192
134 161
68 173
78 103
89 108
59 116
40 73
57 190
13 52
82 151
29 196
94 147
32 111
33 189
109 132
74 171
77 196
32 184
63 159
56 127
63 133
86 159
113 181
140 148
132 176
147 184
40 181
17 78
8 91
88 129
122 128
47 126
17 35
47 165
23 148
14 39
19 126
90 162
8 148
69 94
83 92
132 145
80 162
48 75
95 189
138 159
22 194
18 198
12 183
99 127
173 193
100 194
56 153
12 96
22 189
32 39
4 161
86 174
175 184
68 126
133 134
53 84
0 60
113 129
18 145
46 163
54 183
89 163
52 131
48 198
69 137
97 129
8 95
38 122
70 155
98 179
31 120
41 97
46 115
56 172
60 146
50 163
84 101
134 197
14 87
113 126
138 164
7 46
108 170
11 119
91 177
40 90
86 197
48 91
96 123
140 182
39 159
15 176
1 77
91 142
41 180
31 145
65 68
58 142
53 143
134 175
133 196
9 79
19 31
66 106
174 189
3 41
34 91
65 88
44 58
4 159
12 161
48 166
63 168
110 140
16 20
68 130
89 197
128 135
10 152
29 193
32 139
88 94
73 141
92 189
85 130
76 152
48 149
77 185
139 176
66 162
55 130
104 148
73 95
71 177
15 57
113 157
100 141
52 134
57 175
128 198
17 180
112 158
38 46
104 149
75 126
63 161
3 47
72 119
150 157
31 122
177 193
11 153
96 103
78 187
8 165
53 149
31 61
29 161
28 164
47 72
156 157
157 195
9 21
99 185
95 152
52 78
63 172
121 126
111 184
144 154
1 45
28 121
66 115
96 192
45 173
56 91
101 173
53 137
10 82
89 184
84 92
41 89
72 173
2 106
79 91
79 102
62 105
20 73
28 193
12 85
30 130
102 183
79 136
45 135
41 151
4 127
119 179
9 100
73 101
14 174
31 154
90 114
71 119
18 38
9 174
70 193
118 156
81 186
63 179
39 188
13 136
49 64
30 69
16 151
14 60
84 162
39 44
177 195
22 161
0 47
69 142
146 195
18 25
57 182
61 136
33 153
67 137
192 199
95 188
65 160
25 101
172 190
85 156
23 134
85 114
109 169
62 111
65 184
148 194
153 199
8 85
141 160
117 191
60 159
70 104
97 159
40 184
141 197
116 157
43 177
6 181
31 121
177 185
130 134
47 142
50 190
62 163
13 18
11 97
21 44
96 183
87 172
53 55
168 197
131 166
158 184
111 161
10 133
19 50
29 95
29 68
49 167
20 68
35 149
39 121
10 184
118 120
31 156
43 199
17 52
97 128
58 182
27 62
51 68
61 113
157 196
70 135
42 119
174 195
15 132
30 62
74 185
85 144
23 24
11 194
147 197
146 150
5 175
39 89
10 162
13 15
65 169
49 90
8 133
54 191
11 71
120 126
23 133
12 150
48 172
17 21
2 14
131 178
17 131
10 41
84 165
80 107
110 184
73 198
40 146
96 186
46 177
93 111
49 92
79 180
131 168
22 87
95 109
61 77
41 175
13 175
22 159
66 164
77 102
1 101
115 119
59 166
100 135
129 145
80 124
109 138
56 151
29 59
7 193
98 160
130 146
102 160
85 139
86 155
39 148
71 194
8 167
125 150
166 171
28 80
13 86
45 199
38 117
65 120
48 105
83 196
108 113
103 183
85 112
76 143
109 155
100 179
194 195
113 135
3 174
86 100
143 175
77 78
75 187
75 121
14 122
77 179
96 158
2 25
0 157
78 139
59 119
25 70
36 70
152 193
166 188
95 177
87 184
30 171
94 184
43 47
91 169
42 44
32 55
96 167
93 98
81 156
44 191
100 193
65 187
146 169
56 152
92 109
42 190
14 46
60 132
34 78
21 50
2 113
49 89
4 25
78 115
8 166
11 170
70 171
122 146
183 194
7 175
57 87
4 75
0 101
39 100
115 190
65 148
78 96
68 131
101 187
40 189
49 116
0 144
23 173
15 190
3 72
5 117
21 169
6 177
34 126
18 199
11 91
39 172
33 156
11 123
9 193
1 184
72 140
8 80
44 168
139 184
12 128
23 63
101 141
137 167
77 129
182 188
82 189
166 191
82 88
37 192
42 57
53 183
36 184
86 138
39 156
64 136
96 149
26 100
5 127
70 159
12 82
97 108
97 138
35 150
94 117
19 57
29 63
43 78
37 163
116 179
153 166
80 165
145 153
74 170
19 49
104 153
49 66
35 175
59 127
130 131
170 191
167 181
137 198
55 63
136 189
111 191
7 150
27 199
89 95
34 111
37 141
150 182
75 168
64 189
65 104
15 24
132 143
90 109
25 51
44 160
132 191
44 100
27 57
13 106
52 70
135 150
116 193
113 188
53 75
37 193
7 133
51 196
82 168
8 94
4 56
3 156
29 34
16 63
12 58
15 59
44 197
164 177
32 71
61 131
100 146
123 168
126 151
81 83
127 168
57 194
54 95
33 44
145 163
46 75
108 183
47 172
63 100
78 132
11 113
44 53
38 60
29 64
42 138
57 72
113 152
41 172
111 150
7 89
118 151
21 34
41 107
0 34
45 167
31 186
78 128
13 41
7 50
23 155
83 195
3 93
76 192
59 199
0 93
42 188
114 155
26 28
50 98
76 86
32 140
26 168
24 139
69 128
82 193
10 180
8 87
69 76
29 147
54 131
25 37
4 61
100 188
137 177
77 174
15 198
31 109
33 155
3 9
172 180
128 136
76 107
150 179
43 138
79 100
18 85
10 199
60 66
82 102
22 59
157 172
157 160
56 64
133 173
27 177
88 180
3 8
9 24
41 86
66 174
52 180
140 164
2 102
138 175
63 77
0 155
104 129
66 175
32 60
93 116
128 169
14 61
86 176
9 20
54 119
64 145
122 187
43 111
150 162
135 165
51 177
1 173
90 111
91 176
38 110
36 154
53 189
81 179
73 181
26 183
6 101
119 192
24 112
41 98
58 123
64 181
10 138
171 191
91 130
59 170
89 141
1 13
30 104
115 179
44 48
101 148
42 96
34 45
15 182
8 112
132 190
85 146
54 64
101 103
136 166
36 40
98 105
108 158
30 109
10 163
154 162
144 152
72 126
5 112
151 170
16 116
31 151
103 130
55 156
24 81
26 138
26 131
127 190
72 111
6 47
59 197
4 43
56 143
20 198
19 181
1 97
32 179
25 54
38 89
106 190
74 140
21 55
1 67
142 169
30 122
33 142
49 154
74 83
85 166
58 170
36 192
115 199
129 159
35 74
159 183
6 68
21 149
21 191
40 162
12 27
51 176
123 173
26 30
45 82
50 122
58 61
146 188
46 53
42 71
126 158
12 196
116 199
151 165
18 98
145 162
191 195
132 170
44 118
156 158
22 136
115 141
64 186
39 81
55 110
52 194
119 193
31 171
22 191
124 129
110 190
49 60
94 105
25 66
20 176
66 104
64 137
104 135
50 107
16 137
114 126
44 146
22 175
145 196
43 162
130 161
95 139
112 174
28 98
34 149
23 183
163 187
100 114
114 115
3 40
15 116
37 194
17 159
98 103
124 131
132 180
21 69
17 137
49 136
44 171
137 193
5 176
19 78
48 153
50 113
10 92
8 40
45 188
19 109
19 73
80 142
119 154
165 185
38 47
52 82
53 111
11 140
38 99
175 196
97 181
40 62
74 143
14 63
83 154
5 85
11 90
127 149
29 122
82 121
6 34
70 121
11 39
76 165
104 158
4 192
6 104
47 199
48 55
44 81
111 167
46 108
59 182
31 178
66 172
126 153
6 46
7 109
41 73
86 151
4 7
192 193
123 171
94 152
75 141
99 181
36 188
32 68
16 27
43 93
10 160
63 96
24 170
109 128
43 106
49 126
75 178
28 51
27 70
33 140
52 197
57 70
41 171
65 92
111 152
107 122
4 116
120 151
18 20
23 159
95 129
24 47
124 195
128 165
15 83
61 116
95 150
9 129
147 170
36 196
138 183
32 74
47 96
127 179
131 171
69 158
187 188
19 188
75 87
139 191
25 109
47 91
10 67
115 156
32 175
4 128
78 154
31 164
20 146
27 52
146 168
33 130
16 156
37 105
13 131
30 95
137 174
20 106
16 84
70 106
7 47
42 86
117 172
125 137
124 186
13 157
132 169
42 159
111 128
111 190
44 88
140 179
80 105
88 165
116 184
99 167
110 127
84 125
27 107
100 192
39 168
188 192
46 168
70 197
11 180
73 178
92 124
10 94
11 178
29 118
40 161
20 60
104 154
46 77
114 120
160 169
75 181
17 140
145 166
166 168
117 170
17 132
61 130
55 96
145 171
58 164
25 194
80 190
13 77
104 124
81 143
20 132
193 196
176 187
49 196
6 127
148 150
54 136
19 173
58 132
67 128
91 182
52 81
63 118
136 171
71 144
24 155
120 135
13 125
116 126
44 115
150 194
12 24
77 141
127 141
36 119
63 138
4 63
103 184
60 94
27 198
46 96
102 132
36 140
28 77
20 37
175 194
17 193
93 144
44 95
16 105
175 188
87 161
98 197
15 64
10 119
36 82
94 154
180 191
48 66
45 69
121 129
84 103
96 181
105 192
32 164
8 67
188 197
75 194
106 139
14 97
57 195
3 106
9 33
27 56
9 120
12 173
145 178
73 118
67 99
87 119
42 76
6 100
104 123
36 66
61 89
60 111
41 159
152 189
85 123
70 84
134 183
91 159
110 179
8 160
105 133
16 64
54 65
122 140
106 107
103 151
103 112
83 187
11 145
57 178
12 65
39 175
37 69
11 146
26 77
96 173
75 186
137 142
49 191
19 85
111 163
80 81
74 130
87 179
33 56
107 190
59 140
82 120
58 127
55 158
70 124
55 182
43 128
120 137
116 167
70 176
35 120
54 111
3 87
24 178
85 184
135 163
115 126
79 137
57 102
64 114
16 59
50 173
86 115
57 171
35 103
41 137
17 118
66 194
39 145
100 147
77 133
40 171
2 49
123 158
54 72
150 163
77 146
149 199
34 107
156 199
7 57
25 173
20 61
68 153
22 62
85 93
26 195
189 199
32 86
142 178
29 52
1 194
14 64
161 184
50 73
50 60
73 105
39 174
88 148
140 181
179 192
112 197
47 81
2 90
140 150
141 147
59 111
56 157
48 175
59 145
10 23
147 160
61 170
148 181
31 75
164 184
111 199
118 174
107 118
18 116
112 126
99 120
105 149
71 154
32 50
46 181
128 185
76 171
5 171
55 127
145 168
85 161
107 109
135 182
7 41
18 142
6 169
5 45
3 164
61 85
38 189
5 177
30 158
62 173
148 179
143 192
51 127
106 180
25 55
156 163
123 147
72 193
105 190
26 153
52 145
0 69
23 119
53 163
45 52
8 57
114 116
14 86
90 93
191 197
69 152
86 141
49 173
96 163
26 127
53 65
169 180
79 131
65 67
20 92
4 33
71 189
80 93
72 157
34 117
106 120
134 153
139 153
24 198
28 49
78 86
30 185
68 178
113 168
61 187
96 157
24 143
66 197
75 166
39 117
59 141
118 128
36 137
91 181
49 151
135 177
8 18
38 82
17 177
110 173
35 111
64 104
22 23
135 155
24 174
62 171
29 94
35 57
59 98
24 128
77 123
47 87
2 164
107 143
139 185
107 156
161 193
55 163
83 100
22 84
108 190
87 154
73 98
158 196
131 142
19 76
40 137
73 161
105 196
9 30
60 125
166 180
18 154
31 95
156 160
24 84
137 186
42 168
29 99
66 70
16 162
84 109
89 138
10 195
35 71
83 170
6 58
90 182
37 137
10 100
13 62
11 83
111 192
11 46
72 172
63 129
2 110
34 175
54 78
49 50
5 130
145 198
102 139
3 193
125 167
16 142
64 100
104 122
6 198
114 165
30 144
14 88
27 163
98 192
54 123
12 48
132 158
88 146
62 67
81 160
100 154
92 104
57 127
48 95
120 174
29 55
12 23
110 159
105 135
34 160
62 188
103 124
17 116
135 172
58 183
57 167
35 49
126 182
66 136
40 113
0 111
6 178
1 42
48 88
16 114
106 159
18 65
71 174
8 195
88 111
60 172
95 118
3 175
55 141
64 147
8 93
71 169
40 178
29 40
87 129
36 178
17 46
69 112
47 170
88 191
109 152
50 132
82 137
14 133
17 65
160 180
22 181
29 48
143 196
40 196
74 86
62 157
3 5
52 74
79 195
117 177
97 188
2 93
84 126
51 93
55 189
9 12
106 173
22 195
41 113
41 138
143 154
64 148
22 60
83 94
52 113
159 199
19 77
31 174
97 171
118 147
2 77
32 177
136 186
26 186
9 29
42 147
27 126
136 155
24 103
71 179
152 161
0 42
62 156
21 49
168 177
157 169
32 52
65 164
118 177
80 135
4 130
34 171
43 79
16 161
81 141
86 149
141 188
5 75
92 157
3 58
68 171
82 186
101 138
167 198
54 181
22 81
51 58
112 185
57 187
122 129
122 148
97 191
69 77
110 188
4 183
73 168
2 142
62 170
89 123
5 39
6 129
23 191
60 108
128 197
55 111
60 77
99 118
35 119
46 117
3 51
32 180
13 22
56 86
80 199
4 81
70 81
29 178
94 111
120 123
29 132
139 194
71 77
13 97
154 157
161 195
117 194
35 194
26 196
84 188
10 36
41 104
163 173
77 140
45 162
53 167
86 191
97 98
105 153
151 199
111 165
16 21
63 167
161 174
123 138
80 174
27 61
113 140
25 150
147 174
25 130
153 167
20 133
57 110
5 156
84 111
115 192
73 164
20 141
37 50
55 56
139 159
52 112
32 174
34 146
136 159
7 191
62 172
17 80
166 179
33 173
147 179
51 80
69 127
26 197
5 20
72 153
1 133
165 194
42 110
36 145
39 192
9 46
103 122
188 194
28 96
19 105
12 100
8 130
1 107
53 71
36 169
61 80
180 182
95 163
66 78
26 133
137 148
38 95
127 196
11 74
21 197
11 143
11 13
42 69
93 168
128 187
56 131
41 99
139 172
117 129
53 176
10 40
48 102
164 166
37 83
116 164
46 86
107 150
74 120
55 69
61 93
84 142
1 120
89 126
38 156
87 198
50 198
9 199
9 15
45 67
16 35
100 129
29 49
66 156
34 198
2 85
148 167
14 107
164 172
147 172
10 91
89 105
22 169
141 156
16 67
19 172
28 83
12 26
60 188
17 89
124 172
27 145
100 186
12 110
27 130
69 104
69 78
117 169
35 130
95 172
69 110
129 148
27 159
184 191
52 173
57 123
97 155
21 184
65 96
6 145
114 157
22 89
44 175
15 149
22 33
155 178
85 104
34 169
28 74
58 112
23 65
13 190
42 85
95 166
53 129
53 59
114 169
51 167
60 118
48 87
11 174
50 70
23 111
22 29
53 89
140 188
43 104
41 54
69 70
74 80
145 185
50 159
184 196
144 156
25 39
6 64
20 79
61 182
5 90
67 112
75 145
51 130
12 120
71 146
183 190
87 145
35 40
58 130
79 117
54 68
7 69
120 172
33 103
13 140
91 164
38 114
34 67
123 167
41 58
93 120
111 141
74 167
55 122
135 137
42 89
5 191
30 169
89 169
76 189
84 189
33 164
5 58
139 195
92 125
117 163
126 136
159 172
139 145
178 180
10 78
3 117
15 53
111 185
154 163
126 185
11 15
132 175
46 196
41 105
0 149
14 195
15 98
44 102
1 92
65 116
97 121
21 82
143 157
20 183
48 124
7 136
50 180
32 43
99 152
172 183
83 167
42 107
4 132
96 115
54 156
98 188
108 198
62 95
56 195
108 129
141 184
109 187
165 198
31 68
54 86
18 176
46 90
3 110
123 124
57 185
164 198
126 194
156 194
51 54
6 190
102 142
10 90
73 87
171 189
140 166
103 110
25 169
97 195
59 110
22 76
95 131
93 182
131 137
123 154
20 144
61 177
15 54
7 71
129 149
51 191
50 69
108 169
33 47
124 142
64 190
20 46
163 197
50 79
3 133
48 83
23 91
53 107
65 78
9 40
2 116
75 193
116 158
123 129
44 121
45 84
188 190
15 86
82 148
65 165
10 143
44 93
78 146
37 165
0 191
113 141
89 127
90 96
105 123
18 171
45 72
162 168
9 133
113 184
20 168
80 100
14 157
115 136
12 144
133 184
3 194
119 183
22 50
50 176
82 101
64 131
30 118
169 195
23 68
52 189
135 186
4 147
130 167
7 39
31 167
91 179
37 60
72 150
48 173
106 156
20 158
16 90
35 80
77 107
11 37
69 177
77 89
10 161
114 193
53 197
99 154
120 177
104 173
12 29
110 143
58 126
54 62
114 172
46 167
25 166
45 172
20 109
50 151
119 167
91 146
65 95
164 194
71 164
153 165
72 152
108 149
52 84
46 70
162 181
47 144
73 90
65 131
5 77
61 99
13 145
38 78
149 195
81 184
5 136
9 151
12 74
26 114
59 179
28 35
53 85
70 185
61 74
30 160
141 163
52 168
57 101
100 166
132 187
101 174
96 189
4 73
33 73
85 159
46 95
37 74
99 173
63 99
12 181
161 180
64 161
94 140
107 179
25 142
36 135
57 169
23 138
82 173
1 171
94 102
74 158
31 52
29 136
75 171
7 138
166 170
47 63
12 39
97 126
81 145
35 125
14 144
154 159
146 151
141 180
82 97
99 195
71 158
134 173
110 116
91 94
68 181
176 199
38 109
119 123
23 118
56 88
9 142
95 119
83 119
48 148
51 85
78 124
3 63
42 135
76 160
9 17
65 150
173 196
14 139
2 76
150 195
17 175
82 185
8 46
98 114
36 159
77 199
48 155
79 125
8 70
61 188
29 91
10 65
77 177
87 114
67 169
84 190
1 169
122 195
25 102
3 91
38 98
98 132
72 100
42 52
115 195
54 96
82 165
61 143
85 88
183 191
24 179
67 114
84 169
7 106
60 135
112 124
34 35
99 187
57 119
63 107
133 139
80 151
22 103
28 60
49 57
10 148
67 187
46 134
61 141
105 140
34 179
54 170
48 194
56 125
62 69
98 143
35 174
126 169
46 99
30 119
98 156
26 99
153 196
67 86
48 150
142 171
138 190
178 190
96 118
10 113
49 148
58 74
40 65
65 189
134 144
122 149
101 198
47 57
90 136
166 182
17 125
88 174
132 151
7 167
15 96
77 79
80 119
93 129
60 152
54 147
33 134
56 159
13 141
114 121
119 122
72 165
32 198
43 116
81 153
59 193
80 186
36 59
53 108
12 169
45 197
42 197
182 195
103 118
143 177
88 117
96 174
26 161
17 32
4 96
27 165
10 43
71 127
144 178
21 159
158 176
128 161
68 134
71 74
42 64
59 184
43 101
113 153
41 148
93 104
18 131
160 194
37 146
67 93
47 138
61 178
59 158
20 113
53 79
44 84
9 130
73 173
185 194
34 165
81 148
8 157
53 63
158 185
65 77
28 162
27 155
2 28
133 191
14 20
46 49
17 95
118 181
44 172
22 69
51 69
6 126
152 180
68 113
28 82
53 78
10 74
18 42
86 113
180 194
58 184
52 53
5 159
63 152
154 182
21 117
56 83
51 73
128 175
32 69
24 105
26 140
57 88
113 172
67 127
35 173
64 66
26 116
33 74
47 193
110 175
156 166
107 194
32 148
129 185
119 169
112 163
92 159
21 109
101 118
108 151
23 168
185 198
65 170
174 197
112 132
170 179
130 188
157 168
17 186
39 114
76 196
80 89
105 141
30 152
45 91
118 125
29 45
23 165
8 83
160 187
90 170
97 109
100 104
8 123
51 125
40 139
53 196
139 146
84 122
100 143
68 116
55 128
7 87
70 99
89 124
108 154
54 106
20 197
153 163
35 73
64 119
101 178
57 180
94 181
58 150
82 105
7 28
34 71
12 76
80 159
78 196
100 164
143 165
44 68
113 123
139 169
151 194
124 160
72 159
85 94
14 50
27 112
100 165
34 115
79 166
100 169
76 142
29 189
50 55
14 199
156 168
55 170
61 84
130 178
82 115
100 157
70 109
42 175
32 192
26 147
52 104
22 171
86 99
55 187
106 115
72 113
147 188
163 170
5 114
36 98
85 86
53 194
47 114
50 150
99 113
124 180
29 84
43 102
27 80
130 158
128 184
30 83
30 45
154 178
73 74
31 148
16 96
83 93
35 89
15 45
81 142
31 112
156 174
16 115
70 94
118 148
159 189
56 192
58 121
101 192
49 55
74 155
149 186
23 158
24 99
57 166
50 102
112 186
145 150
127 144
6 106
100 140
153 170
2 44
77 169
12 112
39 194
68 135
14 138
69 167
69 165
37 99
82 134
73 192
63 123
31 179
63 94
152 158
25 69
126 132
58 167
25 118
84 139
80 117
10 139
18 197
47 119
65 103
89 94
11 198
175 176
119 180
64 129
39 193
162 167
29 173
149 160
113 189
101 126
48 193
54 173
48 84
62 142
174 183
43 135
9 104
112 134
96 155
48 139
124 132
27 97
150 189
140 158
183 192
50 72
66 192
12 14
85 105
38 52
29 103
83 179
117 136
68 81
145 165
73 89
83 107
5 73
14 40
130 182
76 96
89 172
51 183
7 152
55 142
58 188
22 93
66 150
13 170
11 62
8 55
21 61
82 93
4 155
133 177
31 133
78 79
43 169
131 139
125 184
138 180
178 194
50 67
25 27
81 168
89 161
74 177
119 195
22 149
28 173
32 126
4 197
84 134
122 168
107 199
81 108
11 55
49 84
11 18
66 67
39 68
130 187
66 168
22 165
46 72
140 160
133 194
59 195
53 157
166 174
142 173
37 46
112 146
4 24
13 79
46 132
20 125
47 167
101 136
50 153
111 114
19 25
60 116
91 132
137 189
45 59
63 157
16 194
21 127
74 162
45 94
185 187
105 114
28 140
142 180
92 183
15 72
80 112
128 177
22 42
47 132
22 121
120 186
15 68
160 177
57 174
56 109
8 110
11 93
149 180
17 178
57 141
45 98
25 88
46 182
1 128
68 138
21 137
85 89
49 91
40 103
83 151
111 147
92 184
22 144
71 87
50 196
63 136
17 117
74 121
88 189
122 160
135 173
40 199
37 179
20 170
138 196
92 94
93 121
45 127
92 100
51 84
139 192
75 86
35 107
102 109
69 115
47 158
11 110
129 199
40 49
129 190
46 161
160 195
118 129
195 197
98 99
62 191
54 69
47 198
96 194
8 56
14 128
56 150
43 92
115 147
4 62
30 176
52 73
6 98
72 92
122 162
70 130
76 154
55 184
164 192
3 189
11 22
68 132
76 85
28 115
91 167
90 149
22 166
90 155
12 198
135 143
58 147
75 139
115 174
101 183
115 157
2 101
97 105
36 102
56 126
87 131
79 132
33 159
177 184
40 104
94 141
28 119
23 40
59 133
35 48
146 192
166 193
122 170
52 90
78 159
153 178
37 58
141 178
7 80
25 170
2 73
52 63
17 182
28 103
22 198
8 146
5 22
9 18
45 85
35 91
16 95
59 136
36 57
111 136
116 146
0 96
95 181
20 24
8 106
114 174
139 163
53 92
143 174
5 89
65 178
15 169
131 189
91 122
65 109
22 24
167 195
22 79
84 194
54 81
5 21
148 176
123 139
121 158
79 177
90 156
3 76
41 115
113 128
9 74
37 96
76 118
176 198
41 128
5 53
14 67
27 37
147 182
7 177
153 158
128 194
93 152
4 102
139 148
89 154
162 191
60 129
20 51
24 195
155 164
99 186
105 174
110 189
166 197
47 101
119 191
141 198
32 90
109 175
85 168
24 117
151 187
134 166
116 166
32 99
119 189
70 169
73 121
123 182
80 91
150 191
182 198
27 141
5 126
35 144
76 161
44 113
23 52
3 39
68 94
101 194
26 53
123 135
72 143
18 70
90 147
25 90
7 173
83 127
152 172
2 72
133 151
43 120
139 197
26 79
146 186
0 24
17 36
57 92
21 28
9 146
48 63
14 89
121 191
38 153
146 147
175 191
94 113
79 151
38 74
157 189
44 154
85 172
138 149
129 174
56 142
42 181
12 53
16 191
44 59
4 31
38 85
5 29
124 183
31 76
114 163
70 77
46 79
47 49
1 56
12 175
18 195
13 197
31 113
165 184
129 132
1 138
123 127
3 108
79 86
21 37
118 162
46 128
13 54
122 167
31 96
75 123
159 168
158 181
135 149
78 121
78 119
47 159
99 124
0 51
9 163
3 21
102 148
43 44
83 122
51 166
84 117
7 118
78 195
103 108
61 174
32 95
31 74
127 191
44 80
8 104
141 152
119 185
67 194
133 142
154 198
70 127
27 197
31 142
117 149
27 193
121 141
83 131
44 98
155 168
70 98
59 156
139 150
136 178
7 140
27 30
6 22
40 175
13 199
137 157
10 49
66 139
115 124
33 176
23 105
40 59
99 109
174 193
151 160
77 98
69 131
128 173
21 32
45 152
78 113
82 187
110 162
10 130
160 161
29 73
39 104
69 83
54 130
30 151
78 172
11 101
48 121
88 159
71 199
64 178
64 120
84 170
30 149
70 90
11 30
108 157
9 127
66 186
62 199
172 184
112 181
36 81
28 70
109 195
116 172
90 138
114 135
127 182
14 123
38 92
25 83
71 155
24 48
109 159
41 67
53 132
49 114
146 159
91 153
155 163
106 161
57 196
39 139
179 193
70 183
43 187
49 52
45 92
38 72
61 106
89 152
13 91
130 189
9 150
90 169
71 130
42 155
157 163
39 91
82 142
145 146
3 75
104 109
45 101
71 196
8 162
15 162
59 77
61 144
11 84
25 148
37 91
34 110
44 174
113 159
20 196
13 162
77 192
75 162
120 142
140 169
90 188
5 87
27 149
102 190
15 70
49 184
74 100
74 75
97 114
30 76
29 141
85 195
58 66
50 133
158 179
169 171
87 164
17 170
63 144
120 153
176 189
32 63
86 181
21 62
50 75
86 169
142 184
14 33
115 123
112 118
19 58
59 178
57 59
122 152
23 106
36 78
104 114
51 199
35 157
25 146
64 67
82 108
4 117
72 128
48 50
19 194
117 154
116 125
87 105
5 165
90 97
128 154
146 149
78 116
51 158
16 103
37 49
16 113
140 168
10 153
23 142
27 66
142 196
51 100
46 153
62 68
45 157
18 194
62 141
122 127
9 101
167 172
75 81
22 177
168 181
19 27
47 106
25 110
15 125
10 109
14 30
55 81
162 176
142 199
88 136
82 89
155 188
13 174
39 82
44 179
24 148
96 145
133 136
180 195
68 71
4 170
164 196
94 199
97 189
101 163
75 150
10 35
39 130
4 42
37 108
77 114
151 156
27 156
90 130
47 196
166 178
124 149
77 143
26 94
24 102
35 171
87 199
50 174
28 37
14 18
46 176
156 170
121 157
72 106
76 79
25 79
20 83
28 30
51 111
49 69
99 117
35 86
49 188
171 174
0 100
20 89
50 64
27 49
44 178
114 144
39 41
88 169
16 122
111 129
90 129
77 116
38 124
115 180
26 156
129 139
3 128
116 121
102 151
19 107
63 72
88 116
95 182
57 116
95 180
39 150
129 163
35 108
49 107
169 191
128 149
77 128
37 45
181 192
96 105
71 123
10 197
29 125
100 136
38 179
66 142
6 7
46 175
22 26
20 175
72 98
109 174
4 35
46 124
171 180
64 110
53 94
158 162
51 106
67 71
41 109
115 178
120 162
22 170
63 81
31 115
102 167
177 196
50 120
72 86
22 128
78 171
144 160
153 198
135 198
9 107
29 134
10 33
15 91
71 92
43 88
75 189
156 195
39 46
172 191
116 128
0 94
1 22
7 83
146 162
79 120
61 198
155 156
53 121
12 185
148 193
10 68
95 101
6 162
37 43
34 194
31 73
51 151
92 141
35 59
78 158
39 179
98 164
39 77
3 35
93 107
87 195
131 191
110 152
126 173
13 67
29 54
93 114
18 149
22 147
83 166
15 110
40 126
150 158
59 108
64 93
80 194
132 177
7 9
3 94
40 157
53 62
28 187
67 135
122 158
17 130
30 178
20 163
132 144
87 118
4 95
52 65
41 139
54 104
61 148
23 135
17 194
121 165
10 147
71 82
110 182
7 155
20 80
104 186
41 52
159 195
59 144
11 142
74 90
112 191
143 193
9 136
85 99
54 145
92 147
149 183
135 181
29 97
3 145
0 36
60 195
39 106
127 166
36 182
36 155
0 79
12 109
32 67
24 119
123 170
71 145
14 79
99 169
42 163
113 137
84 112
21 118
26 55
57 96
16 183
73 147
73 75
174 180
46 162
86 167
34 139
99 180
23 26
30 90
70 73
19 59
133 135
68 199
39 72
62 152
33 124
175 187
40 164
51 56
102 116
10 122
23 180
0 102
88 196
163 177
75 120
171 184
87 191
24 86
32 155
99 193
24 39
69 74
157 166
127 161
106 181
11 64
6 30
15 158
2 186
73 189
151 198
54 121
4 34
44 124
47 78
51 71
60 112
16 125
33 86
63 173
141 157
89 171
55 185
36 136
12 152
54 63
22 192
96 188
158 168
15 135
119 132
92 195
122 169
65 90
95 176
128 189
46 165
52 95
24 172
29 192
104 137
95 112
165 166
18 111
30 85
192 195
57 163
53 115
19 56
192 198
10 34
27 148
87 112
25 125
58 91
41 119
12 199
4 156
96 175
29 37
15 94
48 186
42 154
41 51
62 94
98 112
41 135
41 102
114 129
150 169
4 196
66 94
21 164
5 16
49 158
53 56
77 100
6 70
39 127
177 180
52 110
45 170
32 88
35 92
116 135
91 199
64 164
10 28
107 120
166 169
83 189
59 126
40 183
137 191
2 15
41 78
26 56
25 47
69 92
2 54
106 112
17 62
102 197
89 117
23 174
80 83
66 89
75 93
18 44
122 151
7 51
111 166
10 21
2 27
98 101
24 85
16 102
44 195
29 60
36 104
53 100
106 121
4 118
21 83
53 155
86 135
66 160
78 122
193 197
18 88
80 176
112 173
92 136
80 184
43 58
18 33
0 129
119 125
35 145
160 172
137 147
32 142
142 159
13 133
150 192
128 178
181 185
92 162
96 101
85 122
18 175
17 31
33 138
26 43
93 190
138 143
94 138
12 170
59 113
109 160
25 36
5 143
91 112
173 188
173 179
92 96
80 172
77 151
112 182
73 110
62 182
21 67
78 126
54 126
12 52
22 51
18 124
0 156
158 193
19 141
80 171
154 180
137 172
94 157
30 123
65 193
88 168
59 135
158 160
124 126
63 93
78 107
41 92
26 118
120 125
110 172
51 134
30 113
41 75
57 74
115 184
48 58
35 127
2 173
64 65
31 194
125 153
100 119
42 104
116 132
50 184
109 173
49 156
47 187
150 178
31 129
55 80
160 179
70 184
55 176
75 176
2 4
40 89
146 198
81 187
42 103
2 137
60 127
52 77
43 85
1 28
43 171
85 194
47 82
74 134
24 36
27 98
155 175
124 178
149 178
44 141
136 195
57 60
41 53
80 188
15 186
55 92
20 188
155 157
146 156
143 166
27 136
60 93
24 147
178 191
160 176
114 148
8 47
150 170
100 142
4 78
100 126
12 19
22 92
97 196
49 186
21 185
88 150
41 74
10 86
2 185
156 189
15 141
150 175
130 151
15 81
124 185
96 159
115 160
27 152
50 62
65 100
109 176
61 154
32 158
36 63
150 159
71 178
19 80
74 132
68 189
16 174
62 161
181 184
152 164
97 156
3 187
171 188
23 114
78 110
19 106
106 185
136 142
47 110
43 62
33 46
15 147
15 143
141 158
12 34
2 74
108 163
54 82
76 104
48 113
8 196
89 114
98 159
57 73
35 53
20 104
30 183
3 56
21 147
149 174
37 90
51 74
74 76
6 31
13 166
20 169
24 62
66 179
7 159
129 156
17 44
158 178
64 192
141 150
62 119
76 119
4 26
43 124
26 36
89 109
104 159
11 31
3 53
53 142
20 36
45 61
43 50
76 175
41 197
119 161
102 124
17 59
30 159
2 51
28 129
93 161
69 188
115 129
54 175
108 145
72 85
64 77
45 49
58 165
55 146
79 121
28 89
128 158
125 154
50 177
105 198
63 66
42 77
60 75
142 183
36 79
24 181
100 130
38 193
72 169
49 163
13 154
29 39
124 137
92 154
57 131
148 170
138 167
53 76
134 192
21 175
112 198
91 135
0 136
24 73
56 71
50 164
64 172
7 169
91 104
55 194
101 179
57 99
7 72
61 175
54 112
63 165
25 76
54 185
49 152
140 194
185 192
14 29
109 185
6 97
99 137
58 60
20 117
33 133
62 90
42 183
5 116
113 174
24 109
74 109
0 38
41 189
58 72
35 143
78 177
42 125
76 151
145 155
38 178
103 109
85 188
96 131
1 182
125 173
72 129
97 151
99 170
30 44
2 163
6 39
148 191
1 39
70 164
67 152
69 98
13 72
4 178
108 177
42 171
146 185
76 136
67 174
2 48
110 194
148 183
74 193
43 143
151 179
25 100
57 162
96 140
64 198
45 159
11 196
25 136
36 96
64 115
85 116
97 133
1 125
59 125
19 32
55 150
75 159
116 147
39 113
68 170
30 58
111 172
106 149
145 148
109 158
33 188
83 194
49 169
5 68
9 57
12 193
61 112
0 177
57 118
112 149
88 127
3 109
52 192
118 169
16 126
93 177
78 142
12 141
27 182
168 186
121 128
111 145
149 152
8 116
42 49
109 199
168 193
16 108
7 196
56 144
24 71
117 171
82 118
6 63
60 154
119 165
61 88
25 67
13 137
60 155
52 55
60 156
35 190
38 128
2 68
15 137
17 105
13 120
25 107
4 168
4 48
115 122
66 173
31 158
25 63
47 173
88 99
26 38
145 190
151 172
9 195
49 102
75 129
136 138
127 148
7 101
153 179
48 130
147 149
22 154
55 143
38 152
125 186
83 114
178 186
44 87
116 169
42 182
14 56
107 139
64 113
85 137
77 101
32 38
50 123
47 160
67 136
153 189
82 128
6 48
161 183
89 97
125 179
69 155
13 147
95 113
58 197
53 184
140 175
34 82
21 103
152 175
53 145
85 141
107 198
86 120
25 185
126 170
36 115
0 185
102 155
54 179
75 175
8 25
36 185
23 115
54 116
167 182
18 31
114 149
5 149
115 189
152 188
27 162
108 185
142 164
179 194
80 96
2 6
25 161
4 112
15 119
139 144
158 161
2 61
19 48
38 90
7 197
111 186
19 62
45 149
90 95
127 186
113 120
36 147
81 82
115 197
47 124
69 181
18 63
2 169
39 136
79 194
14 167
103 165
17 92
26 52
106 176
62 106
41 106
6 60
175 185
26 110
135 139
55 58
67 72
141 172
67 129
9 132
7 188
108 140
82 92
68 95
120 184
56 169
63 155
56 170
12 197
83 142
34 38
42 62
132 138
26 162
118 127
73 188
95 162
103 133
15 30
167 179
87 160
48 152
150 155
46 195
60 130
26 137
22 104
134 157
171 187
33 67
80 169
46 119
5 187
72 149
15 195
49 175
106 177
12 47
58 166
20 143
166 172
29 92
57 94
61 176
86 128
25 127
71 188
34 138
20 44
2 60
48 74
26 37
51 101
24 50
106 133
90 152
104 152
76 82
13 180
40 143
91 103
34 124
135 187
69 101
51 138
68 114
54 190
45 118
76 113
40 198
100 170
159 188
5 194
102 114
42 97
46 190
32 169
49 63
4 175
38 143
142 197
125 149
28 157
57 161
9 197
4 67
82 157
28 47
138 197
20 194
50 90
49 121
105 108
24 46
26 27
18 82
6 137
56 100
39 53
20 29
134 165
14 163
82 169
1 72
84 114
54 154
70 138
136 199
63 156
124 191
78 164
82 166
36 68
24 44
131 157
79 133
82 107
105 195
146 187
160 170
166 192
76 147
43 67
135 178
24 25
54 66
38 131
88 106
72 164
25 28
153 177
36 143
31 36
69 114
17 96
66 131
62 125
55 97
18 166
43 68
96 177
130 144
33 174
24 96
154 194
73 125
6 132
41 179
4 122
48 156
74 101
87 133
161 181
17 110
38 138
8 14
81 139
56 166
130 172
96 129
78 156
113 121
143 153
7 120
37 174
4 164
53 112
150 177
106 114
41 199
37 48
107 188
39 60
43 137
82 178
107 191
37 131
80 132
46 170
118 135
154 168
6 10
43 183
164 171
92 103
55 133
29 31
83 132
33 172
107 140
14 98
140 176
0 179
172 192
69 81
50 171
48 168
185 188
112 150
123 150
130 153
7 100
0 57
4 14
30 164
37 132
5 150
29 83
5 134
4 146
37 121
151 188
26 42
42 161
148 174
32 49
6 149
130 159
51 152
84 131
78 134
17 176
19 99
107 193
173 191
49 137
120 194
68 80
69 173
0 61
151 184
111 169
24 45
56 148
169 178
158 174
114 188
52 150
95 170
20 129
76 80
92 132
13 84
101 189
169 176
31 131
121 122
130 165
81 192
19 74
61 115
63 191
46 91
82 111
157 188
16 78
26 185
110 158
31 163
98 137
6 13
33 61
90 132
106 136
68 120
63 137
126 184
117 160
69 111
22 90
88 158
28 69
111 177
68 122
40 61
29 61
18 96
46 179
143 197
22 77
187 194
125 160
58 169
12 121
32 36
13 185
45 88
66 134
49 183
23 64
109 127
112 171
32 132
6 152
80 161
78 133
22 45
61 104
52 165
88 184
13 83
85 106
93 106
14 185
52 144
134 180
52 175
142 155
140 144
74 97
61 82
37 65
89 149
106 184
189 198
104 138
170 174
18 84
10 62
19 138
97 172
42 151
12 28
15 106
14 37
18 68
52 184
63 88
58 141
125 163
90 159
152 159
31 125
103 182
96 185
12 195
139 158
42 59
4 23
144 193
2 96
136 192
142 172
72 112
46 98
46 74
5 197
140 184
47 53
79 183
59 159
102 144
53 156
3 149
34 73
34 54
37 53
119 135
10 29
64 107
79 169
159 162
57 145
14 179
46 64
74 149
22 160
32 85
40 64
34 187
111 159
14 34
11 150
125 128
134 150
39 88
118 191
52 121
28 176
154 191
128 152
64 170
51 98
106 108
18 120
9 45
18 135
81 147
151 158
56 94
120 138
106 147
65 180
44 136
41 134
145 170
34 195
165 193
19 157
13 183
72 101
59 171
38 105
29 127
65 128
51 161
127 171
72 131
35 87
105 150
110 161
28 143
100 184
87 99
48 110
91 195
44 74
110 122
60 67
45 130
132 163
157 170
32 100
84 132
7 137
99 126
58 175
11 78
67 171
73 80
137 143
66 96
75 94
89 115
70 192
18 155
58 139
66 125
68 187
21 92
33 101
2 172
57 78
97 140
6 146
129 180
4 138
18 76
33 43
40 154
72 133
99 144
26 111
53 96
65 66
77 124
154 199
151 193
114 176
97 110
84 136
41 165
6 136
31 135
10 171
95 194
4 186
124 154
142 147
40 43
53 195
113 114
137 187
27 92
45 136
35 193
44 60
2 55
60 166
62 187
6 62
157 174
29 85
77 117
62 177
47 185
60 178
11 106
63 177
78 80
128 171
73 194
34 151
21 64
4 173
1 192
76 156
15 165
3 11
17 165
85 147
40 122
26 194
25 132
160 164
103 162
14 125
47 168
80 189
149 175
19 87
196 199
117 128
18 174
33 117
64 122
27 84
7 153
65 140
60 185
137 166
4 121
21 46
41 50
19 183
104 142
169 179
78 166
21 177
68 158
56 194
31 77
55 144
70 75
10 48
13 164
71 136
52 94
54 152
50 100
45 90
112 159
44 47
88 89
77 131
22 106
102 159
104 167
12 31
13 132
122 174
59 132
101 160
108 159
128 145
102 131
148 196
61 65
9 41
97 102
7 75
32 127
91 98
91 152
134 198
126 141
14 95
22 162
35 76
34 61
56 63
64 105
17 58
35 102
42 73
10 70
1 15
8 108
104 136
118 196
152 173
74 119
42 158
36 142
31 69
7 123
66 107
33 80
51 121
1 109
48 190
42 46
65 154
65 143
146 175
110 125
89 182
7 18
32 147
38 159
43 129
16 176
68 86
3 165
22 88
16 198
24 159
93 194
19 63
48 181
164 167
183 185
44 140
45 57
166 173
52 148
7 182
70 150
74 111
11 192
16 186
83 97
58 96
80 120
93 105
94 127
47 98
94 118
2 71
34 156
90 153
1 85
90 126
76 128
57 90
54 159
7 58
56 81
19 166
6 52
84 156
69 174
73 113
108 117
10 81
31 182
94 173
86 106
45 180
147 198
10 106
189 194
98 144
18 99
85 151
98 158
77 86
13 73
25 119
94 129
13 107
28 46
145 167
88 162
58 177
9 62
20 56
70 119
11 70
134 169
115 175
174 176
65 182
48 109
29 65
18 89
6 43
25 34
156 161
110 171
96 141
134 176
20 172
17 84
38 157
94 123
20 152
100 107
89 157
15 41
20 67
15 120
35 100
84 96
68 163
80 153
152 160
52 79
125 172
83 99
6 143
61 181
177 178
119 124
116 148
14 192
28 73
22 115
18 54
69 143
59 83
85 125
75 99
49 130
52 130
81 94
51 169
78 101
69 95
9 32
33 96
4 187
129 197
53 80
83 156
111 135
76 190
28 132
68 146
95 167
183 187
33 141
7 163
141 181
26 128
40 85
29 86
71 156
50 158
92 129
77 149
75 109
4 180
11 17
144 165
142 166
108 166
80 99
52 190
136 197
65 127
88 187
24 141
84 128
3 59
15 48
111 153
74 179
135 194
72 175
41 88
158 192
72 139
24 132
54 59
60 176
35 155
52 151
51 173
37 110
36 186
13 88
17 124
28 66
46 197
81 101
130 193
14 49
105 112
26 80
3 138
85 157
18 48
25 131
67 91
88 140
106 144
9 108
58 105
43 59
20 131
0 143
15 152
168 189
41 162
113 160
162 183
49 192
103 149
121 173
1 65
63 85
49 105
56 87
53 87
58 144
52 86
1 75
159 173
2 199
118 146
77 112
39 62
132 165
16 71
25 155
40 110
114 173
64 168
79 174
106 151
34 163
27 114
157 176
10 51
31 55
34 167
11 134
31 160
118 176
138 150
41 154
79 143
160 183
160 162
101 177
103 121
115 146
10 73
26 154
21 71
12 136
47 79
7 86
131 162
73 145
66 170
58 125
98 162
186 196
61 66
75 114
18 110
100 178
110 168
52 123
38 169
52 59
31 87
101 104
146 165
133 190
129 176
51 197
79 129
193 195
42 81
56 180
28 63
84 199
4 40
34 108
23 37
79 198
84 137
132 147
170 182
136 170
127 132
49 109
74 184
141 179
21 91
139 156
62 74
180 186
13 34
96 114
93 136
39 80
164 165
78 169
16 138
89 156
7 125
104 155
41 126
149 171
54 195
28 135
18 51
55 195
120 187
49 177
137 156
15 46
102 153
120 181
119 173
116 152
14 36
87 180
12 71
60 102
49 124
22 125
103 113
117 179
130 157
46 126
30 94
54 182
1 178
42 169
131 196
72 110
92 151
120 154
79 138
13 96
32 194
63 171
35 64
12 18
115 133
40 116
40 78
96 179
35 60
142 158
31 199
100 175
43 178
13 99
37 78
6 153
73 166
90 94
12 57
40 197
2 121
134 199
149 157
79 98
179 184
99 178
44 144
9 26
20 84
71 186
2 181
29 167
14 126
71 183
134 140
38 184
75 148
1 161
47 163
62 174
80 125
148 178
30 112
93 147
103 171
14 57
89 118
17 30
20 199
87 166
6 73
143 179
25 49
141 162
87 124
2 147
54 171
5 132
21 42
97 149
19 136
141 153
156 162
112 161
76 112
24 34
28 192
53 182
25 188
1 14
96 124
77 92
36 189
138 144
41 111
11 149
47 115
10 137
48 142
161 168
26 73
85 129
67 168
87 152
65 94
73 144
42 127
100 113
109 156
3 4
15 192
84 150
169 177
34 77
44 180
56 162
72 171
26 135
51 64
17 75
29 119
124 179
106 123
89 167
36 97
16 165
78 95
72 78
98 142
23 66
12 95
20 116
108 168
66 127
35 42
10 187
4 160
52 152
4 150
60 98
107 111
7 16
75 146
130 185
51 86
37 167
106 142
101 166
41 80
163 185
14 81
140 141
1 11
105 171
11 130
101 144
47 61
39 45
114 161
82 86
79 184
32 187
116 149
74 190
131 140
151 175
152 157
50 170
175 199
138 162
47 151
59 163
120 166
45 102
65 125
152 177
76 178
79 141
42 156
128 168
32 91
48 118
20 120
22 63
29 142
39 123
16 60
143 173
9 71
148 163
56 123
51 59
112 129
1 2
10 18
20 171
32 196
109 171
48 151
13 198
123 146
56 92
69 172
89 90
149 182
16 31
24 93
62 195
55 68
66 88
17 123
33 175
9 89
166 187
83 175
46 194
166 189
15 151
69 145
33 110
104 191
122 186
48 179
88 122
118 119
31 187
19 81
84 178
12 88
44 165
122 197
22 41
0 154
5 179
59 190
162 185
41 59
111 174
79 163
44 112
35 94
54 172
74 95
116 123
182 183
45 83
64 99
24 101
22 110
44 79
81 122
41 167
18 35
137 171
66 85
6 138
95 151
10 191
66 111
65 135
53 192
75 173
71 99
143 171
138 174
58 81
99 138
5 104
155 193
27 69
138 189
115 130
166 181
38 42
21 158
103 136
102 145
17 144
158 159
79 87
137 178
177 189
69 164
17 115
22 102
37 112
129 147
64 176
60 71
72 145
89 134
52 153
96 168
172 182
134 189
20 47
99 161
106 182
50 115
50 143
112 178
66 166
35 96
76 121
72 103
60 183
86 173
51 78
54 168
58 68
2 146
132 153
68 191
121 124
130 137
123 130
111 144
85 107
130 175
52 183
46 103
17 172
48 79
59 139
81 151
121 180
37 189
37 94
53 97
43 193
41 166
15 88
165 173
32 189
66 190
9 122
151 195
58 176
87 171
24 110
78 160
177 190
68 79
99 147
18 26
117 166
131 163
169 199
75 167
113 146
49 168
63 182
65 74
157 186
45 47
1 99
19 30
50 186
129 184
5 102
53 148
125 192
139 162
37 178
84 107
26 85
123 192
73 186
31 130
24 67
20 100
142 192
130 168
81 174
40 124
18 43
121 146
6 142
43 161
6 95
46 93
103 156
21 84
69 149
122 161
10 101
164 195
123 190
95 149
5 103
46 116
48 178
1 140
67 139
68 139
11 183
84 181
120 182
64 123
1 136
97 113
103 106
88 155
33 107
21 96
54 158
115 128
69 150
109 194
94 139
16 199
49 81
4 141
54 94
35 133
41 130
141 191
22 184
117 190
69 161
152 154
37 169
32 51
142 152
72 83
43 97
81 190
23 86
55 174
94 186
33 51
120 152
65 122
55 114
134 178
13 78
194 197
179 188
80 137
114 182
27 191
31 66
99 168
134 138
155 172
13 177
85 164
84 153
33 115
145 179
0 104
83 128
14 104
96 132
118 166
193 194
85 108
131 141
65 83
91 115
25 41
25 193
57 65
75 135
17 104
10 37
28 64
39 119
178 181
187 189
25 172
4 45
20 123
9 143
64 196
129 151
10 107
24 58
54 164
133 187
75 163
65 192
188 199
16 89
113 125
63 80
100 150
39 129
21 40
57 181
40 147
95 122
116 185
85 118
27 118
67 113
43 64
54 102
26 134
6 9
150 172
29 182
121 152
44 117
177 199
64 182
55 134
6 125
165 171
63 97
137 182
54 93
53 88
62 165
86 111
5 172
3 198
30 181
105 162
37 171
124 146
86 114
93 185
11 168
165 186
28 110
94 134
169 182
32 150
23 35
2 95
33 54
40 141
130 195
15 146
34 189
97 134
0 15
33 109
87 162
124 156
166 185
7 84
2 57
83 161
61 180
105 110
4 99
59 82
79 84
96 126
25 143
59 75
14 161
5 24
37 92
1 142
73 137
38 190
58 187
55 166
163 181
83 88
46 159
40 190
66 155
110 191
115 125
169 190
71 142
54 89
44 129
43 127
31 152
57 147
92 101
124 135
36 44
51 67
121 179
15 140
3 31
77 183
112 131
110 130
22 25
4 97
51 124
56 132
21 153
9 178
74 127
104 197
68 186
32 143
128 131
35 55
120 165
82 132
9 172
110 197
9 173
98 139
104 193
115 149
72 114
114 146
7 194
36 160
35 45
87 96
141 173
70 154
102 175
11 165
99 188
40 70
72 121
139 151
3 18
140 172
106 143
22 174
83 106
28 175
84 168
172 193
70 160
13 100
89 153
15 61
191 193
109 166
144 151
19 70
47 122
39 176
30 194
53 136
47 58
137 153
119 131
50 53
144 158
36 51
1 16
11 45
135 157
115 194
50 118
28 86
48 81
86 153
28 58
29 153
3 167
8 143
48 196
41 72
128 143
52 166
59 185
113 124
10 12
32 98
17 154
35 138
43 185
7 53
13 39
30 49
69 107
139 199
29 110
91 120
15 49
8 111
17 145
154 169
42 43
71 192
107 185
80 163
103 179
59 78
52 85
26 102
4 8
22 37
47 133
78 174
63 116
43 60
102 194
18 72
10 45
62 196
17 195
104 133
137 168
34 103
101 147
133 161
92 128
81 150
3 82
44 63
45 181
5 43
11 156
72 94
164 176
91 131
113 127
51 72
40 45
162 166
100 149
84 198
9 159
43 95
68 70
14 93
25 58
174 191
110 111
96 142
18 121
84 151
26 139
18 136
92 133
87 163
48 72
54 137
19 130
67 125
62 164
34 50
2 131
174 184
107 113
57 133
68 82
24 121
67 186
3 52
35 142
118 155
52 107
89 129
57 120
111 175
59 81
25 116
15 107
122 145
23 169
119 176
15 97
4 107
56 188
69 178
19 171
66 95
87 176
10 196
183 199
128 146
151 192
1 78
69 113
64 149
30 41
92 194
29 96
19 42
26 129
39 58
137 183
60 123
79 113
108 180
132 136
104 184
126 167
68 104
12 83
2 99
58 160
90 192
141 159
99 156
60 131
70 187
44 46
29 135
1 12
83 130
162 178
55 112
160 193
25 123
79 122
41 168
59 162
18 163
22 155
25 106
52 181
142 170
29 181
12 176
77 176
60 198
36 131
37 68
49 171
119 182
134 186
69 124
123 178
34 62
38 154
1 88
23 79
38 96
28 124
9 90
187 191
9 155
70 151
36 163
10 127
8 96
93 174
27 103
116 195
9 115
112 138
75 130
42 177
1 151
93 178
82 172
12 103
84 141
111 180
93 112
131 145
134 188
63 153
29 184
3 74
58 193
19 111
26 157
96 113
86 102
70 172
42 94
43 72
121 148
128 183
65 82
151 183
22 107
25 158
43 180
27 174
101 113
115 171
107 175
3 120
42 193
38 65
21 114
75 172
93 141
31 45
1 51
37 199
124 166
105 151
11 51
93 119
12 135
19 186
78 199
61 109
118 199
51 57
34 39
53 175
22 141
89 176
96 187
119 198
154 195
52 178
47 92
130 143
61 185
13 130
39 101
16 178
43 66
119 143
9 48
39 182
60 181
100 128
95 102
149 161
15 77
15 196
106 155
162 186
111 173
74 126
162 172
80 106
140 197
10 98
30 150
61 92
37 114
31 62
31 107
37 85
47 64
29 176
18 178
35 118
42 149
119 133
6 123
37 196
6 87
84 118
54 196
17 42
85 92
8 64
88 90
17 196
110 149
45 78
3 157
79 96
22 163
68 137
24 138
6 71
75 147
168 195
115 164
88 123
113 197
71 110
133 197
42 53
111 148
37 172
159 190
127 135
53 83
130 152
150 181
44 133
8 187
0 95
62 81
13 68
122 177
159 161
52 75
33 36
11 199
55 62
32 35
106 178
134 149
25 154
21 70
140 156
13 90
140 171
109 168
0 26
57 186
26 179
86 187
7 132
37 103
34 72
77 138
2 165
43 52
141 155
148 149
34 197
63 189
30 103
1 117
107 132
60 109
37 122
20 50
80 144
36 114
146 173
45 156
134 160
139 140
63 98
161 169
66 161
21 121
149 188
5 13
70 96
5 162
34 88
19 55
5 109
48 65
58 163
22 167
67 96
33 122
12 97
122 123
5 135
94 99
77 194
53 106
93 180
23 120
186 192
17 51
50 145
73 155
8 169
8 124
38 158
18 169
9 73
86 96
43 176
8 182
80 126
75 90
65 111
99 123
49 110
17 160
13 63
42 144
9 177
1 150
93 99
114 132
85 171
79 155
185 186
57 152
69 185
85 100
45 120
13 134
0 80
143 172
9 16
50 77
22 152
62 115
134 137
50 76
119 148
61 149
62 89
22 53
90 160
28 45
26 87
59 142
121 154
152 192
22 183
0 168
125 152
29 90
147 167
117 182
75 80
99 125
56 58
90 164
59 112
0 83
29 106
64 94
8 109
13 182
39 181
56 90
73 135
117 174
105 194
114 118
86 161
0 109
17 38
24 27
29 199
10 76
140 161
75 122
132 199
64 117
104 162
59 188
41 85
123 137
26 51
66 176
1 26
1 162
2 120
11 89
48 77
0 40
3 43
46 112
72 178
9 113
12 163
80 140
136 181
57 144
155 165
67 150
87 106
110 187
42 92
108 112
52 126
53 64
42 80
67 170
2 145
104 183
110 198
52 76
139 187
27 64
34 123
46 68
11 72
10 172
90 127
71 114
0 160
74 113
82 87
107 173
106 153
168 174
92 188
59 89
44 109
157 194
35 50
65 172
161 170
42 101
68 183
4 70
94 126
67 97
117 173
1 129
146 196
122 175
35 181
12 22
105 186
86 87
71 72
126 180
13 26
50 194
68 124
0 148
114 164
88 147
46 158
23 171
67 102
27 106
126 189
59 79
63 71
40 132
82 109
43 70
116 180
50 51
119 199
51 148
27 34
7 116
129 144
168 192
181 189
128 137
20 43
145 151
44 103
7 24
126 149
81 183
110 135
120 199
118 137
22 43
25 171
68 149
23 192
38 112
88 103
76 88
52 172
112 195
21 199
23 78
87 143
102 112
67 75
76 127
9 77
148 155
112 121
62 129
155 181
46 47
17 106
95 115
119 139
113 170
40 46
102 128
121 194
9 144
55 91
50 140
59 189
13 24
22 172
71 117
110 169
63 90
13 160
72 117
10 32
8 103
0 124
35 112
111 134
81 109
7 19
102 140
71 180
2 65
29 113
36 121
54 142
15 50
157 175
61 197
1 170
38 150
3 86
23 94
33 114
100 131
67 78
88 154
3 13
26 74
26 190
43 76
47 90
14 35
47 181
21 73
83 178
133 148
23 124
81 157
147 193
81 120
50 99
88 156
80 116
131 161
97 139
32 167
156 177
22 74
143 181
29 148
97 124
63 169
64 72
23 74
94 159
68 99
61 179
56 84
114 177
11 85
137 151
81 189
29 158
59 130
112 170
112 166
67 162
45 128
28 65
71 198
39 50
87 194
163 195
88 108
9 189
20 184
109 182
45 104
18 138
58 153
110 177
20 39
3 116
0 192
54 193
8 77
20 138
66 153
34 119
63 115
140 196
47 152
5 167
32 165
64 179
73 104
4 76
58 152
88 166
133 179
23 33
62 92
94 132
16 109
110 134
11 36
40 130
37 164
119 128
25 103
128 163
119 164
40 151
25 84
17 50
126 157
51 99
184 186
125 151
93 186
74 96
7 134
105 155
15 184
37 154
109 161
79 103
77 135
123 133
121 138
69 132
33 178
132 186
13 114
97 154
15 134
19 153
70 78
102 137
56 140
19 116
24 163
72 155
128 142
23 28
49 106
107 149
185 191
88 104
68 101
7 36
11 47
66 143
55 85
42 192
25 165
58 103
70 179
34 162
36 84
0 45
24 60
136 182
3 99
71 163
122 178
3 102
69 191
1 189
107 172
117 175
131 170
7 127
140 193
10 123
11 59
6 53
14 166
27 110
70 85
66 184
77 90
95 147
2 179
105 111
66 181
30 107
40 191
85 199
123 196
96 198
28 57
34 85
117 192
0 169
39 97
21 104
115 148
1 52
72 73
58 75
121 183
103 169
14 66
61 189
117 184
41 176
15 34
75 108
116 162
103 155
55 101
69 147
52 139
77 104
65 70
147 194
114 147
40 174
140 151
22 116
25 163
93 134
31 144
48 176
59 88
84 116
98 184
165 188
26 60
77 96
56 74
92 144
92 192
50 135
129 135
170 188
108 175
108 161
33 39
84 152
83 102
109 153
121 162
5 139
96 184
101 197
20 112
88 157
29 43
0 170
56 175
127 160
34 87
86 140
30 71
19 21
116 186
56 164
47 71
110 181
5 125
39 70
96 106
180 190
81 110
137 192
3 28
17 133
28 108
3 134
14 170
61 156
2 148
94 145
93 169
46 65
6 194
18 187
16 168
164 188
111 115
30 81
77 109
50 138
7 63
108 196
76 84
144 153
96 160
49 61
29 160
1 49
94 137
45 114
67 144
54 122
164 179
91 188
127 128
18 106
45 62
28 34
19 198
41 63
12 139
98 177
104 116
28 165
28 32
112 179
43 147
68 190
22 61
150 160
79 167
144 166
20 87
31 175
88 188
81 169
31 84
84 90
6 117
9 31
108 133
20 101
15 100
104 199
18 146
63 194
40 115
27 160
69 171
19 90
113 148
131 195
52 179
22 96
54 118
78 131
133 153
22 156
54 148
60 80
116 139
0 147
38 141
17 74
10 31
71 184
69 170
75 111
14 112
57 61
153 161
21 194
113 136
160 166
102 186
38 183
39 184
115 142
1 25
115 196
11 27
103 177
8 179
75 183
72 167
3 15
141 175
50 199
69 169
57 168
15 31
106 174
155 166
121 177
48 94
40 48
59 167
16 77
40 76
158 190
37 41
69 84
106 126
96 130
53 172
84 148
149 163
30 198
48 76
114 141
149 198
134 145
93 196
6 173
99 143
59 183
31 49
114 167
46 54
87 111
22 105
72 107
45 146
19 180
1 147
105 121
62 181
161 173
54 143
66 199
78 83
41 79
129 188
29 146
85 97
63 113
9 141
46 84
0 190
17 37
88 134
67 69
81 128
62 78
39 99
179 191
37 135
38 87
49 142
62 83
95 174
3 89
14 58
40 134
45 171
10 128
62 158
38 123
18 55
16 149
19 51
23 46
152 195
84 88
14 190
28 152
50 156
49 82
9 124
178 195
40 158
74 82
6 78
27 86
51 168
30 105
123 164
58 192
0 90
15 56
8 192
72 194
65 115
4 52
114 139
109 188
8 61
126 134
133 159
58 101
28 169
160 197
51 90
70 132
27 88
120 171
4 110
24 161
106 170
77 108
63 127
88 119
54 57
94 182
135 196
13 75
11 19
39 160
24 87
116 170
95 165
121 171
11 137
30 73
9 179
24 131
0 175
156 180
94 103
134 172
136 152
127 188
47 157
46 135
55 124
34 114
40 50
48 62
35 90
69 122
67 190
6 59
27 60
32 119
61 126
127 137
25 164
81 170
145 187
32 128
65 91
23 157
71 78
10 11
8 114
150 168
32 137
94 135
92 191
126 163
36 133
105 109
23 130
116 175
24 104
49 147
4 115
170 199
34 37
83 162
82 163
123 177
125 188
89 122
48 103
3 155
125 174
59 151
42 109
154 192
190 198
27 176
70 190
57 157
23 190
21 116
21 163
19 88
6 66
68 151
49 120
145 156
163 174
98 145
21 106
108 160
43 196
2 156
20 166
151 190
0 87
110 163
12 15
17 23
22 44
95 140
165 189
137 165
105 185
113 117
7 190
67 191
95 134
12 99
112 180
15 173
23 76
146 163
61 64
27 146
41 61
142 174
25 53
46 100
98 135
122 180
69 192
171 197
106 197
17 39
85 134
35 195
81 97
18 165
6 134
101 105
18 183
29 36
128 193
33 99
158 165
28 183
122 164
62 153
62 100
81 115
153 183
25 92
136 190
92 95
24 194
124 165
77 97
68 127
89 130
13 33
82 94
192 197
5 30
91 99
40 91
66 151
7 154
26 176
19 53
16 52
68 196
118 164
17 198
140 170
130 186
85 140
56 110
71 86
51 77
46 160
3 64
27 178
102 157
23 51
98 189
6 91
24 63
25 183
24 187
6 124
94 161
3 36
54 128
101 123
1 91
174 177
38 48
106 152
75 76
34 158
84 158
53 127
44 181
34 101
139 196
129 143
39 196
24 175
124 194
72 156
46 106
172 178
16 66
33 60
108 142
7 94
47 148
75 101
138 157
99 159
91 109
15 166
16 98
41 71
70 189
91 151
21 112
58 99
43 197
109 131
134 170
2 7
133 157
83 96
11 32
5 41
29 155
89 91
130 136
3 65
2 52
100 187
70 195
148 199
26 39
4 176
21 186
19 179
22 135
2 153
2 192
64 78
54 97
8 65
30 188
155 170
170 189
75 156
168 180
60 179
63 128
44 128
63 174
37 187
62 151
43 51
65 130
5 142
30 82
90 119
83 116
112 115
21 133
52 182
38 135
125 185
53 162
113 142
61 114
5 55
89 165
103 189
56 76
88 114
38 127
68 106
12 155
93 179
1 135
130 191
57 103
57 124
28 84
110 114
59 169
70 86
32 87
110 133
11 148
4 154
63 140
13 149
115 118
24 129
73 76
21 180
73 124
38 97
125 159
28 188
7 91
125 195
147 181
138 173
27 133
177 187
58 97
16 134
61 117
55 193
121 188
27 142
114 183
30 155
25 190
2 182
56 104
161 190
69 96
169 188
110 118
174 199
46 146
161 175
171 173
132 196
10 110
98 181
76 146
93 102
104 172
107 124
53 169
126 177
153 174
84 138
134 190
38 41
21 78
19 143
72 195
102 179
17 136
27 29
35 67
90 176
33 137
66 148
51 117
184 198
46 183
9 167
138 152
74 108
61 168
96 165
20 40
147 158
91 162
114 181
40 111
97 180
84 155
174 187
29 44
30 117
117 144
53 68
24 75
4 91
22 94
103 146
20 34
56 112
66 177
57 91
34 192
12 178
30 101
170 198
114 119
87 156
63 139
45 86
42 145
119 142
95 136
2 133
128 195
96 108
127 176
81 171
60 105
24 182
67 192
136 165
150 156
32 117
58 199
26 178
25 177
33 126
155 158
124 197
26 171
23 129
48 137
11 56
40 94
77 152
