0 1
0 2
0 3
0 4
2 5
1 6
5 7
7 8
0 9
2 10
7 11
9 12
3 13
9 14
2 15
2 16
14 17
16 18
13 19
11 20
0 21
0 22
6 23
22 24
3 25
9 26
3 27
16 28
26 29
12 30
15 31
27 32
3 33
21 34
26 35
29 36
0 37
1 38
11 39
11 40
6 41
23 42
27 43
40 44
15 45
41 46
41 47
30 48
0 49
19 50
36 51
41 52
16 53
39 54
7 55
1 56
28 57
39 58
11 59
44 60
57 61
9 62
44 63
35 64
45 65
0 66
50 67
14 68
38 69
42 70
65 71
36 72
46 73
44 74
28 75
62 76
56 77
51 78
38 79
18 80
41 81
9 82
47 83
67 84
79 85
37 86
59 87
79 88
28 89
53 90
86 91
23 92
56 93
89 94
12 95
32 96
84 97
27 98
71 99
69 100
35 101
50 102
36 103
39 104
35 105
30 106
85 107
60 108
54 109
77 110
79 111
44 112
89 113
16 114
17 115
37 116
89 117
65 118
40 119
1 120
84 121
30 122
39 123
85 124
76 125
47 126
38 127
64 128
87 129
127 130
38 131
113 132
90 133
78 134
124 135
35 136
23 137
36 138
38 139
64 140
89 141
46 142
17 143
103 144
60 145
97 146
74 147
88 148
95 149
110 150
48 151
72 152
63 153
13 154
82 155
64 156
85 157
41 158
51 159
28 160
73 161
119 162
49 163
134 164
67 165
66 166
96 167
51 168
4 169
32 170
112 171
24 172
126 173
68 174
63 175
32 176
3 177
174 178
70 179
5 180
136 181
67 182
33 183
54 184
53 185
70 186
30 187
187 188
136 189
31 190
134 191
158 192
115 193
4 194
85 195
137 196
164 197
158 198
181 199
12 63
49 177
92 192
22 186
34 46
141 158
138 148
8 96
8 158
114 129
49 171
42 164
35 129
27 182
47 188
161 193
124 192
13 146
150 156
79 121
87 176
61 163
111 198
52 146
42 87
31 195
24 67
101 160
69 84
4 154
9 39
139 159
46 124
92 160
175 186
100 146
129 131
60 192
85 180
38 164
137 167
65 117
87 108
23 64
51 137
145 150
143 169
43 73
124 196
77 86
90 104
74 132
31 197
127 191
158 167
138 142
72 157
14 186
20 146
38 184
1 45
0 193
19 112
95 197
15 179
2 21
186 192
0 128
74 144
112 174
115 192
59 190
69 108
60 106
12 185
83 123
47 172
96 100
25 33
40 168
34 193
126 186
32 33
18 159
6 96
36 121
69 158
138 196
90 127
98 160
42 176
21 174
20 171
79 167
40 133
58 77
6 170
18 181
133 158
26 157
3 6
75 193
57 123
39 169
92 194
19 183
40 136
14 189
65 119
131 184
123 194
74 77
159 198
159 183
129 158
76 79
44 116
106 144
102 186
16 88
16 41
65 132
24 178
70 86
115 185
56 82
108 124
142 199
40 151
69 111
17 173
11 180
35 179
69 186
74 135
138 187
71 141
11 175
109 120
99 160
17 146
38 176
8 177
146 156
67 187
24 176
109 135
46 121
60 64
6 116
162 192
117 131
36 130
91 129
33 109
26 184
61 66
82 181
175 194
115 132
118 180
162 197
132 198
8 135
35 133
51 60
0 156
58 149
23 198
84 163
161 173
37 149
22 138
25 163
26 115
85 106
37 107
12 62
21 76
10 132
68 84
83 198
116 191
66 135
9 72
73 129
90 189
127 148
9 63
113 138
69 135
29 141
10 144
101 145
102 149
39 195
161 162
51 91
85 95
145 152
190 194
64 94
134 148
23 141
64 135
17 154
28 149
3 99
102 154
112 169
38 173
123 167
100 193
132 142
109 143
10 110
87 101
7 129
9 103
42 97
41 116
91 170
56 185
0 20
32 188
80 141
87 146
50 121
48 158
60 135
62 187
59 171
150 182
99 164
169 188
99 167
91 94
140 152
6 124
112 120
31 83
108 186
54 106
32 62
40 79
8 38
66 195
10 164
4 185
2 155
11 130
122 196
56 186
117 178
26 199
9 97
137 182
71 75
117 137
22 36
120 148
165 181
44 141
33 38
70 190
152 184
51 160
124 195
104 128
49 127
12 105
11 192
94 148
41 101
20 47
55 97
121 163
17 50
77 163
9 161
26 174
131 153
144 149
40 148
21 87
48 130
134 187
47 192
41 49
123 195
32 53
5 80
27 93
0 114
114 185
90 172
167 189
154 155
39 178
24 152
96 137
12 147
12 178
48 153
58 190
36 50
16 76
48 183
84 139
108 175
105 136
95 198
156 180
42 131
15 105
90 123
84 193
27 67
102 139
179 183
57 95
25 101
14 188
18 155
105 175
98 120
33 139
120 159
45 162
3 66
64 152
98 128
28 114
58 195
110 181
48 103
9 102
40 162
24 31
138 143
41 118
9 51
12 85
35 94
144 199
96 143
156 197
105 156
97 194
103 105
37 125
23 119
100 135
16 141
55 123
7 162
5 72
106 181
47 141
17 149
35 59
71 133
62 137
112 172
52 97
41 179
121 126
66 144
85 101
131 149
41 110
111 123
8 170
144 166
0 78
18 39
17 167
20 173
39 188
15 122
123 125
23 148
142 173
87 167
70 195
20 153
18 190
1 138
104 154
26 179
18 103
15 196
28 120
25 125
121 165
61 181
19 38
92 156
40 82
6 38
93 107
51 194
16 176
28 67
101 174
42 53
32 40
3 32
17 85
31 192
56 85
29 127
14 39
103 185
72 89
21 56
157 198
179 184
183 193
4 51
63 135
59 108
75 109
132 148
33 71
76 108
0 45
34 161
26 89
55 131
52 129
6 110
62 177
16 100
6 153
25 76
69 125
3 10
4 191
92 190
60 124
152 161
87 189
105 153
126 176
60 196
141 148
44 157
40 71
69 133
123 151
60 68
25 128
66 121
3 199
29 31
104 121
59 116
11 70
82 134
154 193
67 197
8 122
92 120
54 158
64 125
128 132
34 180
122 134
121 127
119 189
3 129
39 133
130 131
88 154
80 187
0 161
98 107
172 193
4 181
65 183
36 122
98 100
93 101
14 183
28 136
62 75
46 84
9 10
36 42
50 134
18 115
63 193
2 47
106 126
8 44
141 187
170 187
104 122
18 100
6 91
87 137
7 67
22 41
71 111
29 54
11 36
23 63
63 143
58 129
87 89
23 136
133 186
16 68
75 121
120 187
131 164
160 162
191 193
106 147
76 96
78 169
71 199
40 172
37 102
22 147
1 150
57 150
98 175
140 168
142 182
142 184
138 169
4 196
100 129
3 189
89 191
73 89
81 172
25 35
41 186
72 170
105 170
64 88
59 145
32 142
50 166
7 161
62 165
23 120
51 81
9 38
108 142
76 196
78 163
66 172
4 95
146 195
86 159
121 189
104 163
106 157
13 172
75 123
82 123
125 179
144 189
65 135
11 73
61 73
9 42
0 76
100 117
87 171
112 161
29 45
121 152
106 189
133 157
50 127
51 153
2 187
2 96
39 61
134 142
100 130
78 117
16 118
8 127
3 142
106 196
150 180
54 174
30 96
61 168
109 157
18 104
86 191
4 163
50 65
70 167
149 193
7 72
2 108
112 154
130 178
127 194
39 72
90 173
43 127
63 112
37 138
77 176
15 91
39 68
42 151
152 181
82 111
103 118
45 144
30 183
102 193
5 33
52 190
12 55
98 149
26 173
16 107
13 98
2 140
30 76
96 126
24 115
130 174
37 54
131 167
116 179
30 146
146 180
102 119
78 105
69 149
162 169
85 172
163 195
38 188
123 149
125 158
26 60
13 108
14 129
118 179
93 120
160 194
79 151
34 150
159 197
22 145
18 191
7 77
58 193
144 185
84 137
21 45
107 131
156 165
73 91
0 124
95 99
15 154
106 164
38 110
136 139
3 39
97 112
88 128
50 62
121 169
11 121
38 53
99 101
96 123
107 163
76 189
62 138
55 191
2 7
70 181
130 165
34 49
5 83
35 137
25 175
105 132
28 115
31 48
122 153
92 106
161 198
167 176
32 91
29 159
164 180
28 187
145 183
162 178
8 88
13 176
139 196
5 167
99 151
67 156
87 149
115 171
21 127
111 182
37 113
1 184
102 106
3 14
111 173
71 151
114 175
89 98
19 33
5 54
49 167
19 143
129 192
23 131
10 111
51 175
6 75
42 169
31 199
100 163
66 78
167 179
140 197
91 165
21 26
115 138
98 123
56 125
71 74
140 158
61 178
54 177
24 127
37 74
150 193
141 197
117 199
59 85
66 105
171 179
126 180
53 138
100 172
55 87
3 103
0 16
89 138
43 78
34 188
19 98
138 147
62 159
3 121
8 102
24 68
51 149
147 188
94 152
80 125
28 148
73 137
22 190
87 169
183 188
82 195
1 55
45 167
0 113
92 178
56 149
17 95
12 89
97 119
117 174
75 182
92 186
63 88
13 173
91 131
33 48
3 122
168 177
49 193
66 126
126 160
86 111
65 187
136 154
10 175
175 182
19 27
85 127
74 173
56 57
106 118
167 168
68 69
88 136
106 146
55 126
40 83
67 118
63 75
114 190
27 148
174 179
30 127
58 180
52 133
60 176
99 189
2 122
42 107
142 172
53 80
23 110
66 80
125 182
90 199
27 38
12 24
58 104
151 164
8 166
99 134
66 69
14 163
94 115
68 183
78 183
155 161
95 160
6 180
19 72
57 62
8 77
50 143
84 114
21 29
48 69
136 187
50 185
61 121
128 134
0 68
53 131
71 119
6 143
144 145
94 108
88 121
24 108
7 128
120 195
42 93
61 130
3 111
8 138
40 139
73 183
150 157
108 115
46 91
77 152
66 92
89 115
84 151
64 82
65 191
15 156
88 174
27 83
34 132
32 82
122 173
31 73
73 168
143 149
8 23
93 142
1 15
22 38
31 191
126 184
153 182
28 34
78 197
102 105
131 169
38 138
64 126
25 58
86 173
14 97
3 65
4 28
54 61
111 124
63 74
28 98
30 125
3 36
51 116
101 162
80 120
34 160
132 170
147 190
79 152
55 103
16 119
163 175
22 115
76 102
45 64
34 199
36 52
9 64
9 128
55 169
117 195
84 178
89 163
160 198
132 172
94 176
4 172
7 106
76 165
3 161
87 119
43 167
59 114
97 175
89 183
190 191
33 146
23 62
77 133
53 123
6 138
28 170
12 13
45 62
43 93
112 197
64 84
4 62
58 115
36 195
31 41
39 153
98 183
33 44
66 101
11 49
41 71
4 135
3 11
113 194
63 171
2 26
34 158
95 167
43 146
58 64
13 191
117 192
75 97
58 155
115 143
4 139
77 182
96 147
27 105
148 153
26 88
72 158
6 37
62 114
90 91
148 182
4 94
50 138
135 186
108 181
95 146
24 109
6 35
53 153
2 51
15 49
39 46
98 155
106 159
114 160
18 32
81 96
31 162
84 124
92 108
3 163
143 164
28 103
0 198
37 77
151 198
156 172
33 74
67 99
79 95
53 64
19 67
108 165
137 164
80 109
175 199
111 178
87 166
42 156
66 115
56 131
41 69
0 127
105 117
158 178
13 114
41 50
18 26
85 149
70 185
12 164
29 47
156 157
6 25
2 124
104 130
112 162
21 175
100 175
2 54
21 135
36 126
23 145
162 171
134 150
62 186
97 172
40 69
34 185
90 113
94 123
102 165
36 199
88 100
87 197
60 141
59 121
4 116
9 117
22 154
69 179
163 173
37 188
19 189
81 89
98 194
121 186
18 177
128 161
13 69
91 197
98 102
3 149
70 155
38 186
152 183
112 134
18 121
17 28
75 85
69 177
34 58
48 195
36 165
91 181
39 167
73 128
179 194
69 154
68 161
20 45
135 180
50 193
88 90
11 28
70 145
116 198
28 197
46 67
67 106
6 133
122 190
4 131
15 157
28 179
45 72
11 144
36 161
105 110
129 170
24 72
12 165
92 176
167 194
78 101
17 97
30 196
72 169
66 138
0 17
69 114
11 111
2 30
35 118
130 147
39 172
128 158
18 98
168 176
18 124
86 95
2 197
108 167
97 123
25 124
10 64
45 57
88 102
33 36
30 180
164 186
23 173
15 46
9 87
33 163
64 161
64 69
78 146
93 106
35 151
24 132
94 154
96 146
111 137
108 152
0 147
68 164
8 118
28 47
32 117
137 195
26 66
41 196
85 144
61 159
2 150
4 121
59 180
5 115
25 38
27 30
18 196
96 197
55 130
53 101
8 147
83 125
127 186
72 119
12 129
1 52
104 116
36 198
131 138
69 176
3 145
101 165
116 194
137 151
92 199
1 103
86 141
26 102
14 182
30 77
47 56
61 132
93 110
96 154
38 87
46 134
0 191
8 73
167 171
154 188
4 66
10 153
62 171
80 135
102 169
103 194
82 85
4 17
57 136
15 171
113 148
106 160
49 88
76 169
14 96
109 169
74 154
99 178
157 171
175 189
159 175
7 95
2 183
61 99
154 171
30 155
115 191
30 194
8 90
31 163
61 164
54 190
89 106
66 110
66 188
67 121
6 27
138 154
59 69
118 194
43 180
13 103
19 134
20 53
127 151
71 86
69 90
49 94
101 168
39 192
73 171
8 142
170 176
6 123
2 19
3 38
30 147
17 104
112 196
19 178
43 187
76 134
57 101
128 184
52 135
17 101
19 161
91 150
26 46
62 131
141 170
110 132
92 115
73 193
11 164
55 100
78 145
17 46
90 114
6 49
134 198
42 58
136 147
135 181
95 183
6 62
18 71
55 150
10 105
32 134
58 133
91 104
116 133
9 153
97 118
181 185
91 146
16 189
43 89
74 124
21 93
53 86
42 140
33 46
105 160
36 75
138 156
109 124
50 108
69 96
109 123
39 59
50 137
72 186
124 148
170 195
135 197
114 181
121 154
73 139
8 21
26 178
138 149
13 169
1 144
62 103
3 75
13 82
103 170
20 79
171 173
153 191
41 114
79 178
55 181
17 77
73 162
0 84
55 151
61 70
62 78
20 183
145 149
165 169
102 171
86 190
48 157
39 100
149 150
115 139
21 64
91 186
96 192
39 152
6 84
46 143
97 149
106 185
24 48
78 154
25 108
58 112
148 172
41 44
3 5
1 76
51 180
145 192
112 122
63 192
64 85
40 89
21 106
104 151
19 68
27 46
41 102
73 104
129 161
33 117
10 76
141 173
7 131
27 86
54 68
84 159
11 142
155 173
7 110
129 189
75 142
173 194
70 176
4 33
32 100
12 168
82 109
79 102
26 160
32 120
11 163
120 189
143 158
18 182
12 23
40 84
23 152
160 192
189 193
77 112
81 184
61 169
1 118
117 186
38 183
14 117
49 60
82 114
63 72
96 159
112 157
17 105
13 133
60 100
127 171
30 173
56 147
114 137
86 119
50 191
162 199
21 145
92 94
26 120
56 83
6 175
25 149
162 182
0 89
25 120
49 175
85 184
120 182
8 27
54 181
15 48
12 71
19 97
6 82
128 178
42 158
113 196
71 138
67 76
11 108
10 147
86 126
8 173
34 192
55 186
71 197
10 141
146 168
119 130
66 167
0 54
58 134
167 192
68 126
37 82
119 132
30 152
29 157
18 52
15 124
33 171
36 169
79 180
125 191
172 179
117 156
190 192
77 120
37 172
61 105
172 181
110 160
22 44
12 103
105 114
47 74
15 181
65 69
56 66
119 164
19 110
58 78
10 158
12 188
21 109
122 197
97 165
6 117
122 189
7 15
113 131
29 62
156 171
115 121
99 128
34 82
76 191
115 146
99 126
136 151
71 87
6 194
44 193
128 139
70 129
87 95
85 182
73 140
54 66
132 146
113 152
84 160
33 101
31 112
87 91
62 101
12 171
111 186
7 27
0 7
55 124
111 167
33 159
86 89
24 64
32 163
97 104
6 139
154 199
93 132
58 140
23 45
17 182
115 145
96 99
142 155
42 52
103 128
124 155
133 190
29 108
140 165
37 192
33 191
1 2
82 121
117 158
95 180
137 152
13 137
25 70
56 184
64 86
46 70
20 126
12 118
8 159
61 112
31 110
66 163
77 88
21 164
56 158
60 175
112 119
16 142
172 185
31 156
43 55
91 188
108 172
71 190
4 108
107 109
144 176
3 86
97 199
99 114
25 123
102 156
87 198
120 177
152 173
94 111
31 102
74 184
126 135
126 146
12 140
54 137
28 41
12 26
55 158
36 116
34 140
0 130
28 124
87 150
134 168
74 95
15 130
71 152
100 142
48 84
10 40
67 138
19 92
108 176
4 151
105 120
10 32
4 120
76 126
79 125
1 72
83 113
149 181
99 100
15 174
41 171
13 147
136 177
125 177
1 111
0 103
30 109
30 170
43 47
33 132
105 124
99 185
55 155
122 170
92 170
95 128
51 53
58 165
4 124
59 113
17 53
25 39
86 97
41 149
6 183
155 166
15 100
18 113
87 184
21 159
92 175
45 83
54 147
6 77
153 186
112 145
62 191
13 156
29 162
95 114
37 179
33 77
115 151
163 190
138 189
3 112
11 84
1 33
58 163
58 196
40 146
57 106
97 195
122 142
21 108
6 160
60 198
5 189
100 179
67 97
106 156
130 191
89 142
28 111
22 192
16 94
86 110
82 162
144 167
119 147
180 193
13 166
6 131
153 174
159 162
33 95
143 152
177 188
31 75
62 71
51 88
85 194
26 83
8 154
168 173
3 98
105 164
45 60
63 121
45 165
135 149
60 177
42 57
34 61
10 86
87 131
37 119
40 137
122 123
54 126
44 101
29 83
6 72
43 50
177 197
80 152
41 73
99 111
16 115
80 105
104 134
54 138
98 136
157 166
4 87
93 117
34 145
68 151
43 90
76 121
58 94
61 199
147 151
58 61
78 139
14 110
45 188
76 172
112 143
19 193
32 158
75 150
44 167
51 103
80 178
26 111
34 159
56 198
175 180
2 34
170 197
8 28
78 107
70 183
15 30
1 89
67 159
107 117
70 150
17 174
76 199
20 186
93 166
27 175
6 174
4 21
10 189
2 134
2 164
48 142
86 104
66 68
35 124
106 176
16 179
61 93
97 170
15 99
55 85
85 125
150 155
3 133
61 62
66 170
18 189
7 139
22 100
15 180
113 133
30 190
51 191
44 105
82 170
56 91
85 166
166 181
11 127
53 115
19 41
153 195
21 129
12 126
46 154
35 75
102 167
90 125
3 71
35 181
80 196
7 89
25 43
127 188
9 59
8 123
59 103
137 150
35 111
34 196
43 161
21 113
66 86
5 142
128 165
4 150
49 128
164 183
0 32
86 96
0 91
80 94
55 183
24 53
119 142
63 109
103 135
35 52
78 162
90 177
31 62
36 152
67 171
2 199
12 157
23 52
5 138
23 58
60 84
93 156
54 134
152 189
57 68
2 192
85 102
57 97
25 28
105 163
8 25
2 181
1 107
51 93
44 179
85 167
102 148
72 138
84 86
104 117
42 63
2 123
54 112
2 191
1 25
104 162
55 56
67 89
34 57
28 169
4 156
126 138
174 189
152 171
121 190
117 197
42 71
126 199
116 158
124 176
81 92
4 47
104 198
82 98
16 79
158 187
58 65
57 186
48 122
54 165
7 87
3 22
1 13
112 131
64 195
25 53
74 163
12 183
29 114
85 117
52 116
67 77
64 130
28 198
82 173
24 92
42 145
120 156
35 155
14 197
26 36
42 89
25 192
4 162
54 197
91 185
64 122
10 42
115 199
34 48
40 129
14 78
47 52
48 149
49 97
92 177
30 118
5 77
55 168
29 146
53 189
1 69
149 174
11 100
13 81
29 56
2 154
75 115
63 133
40 171
1 125
179 198
49 70
32 87
107 169
154 166
77 127
63 102
35 198
104 172
56 156
119 125
46 171
0 10
43 138
124 153
50 150
114 166
87 123
33 99
33 157
169 176
30 38
107 140
114 132
180 199
97 140
29 79
6 112
32 196
132 149
70 140
99 127
59 189
164 174
24 110
13 198
49 168
4 183
48 106
36 85
37 112
34 36
54 153
7 93
56 141
29 35
6 129
29 152
35 84
21 99
81 111
116 161
109 149
26 86
43 182
80 199
95 120
19 65
35 174
21 171
15 19
73 117
21 66
83 165
53 98
26 150
117 159
7 81
20 103
101 119
44 50
24 98
184 187
21 51
127 177
106 140
73 155
70 133
180 187
101 156
56 150
31 117
2 169
53 106
84 198
4 182
70 173
38 151
47 131
28 79
129 198
148 160
40 70
42 96
44 138
23 139
32 173
72 84
82 161
115 169
36 196
154 181
3 171
41 80
21 130
134 166
45 88
50 124
24 55
66 179
104 173
26 33
5 155
65 98
149 163
91 157
91 96
65 103
13 55
10 54
18 153
83 89
79 191
52 119
23 46
112 123
67 83
66 140
74 128
11 105
65 190
135 190
32 132
54 104
18 148
42 48
143 193
46 54
160 196
35 166
4 100
76 99
28 121
31 144
5 107
63 151
19 176
36 176
50 147
173 177
42 86
37 182
154 172
52 61
55 157
53 194
6 179
132 183
75 141
138 177
0 199
57 194
135 150
23 181
103 122
75 111
123 126
39 87
83 172
15 189
40 105
35 125
95 194
24 87
15 132
51 177
51 132
1 196
146 171
1 57
90 129
144 187
139 150
57 171
10 96
86 181
33 182
19 158
45 75
75 155
0 150
18 38
41 96
46 184
11 177
18 83
27 145
29 150
37 118
153 181
8 152
29 143
75 102
45 157
15 182
181 186
126 158
70 138
60 65
16 83
22 193
144 164
39 40
54 76
167 170
192 198
23 50
147 192
106 191
37 111
166 183
174 190
94 169
114 169
28 119
82 191
99 192
99 141
108 144
71 156
149 195
34 40
9 132
1 22
139 158
100 183
72 92
89 186
130 177
13 28
110 162
15 188
121 156
64 164
107 193
16 48
107 127
88 117
3 80
55 115
79 113
22 159
8 150
5 85
133 137
57 107
10 37
81 182
137 180
96 190
186 190
61 65
44 170
78 189
51 70
8 197
182 191
64 107
5 25
17 193
115 188
31 91
28 181
11 153
75 84
72 176
77 116
11 21
33 149
139 184
91 110
10 143
9 164
19 136
28 128
27 36
136 137
25 146
85 129
121 148
35 99
50 89
113 181
58 107
36 146
80 189
94 102
38 51
18 66
143 178
42 124
43 198
4 58
17 48
3 169
127 179
52 144
58 191
106 197
64 162
82 171
33 39
129 163
175 192
100 111
9 131
72 91
24 42
95 134
22 30
11 98
43 136
15 67
4 14
52 60
102 123
94 185
97 100
16 137
59 64
48 110
29 125
78 135
11 183
9 163
90 174
35 158
15 77
26 125
129 191
24 59
68 165
187 193
134 199
123 189
156 173
30 188
168 195
80 183
54 163
44 66
123 197
23 93
117 191
136 145
73 76
123 177
37 53
61 179
19 24
53 171
14 171
139 182
102 160
58 85
36 135
56 103
26 193
97 128
137 192
35 140
18 61
16 124
144 190
99 107
150 152
34 113
62 162
92 163
103 160
78 79
27 87
86 193
26 76
103 162
77 179
20 193
67 98
47 127
25 178
83 161
91 138
98 125
15 94
111 132
79 137
61 195
20 90
42 199
161 163
74 116
28 139
153 173
1 133
44 187
150 186
43 194
97 163
13 78
124 185
39 180
20 166
96 176
31 149
86 188
14 164
85 169
81 160
39 89
20 141
14 150
68 180
109 140
30 92
124 137
126 144
149 186
72 180
11 133
40 135
75 186
127 150
85 114
92 100
2 160
25 147
71 154
53 93
23 175
30 116
18 166
166 177
51 130
35 146
6 9
38 103
17 83
28 104
93 136
8 54
2 171
16 182
2 35
38 124
13 101
17 71
115 127
132 196
14 65
132 179
12 36
76 177
106 131
44 126
19 151
9 167
17 52
26 145
28 194
107 176
52 63
30 115
3 77
138 181
41 108
13 39
67 160
4 148
81 185
37 71
48 196
84 195
134 174
16 72
29 124
6 126
52 123
29 137
82 124
90 159
65 194
35 194
5 176
102 194
92 179
2 41
16 133
15 96
39 127
71 93
68 169
41 65
80 197
75 135
99 150
56 148
50 120
1 197
159 169
104 158
34 83
22 45
36 175
163 170
18 116
92 123
77 132
49 103
69 110
7 38
114 194
8 52
14 87
126 136
130 134
53 128
19 87
31 141
78 141
41 92
139 187
87 128
11 178
18 109
9 165
151 193
37 197
72 114
0 58
55 172
99 135
52 164
52 160
49 190
38 63
153 188
148 193
30 156
33 158
17 125
33 193
70 144
152 167
50 97
54 185
77 104
37 157
189 198
155 160
60 172
158 184
45 114
1 185
82 159
4 79
32 89
66 159
43 52
52 128
89 157
131 152
12 154
94 173
127 163
67 144
133 141
39 165
26 65
155 159
0 134
55 104
22 48
64 132
5 39
99 115
96 140
52 173
93 168
133 192
82 94
62 188
65 74
139 197
28 189
2 107
9 147
133 160
44 103
16 84
144 170
9 156
22 157
59 143
32 175
6 98
47 116
79 175
89 198
39 128
85 181
97 131
105 172
125 164
39 76
77 197
19 49
71 150
62 176
69 155
46 167
45 159
101 105
110 135
30 67
105 121
0 181
4 129
0 28
26 81
154 156
111 175
111 188
71 134
31 76
40 51
11 199
63 98
82 192
0 87
40 181
142 187
75 189
155 162
122 137
38 50
77 147
114 188
32 110
100 138
16 60
53 60
68 83
76 178
29 33
59 149
3 87
16 36
63 117
134 167
77 181
21 83
26 113
113 180
24 51
105 151
182 195
60 193
154 190
71 82
35 145
52 139
34 169
36 86
50 76
52 131
8 191
113 178
52 163
104 183
142 167
17 123
93 172
70 90
106 115
37 114
83 154
121 149
90 106
86 101
94 187
48 97
3 4
9 37
0 59
140 181
164 166
35 177
61 85
8 75
12 166
18 22
69 188
37 166
1 110
134 189
91 153
44 124
74 159
94 103
170 180
59 141
36 58
146 162
56 180
167 199
136 155
49 192
78 184
26 137
43 174
121 162
82 128
103 134
9 192
70 99
84 131
61 136
63 137
14 194
93 196
154 177
157 158
121 176
71 177
20 156
55 62
86 90
87 191
39 52
49 194
102 183
60 92
53 183
124 198
10 137
109 111
74 185
23 90
70 101
118 120
67 150
10 179
66 120
0 167
31 47
41 191
76 197
20 24
173 187
28 122
21 46
19 113
50 83
102 195
47 190
139 144
19 171
101 141
86 100
9 94
130 184
64 83
9 136
100 151
69 83
14 174
28 132
124 174
119 163
49 178
79 164
81 151
6 71
153 158
102 196
83 152
81 181
43 165
82 120
12 159
101 167
22 130
136 142
82 103
165 180
19 182
178 185
11 17
30 79
89 96
162 196
55 99
43 53
13 187
101 104
161 175
115 172
129 172
82 131
80 177
64 101
37 117
120 180
24 44
60 191
149 162
40 91
153 164
72 117
20 118
98 174
81 169
56 139
85 175
3 35
2 113
88 101
56 133
176 180
40 167
75 166
118 167
24 143
52 154
144 181
29 144
33 198
1 48
30 61
95 112
41 136
9 198
108 173
49 61
93 114
34 112
0 34
13 59
82 138
138 198
32 67
53 74
45 127
56 90
44 165
148 194
88 129
51 125
97 179
27 89
29 151
127 133
99 105
113 136
20 114
73 103
87 139
16 134
73 199
105 189
65 109
147 171
143 160
5 58
71 115
152 158
47 66
65 145
52 113
94 153
4 18
69 102
131 150
72 107
47 107
81 93
67 155
59 133
91 161
35 70
34 71
92 151
39 161
11 136
132 163
17 90
0 188
41 178
16 96
64 76
84 115
126 153
64 78
37 60
72 129
37 58
58 194
41 192
62 181
64 116
185 187
10 95
183 194
6 157
30 112
116 177
94 143
172 194
13 62
42 181
61 141
46 190
58 68
83 143
81 146
93 139
79 86
127 181
96 119
5 97
66 174
35 119
22 183
40 141
53 54
145 186
68 98
22 141
39 174
141 150
46 191
32 80
60 62
21 158
6 22
129 188
58 111
139 190
9 186
52 194
8 163
8 148
51 152
115 159
72 141
33 102
6 10
163 169
95 157
107 174
25 114
4 57
34 142
3 42
103 148
88 122
42 121
120 181
8 61
126 141
12 114
109 162
95 145
80 116
47 142
36 154
73 192
1 20
94 161
41 54
77 149
32 151
146 188
12 107
61 167
57 167
123 164
107 126
85 113
56 179
174 186
7 152
51 181
25 130
62 127
159 180
36 181
169 171
49 109
74 102
68 149
58 135
25 133
137 190
12 131
3 175
118 141
26 121
28 178
25 30
56 75
1 143
85 111
52 166
64 189
61 120
4 91
27 53
12 172
38 174
11 48
89 132
3 144
21 30
96 124
22 165
64 74
38 95
67 164
1 155
88 161
25 197
1 26
10 34
83 177
103 109
61 92
90 99
88 96
37 171
169 185
33 52
23 127
18 87
96 191
51 119
1 49
90 153
149 179
109 196
166 168
53 109
36 98
76 113
99 106
77 137
46 178
74 171
93 155
76 130
86 183
170 190
7 40
35 167
118 134
13 15
166 172
6 101
50 104
182 188
57 165
39 117
77 186
52 149
71 176
68 110
76 186
54 157
8 80
11 91
150 175
47 133
180 191
22 148
124 158
115 122
146 185
25 95
59 65
44 100
136 153
137 159
73 97
55 79
12 198
7 117
106 143
7 43
48 170
157 192
56 115
86 124
48 115
11 197
120 123
17 63
117 144
7 52
95 196
40 53
21 199
19 44
17 150
125 198
47 163
93 104
66 112
61 71
43 79
69 175
27 118
119 148
107 178
15 18
134 182
41 183
24 153
124 199
51 161
146 150
92 131
7 137
15 133
131 155
142 161
1 82
104 197
148 174
106 119
106 150
83 162
73 186
112 155
34 115
16 50
39 173
32 198
41 157
50 72
74 105
80 87
44 153
50 95
143 179
129 153
6 61
129 175
54 169
27 84
135 199
18 29
28 165
105 108
81 192
22 188
78 195
29 55
142 150
96 198
86 94
149 170
92 140
129 134
21 163
67 177
166 199
97 185
54 178
158 185
92 118
16 125
25 100
180 198
9 116
102 170
24 137
26 191
34 184
75 94
108 116
74 141
13 177
8 156
3 101
42 80
132 177
24 140
6 161
24 32
12 136
170 193
113 164
37 159
7 79
87 106
67 125
60 129
75 131
5 154
16 93
50 92
88 167
44 191
8 83
6 24
143 192
46 166
123 186
111 143
30 35
100 126
49 198
121 168
90 197
54 77
88 140
69 97
77 153
26 94
113 192
30 33
103 145
21 104
129 171
37 78
104 137
69 128
64 167
71 79
85 120
124 159
7 103
158 163
144 173
40 75
84 89
72 160
53 65
142 179
22 62
95 163
155 176
161 183
116 151
55 74
62 90
68 101
91 166
88 112
127 176
193 198
72 110
20 100
9 67
53 167
73 132
28 176
167 186
119 171
10 133
119 191
81 136
45 193
23 157
5 111
73 179
25 67
40 170
70 166
107 124
39 71
77 119
47 151
101 169
30 160
125 160
39 171
22 142
7 187
23 188
69 112
6 119
19 75
120 176
16 59
101 111
15 63
48 160
28 51
84 95
56 137
70 121
29 93
73 178
143 177
15 108
62 87
44 142
30 198
17 41
107 190
131 199
91 172
132 181
66 146
63 108
107 183
109 176
13 163
18 136
15 164
112 190
93 183
41 152
9 45
71 167
38 134
6 102
111 138
4 81
24 173
13 76
125 173
59 82
119 136
124 178
76 182
140 169
75 91
43 181
56 183
107 157
35 92
21 55
135 160
22 143
46 83
30 42
27 156
110 175
98 150
133 175
10 107
66 128
71 155
16 78
1 149
42 88
29 142
35 82
2 157
92 169
74 125
135 171
22 127
129 168
128 146
64 193
24 63
99 180
95 153
21 146
148 154
26 93
153 193
119 135
122 162
76 118
107 130
91 182
40 67
164 190
70 189
71 188
40 57
59 175
143 191
33 78
17 60
78 124
150 196
82 122
59 81
167 172
62 83
173 192
25 84
62 122
36 46
98 127
21 43
1 189
77 165
27 172
89 161
20 130
92 134
17 58
90 131
40 174
28 138
35 131
31 60
80 95
42 74
45 154
17 62
93 133
80 108
157 181
44 185
60 182
59 199
66 184
35 186
44 61
109 161
82 157
21 117
69 105
98 140
46 104
102 134
128 187
33 166
104 110
94 136
58 74
79 135
44 91
126 193
16 63
38 117
1 101
36 47
155 195
55 139
96 152
17 130
72 182
128 160
8 81
21 24
143 154
126 183
87 190
35 39
98 163
72 88
50 199
93 190
177 198
63 93
109 199
112 182
4 97
121 158
141 164
148 167
72 198
46 147
21 22
9 169
80 171
89 136
38 73
42 144
34 114
9 101
18 63
25 46
184 188
16 32
118 119
112 186
153 183
139 170
41 104
13 99
61 145
17 151
8 196
121 131
28 199
118 121
18 51
8 151
22 177
23 94
97 191
30 74
19 73
50 118
77 189
8 192
41 190
32 133
46 172
3 191
84 106
102 141
58 117
14 82
79 195
103 166
12 58
29 155
58 142
18 197
40 58
79 183
84 167
29 70
15 97
94 179
114 176
21 173
49 81
102 104
77 101
79 117
16 165
90 110
111 149
26 73
9 174
135 192
44 147
54 122
51 73
83 92
163 181
27 102
98 130
39 82
46 111
34 139
42 183
117 118
102 144
4 53
128 170
89 149
79 179
10 139
108 177
148 168
95 140
65 96
133 195
4 99
42 175
142 170
88 168
23 28
129 152
173 193
26 159
41 77
83 109
7 113
170 171
29 49
47 71
53 172
79 100
95 100
36 187
99 159
107 148
14 148
12 76
53 168
96 183
147 157
97 107
113 139
114 134
116 185
5 51
69 104
99 143
18 112
117 190
108 130
42 112
56 169
67 104
10 186
45 111
120 183
24 66
46 139
59 95
47 122
17 109
47 154
38 123
16 27
67 181
101 161
62 194
98 124
121 195
18 169
96 122
38 189
90 95
59 163
115 142
119 188
49 72
10 182
24 142
92 153
54 192
93 102
86 178
45 190
72 161
4 80
81 122
112 132
55 95
102 135
50 51
79 132
153 165
77 144
100 105
102 199
65 77
105 198
97 176
13 183
150 197
73 185
47 65
3 57
26 67
61 98
27 50
49 87
125 196
67 80
17 169
159 192
19 94
74 199
11 106
24 168
95 144
108 125
6 190
50 175
56 105
85 136
82 154
0 93
96 185
14 154
6 145
138 144
38 100
87 143
58 182
28 72
157 165
11 101
110 142
43 95
41 182
44 161
46 64
32 55
58 99
67 124
5 121
6 114
55 179
85 197
171 184
18 69
84 168
16 112
100 149
52 108
35 141
89 197
76 155
17 166
86 185
149 197
118 129
134 193
131 166
49 150
98 169
21 191
126 175
50 126
140 177
9 178
53 130
45 95
11 173
101 193
156 176
45 78
7 157
2 182
55 175
16 33
96 132
60 179
93 159
72 193
75 113
73 108
56 86
179 193
23 67
74 190
81 126
134 179
128 129
20 190
37 47
159 179
93 115
90 117
132 166
17 124
96 131
43 106
58 122
133 156
42 64
138 161
40 180
68 85
38 157
14 141
25 102
171 196
53 125
79 110
76 179
10 119
48 181
60 86
159 170
118 137
95 137
19 198
43 157
134 162
44 87
8 169
53 72
163 166
54 69
28 108
94 147
62 82
141 142
12 169
4 36
67 96
26 78
7 74
7 101
76 87
59 198
21 53
5 114
105 190
65 75
17 79
148 185
124 125
153 177
75 197
7 84
112 151
14 24
45 131
98 113
103 190
133 168
4 180
48 62
17 43
112 159
3 132
65 126
70 182
20 161
44 172
163 178
105 122
88 114
89 154
46 65
153 196
98 181
79 162
4 147
40 54
98 157
133 153
13 36
115 186
109 175
64 169
105 176
32 124
19 46
90 170
36 173
42 133
36 157
105 126
8 181
50 186
57 70
9 70
26 75
67 175
106 187
24 130
30 193
139 146
84 145
103 180
36 45
27 138
5 181
11 14
41 194
30 49
106 121
94 170
118 173
110 133
61 114
2 11
196 199
78 102
92 197
38 71
54 149
22 170
94 132
119 145
145 173
16 190
51 195
22 140
72 98
39 81
8 171
10 127
127 131
64 168
37 126
41 75
104 148
64 106
122 198
38 172
84 128
72 184
51 186
50 152
21 91
45 138
29 59
20 28
27 59
42 102
100 115
137 163
42 154
122 147
46 60
100 152
70 85
2 90
87 164
19 186
65 136
17 24
87 109
54 179
4 70
34 183
141 168
120 158
60 190
3 127
16 129
23 140
140 174
177 181
15 141
32 34
66 157
46 125
83 122
84 188
34 45
28 168
23 73
45 128
80 85
66 123
22 60
1 63
49 133
21 96
32 106
14 158
63 134
90 137
3 154
92 142
72 173
135 157
65 179
45 150
18 46
85 112
59 152
101 175
43 168
11 69
14 118
28 155
151 168
49 131
9 68
106 135
63 180
48 91
41 53
69 199
10 131
24 157
136 172
87 162
2 17
10 118
45 100
54 115
57 142
1 50
64 141
4 188
54 155
162 195
54 55
23 154
119 184
59 72
56 194
135 176
5 152
160 179
175 187
90 112
184 197
35 43
54 176
6 18
53 79
38 91
147 160
39 119
99 147
152 193
38 119
146 160
102 111
20 128
174 199
12 101
12 44
66 118
19 102
149 188
11 80
166 167
6 85
83 145
115 129
6 46
133 171
104 196
68 128
91 120
4 96
56 172
62 196
102 189
4 9
45 197
79 98
2 109
81 99
2 33
2 67
143 150
46 97
23 142
105 109
134 154
95 142
160 171
98 170
19 174
31 90
117 152
101 143
173 182
39 164
102 164
3 160
139 168
157 162
107 171
18 86
49 76
142 190
59 144
157 163
87 111
93 148
51 52
15 81
52 156
111 125
170 192
16 75
33 162
107 160
3 190
113 174
17 34
13 140
7 155
37 104
113 115
39 182
35 77
116 144
11 71
46 156
60 161
169 190
45 76
17 191
39 145
52 168
132 135
77 131
16 49
180 183
21 88
82 187
83 136
102 159
50 80
93 171
5 119
18 170
3 91
3 67
11 146
7 122
74 196
60 147
2 163
2 93
44 146
93 167
54 80
4 184
84 179
3 95
3 172
91 99
73 111
163 186
170 188
76 112
135 169
23 162
30 84
163 164
43 171
117 182
17 170
84 185
120 137
11 90
40 48
119 168
28 161
119 169
79 84
129 151
98 144
65 127
30 148
27 123
127 128
130 137
182 197
29 145
18 67
28 53
146 184
31 97
61 91
84 142
111 118
73 110
76 184
17 196
156 189
20 22
8 63
42 130
9 154
122 164
65 166
42 182
24 83
142 175
15 36
46 103
70 147
4 54
51 86
62 102
90 156
21 136
55 76
66 131
119 166
126 161
66 165
60 126
2 167
122 175
120 157
10 136
94 164
78 96
104 129
40 41
49 197
49 106
8 97
30 166
27 133
80 192
17 185
123 161
16 140
65 159
43 121
72 109
105 119
46 88
90 190
51 67
131 139
47 75
49 95
155 157
81 105
24 180
48 63
72 179
18 48
113 130
4 40
61 165
115 123
100 113
91 174
76 119
17 36
16 85
84 191
43 186
0 53
10 18
80 128
74 113
96 188
49 116
78 83
48 178
32 41
96 169
107 166
124 183
142 152
50 173
61 172
50 181
27 65
22 156
5 8
165 186
24 54
132 156
35 61
83 155
14 134
1 156
57 76
43 141
189 194
55 152
16 55
15 65
99 157
99 139
143 167
83 160
100 158
45 184
29 129
16 69
34 52
78 143
53 66
48 56
141 160
104 142
80 90
92 129
191 194
141 186
10 89
88 104
32 169
31 127
62 146
179 192
69 94
164 169
178 184
105 183
71 162
120 194
27 166
8 26
7 69
1 77
62 168
17 87
57 116
77 114
59 96
46 75
25 88
24 43
130 193
43 107
26 183
1 46
22 64
14 180
36 66
11 123
50 192
101 188
87 170
167 182
125 126
147 166
105 195
43 144
150 192
97 126
58 157
11 55
151 159
105 118
38 168
110 163
120 134
186 189
17 55
14 94
11 107
133 159
18 78
81 156
107 122
46 144
46 199
18 127
17 100
58 100
9 13
34 154
70 103
28 183
15 147
115 170
26 68
74 161
42 189
125 161
132 187
57 145
18 134
106 139
51 165
41 63
29 132
13 97
22 25
90 132
29 161
85 118
149 198
44 70
163 185
112 188
55 136
99 175
95 102
18 47
19 111
13 190
58 186
30 184
14 112
63 152
122 174
138 139
170 198
1 113
73 196
115 182
193 195
114 198
38 166
101 124
124 186
83 132
49 102
95 97
46 79
35 115
118 154
82 183
69 167
71 193
113 158
151 183
51 108
37 46
123 137
57 158
73 123
8 60
55 197
29 48
86 186
137 153
147 182
20 160
44 83
12 41
36 134
22 101
85 126
140 144
24 154
85 143
46 107
15 153
66 171
72 168
37 184
44 168
104 184
38 42
88 111
46 76
129 185
67 127
162 193
179 185
97 124
26 163
2 130
17 164
8 165
52 114
73 119
39 106
38 161
48 152
73 134
89 146
153 192
30 41
54 67
100 186
46 101
48 146
100 173
131 181
50 164
135 141
46 198
27 167
5 92
138 146
100 141
53 162
8 53
68 147
117 127
88 137
76 122
5 137
70 76
35 162
173 185
27 169
77 90
90 148
51 147
31 193
57 103
85 187
4 109
98 185
15 70
37 195
9 185
27 113
170 183
46 80
23 91
8 65
140 175
62 180
3 170
13 144
123 166
101 134
151 175
23 122
33 66
78 193
21 73
22 179
100 170
38 149
68 170
123 153
44 155
120 188
5 197
6 32
58 93
57 104
73 198
67 91
56 191
20 92
15 128
115 140
101 176
158 168
12 141
116 186
165 173
13 182
43 149
51 97
52 195
21 65
68 105
96 135
174 193
66 147
88 123
91 177
121 147
153 189
89 196
131 176
14 66
13 54
9 40
22 102
36 102
29 172
96 133
103 111
55 93
108 143
75 167
40 108
34 59
45 48
25 89
22 80
58 148
17 128
19 83
95 110
38 44
97 132
30 59
132 160
14 91
17 66
63 106
7 76
33 150
4 176
141 166
170 189
103 159
133 145
48 49
49 158
80 145
34 86
31 168
160 188
92 180
159 167
4 68
89 99
35 89
56 64
68 113
18 56
98 196
42 168
16 180
52 99
6 28
70 151
19 163
65 115
68 186
118 187
83 173
118 130
22 182
20 60
10 29
106 111
122 169
159 166
46 174
111 134
72 197
48 71
74 129
99 103
39 194
36 41
18 175
79 169
8 198
144 191
63 154
6 115
36 178
90 101
127 161
9 52
102 128
145 160
132 185
29 176
30 159
84 164
3 37
172 184
135 195
61 84
73 98
36 78
96 113
107 177
123 182
112 126
56 92
44 75
65 122
144 159
37 99
36 73
79 147
128 191
164 170
70 80
49 83
1 24
81 168
80 176
52 88
30 132
21 149
56 195
47 187
57 164
52 180
58 176
88 130
9 16
32 137
127 138
47 92
40 165
1 84
47 78
13 167
64 105
77 84
56 157
91 136
118 147
34 151
27 198
16 47
40 193
25 176
57 118
41 162
26 182
76 114
128 171
0 168
1 39
91 139
96 182
156 169
169 180
49 186
4 34
29 97
91 195
10 22
55 159
55 77
171 178
66 97
84 107
4 123
94 160
5 141
61 160
73 74
55 164
80 93
19 70
9 145
68 152
5 165
98 178
44 85
75 95
38 75
84 118
114 177
169 198
65 82
31 38
105 166
29 148
121 182
116 149
32 156
141 196
59 123
33 128
46 47
41 55
41 121
42 173
69 156
3 81
98 117
101 172
109 126
86 163
29 126
171 198
126 191
21 111
45 67
47 175
68 91
86 107
65 193
13 143
55 108
83 124
147 196
23 26
136 170
96 150
39 53
17 127
33 121
13 107
53 193
113 123
18 172
43 179
65 164
86 131
16 58
165 175
10 51
76 115
81 152
83 185
57 112
69 81
16 187
83 104
35 41
61 90
153 159
68 116
27 82
10 106
6 169
51 167
66 160
86 143
35 51
61 157
0 41
17 51
121 167
85 131
9 78
120 132
89 125
178 194
1 175
142 157
9 35
37 68
27 106
88 105
115 162
46 100
11 129
54 105
26 31
56 65
76 138
65 181
50 88
127 157
101 187
40 138
77 185
19 78
98 99
70 142
32 138
67 86
160 187
92 148
41 134
6 156
62 89
155 175
15 78
5 79
41 61
19 160
8 33
11 150
43 125
47 123
57 94
68 103
9 119
1 192
39 109
65 95
13 165
158 188
8 29
79 144
88 109
57 100
76 83
119 123
120 199
125 168
5 164
7 189
180 192
51 72
130 148
47 91
17 32
106 188
13 179
12 31
158 159
99 104
1 157
14 54
128 153
7 140
17 67
35 79
23 32
36 147
13 88
18 139
22 132
155 194
12 83
30 34
122 128
139 163
31 54
61 137
8 59
21 84
15 191
57 77
91 134
32 45
13 122
42 132
13 27
1 119
10 165
1 100
79 104
86 144
2 110
48 60
31 67
135 139
125 154
6 167
5 150
90 94
6 45
104 119
22 185
74 151
103 171
77 192
138 151
36 43
13 123
71 185
111 119
65 156
178 188
10 55
161 197
41 163
16 127
9 152
126 130
52 92
14 152
71 179
151 158
108 150
37 169
36 145
80 158
30 45
63 150
17 94
128 169
12 122
25 198
0 94
57 110
6 97
155 198
40 157
116 152
101 157
25 37
15 106
151 152
71 175
5 40
72 108
7 51
82 184
6 20
42 90
105 115
47 170
5 139
81 91
110 161
3 47
55 64
44 59
19 175
42 180
165 171
23 86
40 176
156 159
107 156
164 198
36 84
87 126
156 185
0 75
19 66
117 198
117 187
7 156
48 188
70 134
39 64
52 83
43 71
97 141
125 153
97 148
114 141
75 82
68 115
38 64
57 99
166 170
27 33
158 171
20 96
73 143
10 75
10 19
92 162
65 169
104 168
13 158
11 194
58 123
78 155
159 181
135 161
168 188
67 114
28 135
3 157
7 108
93 174
28 95
18 76
12 116
108 198
62 88
171 175
76 80
62 150
138 190
45 135
8 107
115 120
56 171
118 165
25 82
40 197
13 131
44 140
28 71
53 69
65 76
35 120
81 143
64 144
25 117
38 80
43 139
15 86
123 150
75 143
67 145
107 191
15 27
30 135
24 194
141 179
49 191
165 184
154 191
65 84
36 69
56 159
98 184
166 185
189 190
116 125
69 88
43 140
58 189
67 103
79 141
26 162
17 30
57 177
123 157
185 198
93 197
15 160
21 42
42 55
10 94
5 144
48 77
168 194
133 165
41 87
11 78
56 89
32 126
41 93
58 87
120 162
6 16
154 197
54 114
118 152
96 114
60 80
6 107
139 191
91 137
3 192
65 157
141 145
125 142
57 126
95 171
8 144
66 114
5 183
20 180
67 93
74 195
40 126
154 167
110 123
18 37
84 88
131 189
45 58
68 176
40 117
27 41
89 172
28 59
48 186
51 182
55 73
36 156
9 30
61 77
119 181
152 185
66 67
123 198
35 149
52 89
73 95
147 184
16 95
34 80
84 165
5 160
127 146
30 113
38 130
23 187
69 129
130 183
151 182
19 31
102 142
95 127
90 103
61 189
55 109
52 155
23 170
4 160
66 100
83 181
43 143
115 164
54 82
165 167
30 107
118 188
74 99
47 79
162 194
26 95
86 171
94 134
14 33
165 176
78 153
65 167
39 88
85 152
90 192
127 142
38 112
43 195
89 188
129 179
35 74
126 142
24 86
46 138
90 109
3 58
34 195
29 75
2 119
27 70
21 102
36 44
95 175
138 150
61 183
26 195
103 196
49 196
6 196
91 103
4 86
46 170
14 181
26 128
105 155
90 119
3 69
137 143
66 149
48 112
16 103
64 73
133 144
50 54
23 128
134 156
14 21
16 143
24 169
56 129
33 108
70 97
66 81
25 98
129 141
77 166
19 149
125 127
98 108
157 178
66 109
156 175
53 144
43 66
129 136
14 122
26 188
124 193
68 79
36 89
10 192
62 169
43 109
64 137
106 152
31 104
111 131
129 142
24 30
34 130
1 115
122 157
33 104
53 78
1 127
55 81
13 48
61 83
139 174
41 197
63 86
72 105
45 73
108 153
31 96
26 106
57 98
24 177
45 142
11 56
198 199
13 181
15 195
142 193
120 136
17 89
23 180
20 55
37 110
24 61
110 184
69 76
117 183
74 101
75 188
145 153
49 129
78 95
12 174
20 67
32 168
102 113
33 35
47 76
30 151
77 113
47 135
149 178
22 125
98 106
15 103
79 107
14 132
90 98
47 112
14 100
63 80
162 163
26 168
65 120
49 117
60 170
47 109
3 119
75 157
101 182
38 140
43 135
76 93
54 173
1 154
96 161
95 168
186 195
29 111
130 144
0 112
118 122
174 192
114 135
24 113
104 123
44 58
121 125
58 172
7 86
20 37
22 23
29 180
118 158
142 147
50 157
27 115
8 180
7 71
16 17
144 192
41 159
94 178
52 191
19 168
185 196
102 151
8 189
134 159
4 42
61 79
34 72
7 146
96 107
16 126
2 57
0 106
29 57
123 156
61 166
24 175
170 174
46 53
157 168
109 139
39 103
35 81
25 140
100 134
74 158
182 183
9 79
130 188
41 148
60 83
17 198
78 121
177 195
55 167
23 75
154 184
49 132
57 184
175 177
3 29
3 44
0 163
90 182
0 46
108 141
10 46
28 78
16 135
181 191
94 175
5 13
161 165
19 146
105 158
103 150
120 164
40 198
2 79
3 53
85 92
133 164
52 85
71 144
83 182
10 69
67 153
33 116
97 135
1 29
50 82
6 151
112 198
11 77
156 188
114 163
63 73
16 43
3 97
53 107
75 175
18 54
119 143
86 160
109 131
81 98
85 119
97 144
125 140
3 100
0 74
108 183
6 162
109 138
33 147
26 52
58 188
14 104
53 152
68 107
110 118
44 69
117 161
16 175
36 194
48 134
44 52
87 132
27 69
42 101
137 141
93 123
91 151
71 184
51 138
49 138
70 95
155 179
47 161
136 180
155 188
1 92
83 148
107 159
36 109
119 120
23 115
30 131
18 126
83 140
42 77
26 55
9 150
1 40
49 96
43 44
75 172
41 133
14 37
5 175
59 196
79 92
70 94
3 15
63 164
57 85
184 189
110 164
85 141
143 168
91 101
125 137
144 194
20 104
69 174
37 144
14 64
48 66
30 192
53 158
12 127
85 151
67 137
157 194
25 161
169 189
162 166
18 27
78 192
7 198
19 74
64 133
47 68
73 166
91 148
116 122
31 133
17 88
146 151
78 114
127 144
13 94
73 169
43 159
12 184
130 199
59 102
4 55
119 128
39 186
18 195
66 141
71 94
23 40
12 52
60 76
106 114
52 193
171 189
7 19
23 166
110 194
109 122
10 190
13 175
145 176
10 146
73 120
109 192
49 107
13 185
21 61
26 187
149 158
100 139
49 188
15 161
70 75
115 141
70 171
54 108
81 132
129 140
182 187
65 173
194 197
81 183
40 125
100 104
80 131
116 126
11 50
29 169
23 194
95 106
144 184
153 198
121 180
52 104
97 197
6 108
64 120
17 35
127 137
43 142
71 76
77 195
110 155
27 183
179 187
5 29
12 91
81 167
78 177
94 118
114 183
54 161
107 134
161 167
110 151
51 140
100 196
144 172
42 116
66 129
20 168
131 163
75 145
25 199
58 179
98 165
151 161
180 185
22 49
115 153
20 197
74 130
16 155
20 72
55 189
85 159
52 101
66 130
106 113
16 40
44 108
57 84
75 104
6 154
20 194
120 133
49 91
146 187
50 194
83 180
97 145
71 123
83 144
141 181
9 53
160 184
142 144
3 96
155 158
161 177
140 159
127 134
45 194
133 194
70 193
78 178
6 12
1 152
29 89
109 184
78 173
65 112
119 182
82 193
104 161
0 196
79 116
14 79
102 192
33 112
6 134
78 159
141 146
96 145
61 115
62 190
2 127
113 124
184 194
120 198
51 144
82 113
87 130
110 117
98 139
25 160
75 86
9 187
83 156
23 41
9 57
10 61
197 199
39 148
123 136
145 158
55 113
129 187
107 181
22 171
23 102
89 148
112 183
92 164
94 194
45 90
57 133
139 165
72 83
48 119
14 56
16 152
110 159
95 101
76 156
61 134
94 129
59 117
115 124
38 109
34 175
109 185
140 199
21 195
98 101
22 68
22 174
77 157
44 139
53 102
32 56
19 192
167 188
75 149
107 143
83 149
103 181
102 174
107 125
97 110
124 130
82 119
11 158
184 199
22 180
5 60
84 183
74 193
81 165
1 159
9 17
60 102
66 139
48 74
7 118
61 74
20 40
142 145
10 174
27 190
16 161
101 136
78 112
34 179
63 165
126 192
58 95
126 137
147 191
118 140
45 158
14 103
149 169
188 191
103 161
118 132
19 84
36 140
35 73
3 159
78 136
91 105
47 168
41 140
2 71
1 62
99 138
38 191
51 170
96 127
78 87
148 165
10 122
32 113
88 134
40 130
126 190
35 154
16 39
67 101
40 114
73 124
37 127
