0 1
0 2
2 3
0 4
0 5
0 6
2 7
2 8
7 9
8 10
6 11
6 12
12 13
4 14
0 15
14 16
0 17
13 18
13 19
14 20
4 21
4 22
18 23
23 24
23 25
11 26
10 27
18 28
18 29
6 30
6 31
0 32
1 33
29 34
28 35
10 36
2 37
10 38
8 39
26 40
7 41
24 42
10 43
24 44
9 45
33 46
27 47
35 48
36 49
0 50
32 51
37 52
35 53
5 54
47 55
10 56
9 57
14 58
6 59
29 60
59 61
26 62
36 63
2 64
49 65
12 66
0 67
29 68
64 69
39 70
17 71
45 72
41 73
46 74
68 75
12 76
15 77
45 78
70 79
65 80
24 81
23 82
39 83
74 84
39 85
84 86
55 87
62 88
74 89
3 90
21 91
54 92
19 93
88 94
65 95
34 96
33 97
32 98
35 99
6 25
27 96
97 98
11 76
3 79
28 80
21 84
46 84
4 64
71 72
28 74
15 91
11 71
30 60
17 75
56 70
13 56
48 58
42 71
67 72
35 66
7 34
65 76
16 65
32 92
6 97
59 79
28 64
39 48
8 86
17 59
75 91
53 86
5 37
4 13
5 34
9 26
28 98
22 84
41 53
13 78
43 57
2 67
23 96
84 93
10 16
2 19
34 86
91 99
7 32
34 38
1 51
37 64
2 16
2 90
49 60
80 88
13 83
22 88
66 87
23 59
42 53
16 82
20 79
30 94
31 68
14 54
31 88
9 99
8 69
12 17
21 72
53 96
49 58
27 92
1 29
41 45
10 62
84 97
80 83
36 45
34 55
15 60
25 97
51 53
19 84
21 95
5 63
34 78
2 85
21 89
75 98
52 61
9 41
73 97
22 30
0 92
28 31
63 86
10 47
15 16
5 86
72 81
31 72
6 86
47 68
78 87
2 82
2 50
25 43
44 50
60 82
67 70
12 65
54 93
7 82
39 43
51 70
33 88
13 81
2 28
51 91
46 81
29 59
47 93
7 64
67 73
59 65
22 34
11 75
13 53
22 57
33 85
54 90
67 91
64 79
33 91
21 40
25 60
61 70
40 57
48 73
14 67
5 62
1 86
87 98
12 82
22 54
52 63
10 15
21 59
87 91
36 52
66 92
45 63
8 17
21 26
43 83
67 89
50 65
23 36
70 89
53 97
57 86
9 60
26 95
3 78
31 41
13 63
19 66
58 64
31 63
38 80
14 59
6 28
7 91
28 71
49 75
53 99
1 91
13 30
10 34
14 96
52 75
15 59
1 18
8 14
65 83
64 78
32 41
23 93
5 10
64 91
5 35
88 89
12 94
9 37
32 43
49 74
25 73
53 83
75 81
16 25
52 73
22 48
61 65
7 21
29 61
65 88
25 37
16 40
8 41
32 73
27 37
91 95
26 83
64 97
50 61
13 35
63 78
20 29
7 59
81 99
27 39
9 33
31 96
72 79
3 13
42 44
35 50
9 93
19 49
41 84
20 30
32 96
4 20
25 93
16 62
34 77
11 77
9 88
28 56
0 45
61 63
5 73
83 99
82 88
24 87
13 84
66 78
47 85
65 79
6 36
0 64
21 85
4 11
6 85
23 90
22 62
9 69
3 52
12 51
47 82
42 69
12 32
37 69
0 25
5 81
44 76
66 82
28 69
0 30
16 37
52 95
55 63
44 64
48 81
14 43
29 66
45 84
65 72
31 95
46 47
29 64
30 72
76 99
18 97
5 52
4 57
6 76
28 66
55 75
19 77
5 47
66 93
74 96
28 30
79 93
19 34
26 88
20 68
68 92
68 83
40 46
25 62
76 84
7 71
11 80
48 66
5 68
7 47
22 59
9 31
36 75
22 89
73 76
10 61
35 81
41 78
72 91
26 87
29 71
23 84
28 38
76 96
17 23
29 65
37 80
5 92
40 72
38 96
32 82
51 77
44 78
87 99
40 47
60 86
12 73
25 47
46 62
35 47
80 84
17 57
17 50
44 51
30 33
26 27
3 40
35 82
39 46
57 87
51 69
23 30
2 51
6 77
9 22
2 70
31 42
14 98
52 86
55 84
82 91
24 68
68 78
29 58
55 71
8 83
31 54
39 66
16 47
5 55
60 74
68 82
41 57
10 17
3 8
32 88
11 40
18 42
37 38
3 99
16 42
14 44
82 87
77 80
12 34
9 21
47 75
6 98
35 74
35 73
19 89
49 94
10 20
26 65
14 42
59 89
20 28
45 86
13 58
65 98
11 63
5 95
73 78
18 92
21 54
86 98
5 67
19 28
22 74
53 84
15 81
52 79
11 95
51 57
0 43
10 57
22 70
31 52
79 94
34 79
14 85
21 41
35 69
34 57
42 83
2 9
14 64
0 61
57 60
7 43
46 55
6 82
49 90
22 65
68 90
23 58
2 76
59 72
41 80
46 61
43 54
9 56
12 26
10 68
24 52
21 88
63 75
6 7
23 64
20 64
15 23
1 89
29 76
85 88
86 90
61 68
12 98
53 58
27 67
27 60
4 43
0 90
25 27
74 85
53 98
57 64
24 27
23 47
16 92
23 99
56 59
4 70
6 35
12 21
68 88
3 54
14 23
54 59
64 99
37 95
0 57
72 73
57 80
12 78
54 58
50 51
1 48
24 30
13 59
14 82
76 79
66 86
40 70
46 77
18 72
29 62
25 88
9 92
29 69
48 70
23 94
22 85
4 75
14 86
1 78
63 68
13 42
43 69
28 62
9 80
18 74
17 24
29 93
12 14
89 94
89 98
34 75
4 60
19 54
0 38
26 78
8 43
70 84
11 57
16 38
16 36
0 55
20 44
29 42
3 75
38 65
6 83
85 97
1 27
44 74
80 81
1 96
30 44
10 29
15 67
38 58
42 66
5 21
50 54
73 87
36 54
42 58
84 94
40 54
1 17
85 87
6 94
82 98
64 87
34 56
5 8
10 24
3 57
11 25
23 83
36 71
17 63
5 96
21 77
14 60
10 73
34 72
8 60
3 31
13 77
34 73
11 48
58 93
48 63
43 90
1 24
13 43
3 15
24 69
33 66
4 24
11 83
36 82
79 95
63 91
57 58
86 99
58 83
38 89
69 72
69 98
35 67
37 76
32 80
69 79
43 45
34 85
82 85
1 94
26 50
56 80
3 56
17 46
30 56
86 95
50 85
60 91
23 66
56 68
16 46
58 63
17 30
43 46
36 70
57 98
14 47
36 92
16 49
26 66
6 10
36 51
49 77
0 56
54 60
7 67
13 57
44 56
52 66
86 94
54 63
81 94
32 37
4 93
56 60
38 42
42 62
17 27
28 60
49 97
28 36
30 50
18 76
5 90
68 86
1 72
57 78
72 95
16 23
1 3
42 90
20 47
82 86
9 44
9 12
24 92
70 99
56 87
10 75
20 66
29 88
7 93
21 68
8 98
51 65
19 76
25 72
29 84
23 80
45 71
71 80
27 44
29 70
38 57
63 76
4 31
18 54
55 89
14 28
16 34
65 84
1 45
31 50
26 69
27 51
41 50
21 66
40 43
32 52
35 76
34 90
31 97
21 24
9 81
61 97
13 60
43 44
36 55
35 87
51 55
36 48
44 87
41 63
27 36
87 88
22 55
8 67
46 49
39 53
14 36
21 94
21 30
31 99
15 30
16 73
0 99
11 86
56 96
37 61
8 53
21 60
32 35
46 65
57 59
41 54
6 47
21 38
74 95
26 35
35 52
55 94
31 71
21 44
15 78
28 45
77 78
25 79
32 59
14 24
11 33
23 68
12 16
14 29
28 82
55 97
3 19
24 72
33 51
58 87
50 71
63 77
75 78
56 93
22 71
17 25
6 23
24 79
24 89
0 95
80 89
6 41
59 88
1 73
0 28
65 85
31 67
38 82
21 22
31 69
9 46
38 56
8 20
45 65
23 92
46 82
6 99
38 53
12 86
52 58
5 20
5 93
38 91
1 31
37 99
28 70
26 70
48 65
20 72
6 95
59 78
47 59
37 83
23 85
57 75
22 49
13 61
82 94
12 44
8 76
32 86
11 53
59 83
55 90
50 82
36 86
10 98
14 76
26 74
18 34
18 45
6 92
60 94
10 13
6 73
72 75
29 92
67 81
25 31
34 48
47 77
59 67
14 74
3 96
40 41
66 80
56 57
33 80
44 54
20 24
26 51
30 64
63 95
63 69
39 55
8 61
29 40
50 83
5 50
33 53
54 83
41 55
40 94
58 59
67 92
1 56
77 92
55 72
29 77
47 84
39 75
17 47
71 91
49 84
54 80
89 97
13 46
54 66
23 28
50 59
32 67
12 81
15 28
1 22
7 40
40 76
24 33
51 92
18 77
61 88
20 77
24 51
27 41
8 68
1 74
4 25
58 97
15 94
12 99
6 93
69 92
1 49
3 7
54 71
61 64
17 64
20 36
7 99
1 25
24 29
38 83
25 35
45 53
7 74
26 90
17 72
22 28
41 93
28 39
3 93
22 25
64 65
19 98
33 64
4 33
4 53
77 95
32 64
4 19
33 56
70 86
40 92
47 89
16 20
8 29
12 29
0 23
54 84
6 71
45 98
19 43
3 9
55 66
23 78
41 94
3 44
45 73
68 74
28 37
67 98
51 82
14 41
15 72
59 86
74 82
54 70
10 70
58 77
41 61
40 74
52 81
10 96
1 14
83 86
69 82
64 95
27 31
45 77
54 61
41 70
4 9
30 81
37 68
76 98
56 97
51 64
27 93
67 95
3 22
23 45
46 57
10 45
71 81
18 94
56 72
10 80
83 85
21 82
42 60
33 96
27 64
12 77
31 66
44 52
34 37
35 39
4 10
15 56
88 90
67 69
37 53
2 71
47 62
27 68
70 82
38 87
42 49
24 43
31 56
57 66
65 73
6 33
31 77
24 85
22 60
4 85
26 41
37 57
86 87
4 34
18 30
34 65
39 98
50 89
66 89
0 59
1 87
14 55
21 53
4 95
1 26
8 74
5 70
14 40
60 85
57 88
43 75
2 22
32 84
16 61
54 81
33 79
44 80
10 41
59 87
69 71
60 69
60 66
27 34
25 80
55 65
59 96
10 42
13 17
37 82
38 90
30 84
3 27
49 56
61 80
44 93
21 49
11 88
9 32
65 68
69 70
63 93
20 96
71 86
42 43
69 77
68 81
46 70
64 73
5 29
76 92
74 99
32 49
37 49
2 75
22 73
25 28
5 69
19 75
53 80
69 91
13 62
8 81
30 71
1 70
65 96
37 89
78 89
28 76
3 65
4 5
11 94
25 90
28 44
78 96
43 67
30 88
59 69
8 12
39 68
52 82
53 55
57 72
6 16
74 83
12 22
15 99
22 46
31 98
1 60
40 42
49 91
8 99
19 78
20 41
20 97
15 22
31 43
48 99
73 85
25 86
63 94
14 34
84 87
49 54
1 39
29 74
1 16
48 86
7 79
16 26
69 95
64 80
31 45
1 10
2 60
22 38
20 45
71 98
28 59
12 72
17 54
37 43
55 83
9 91
54 76
53 85
78 95
74 87
5 39
6 15
6 32
25 30
7 87
62 87
11 97
27 73
51 80
37 56
38 46
66 97
4 88
12 50
28 87
38 40
47 92
15 43
8 95
10 39
25 32
17 84
43 49
10 40
29 37
23 27
41 77
33 86
34 49
18 82
29 48
24 45
2 17
79 96
35 49
75 89
2 49
20 94
36 43
62 75
19 88
52 62
20 90
43 58
54 55
17 58
15 66
46 71
2 74
47 90
45 80
3 71
10 37
7 29
64 89
72 97
36 47
33 39
76 87
39 47
9 71
12 79
57 94
18 49
32 39
30 42
28 78
47 57
4 86
3 46
23 72
0 77
1 88
55 74
36 94
56 82
63 90
50 81
60 83
8 16
58 92
8 40
29 50
28 49
17 38
48 96
3 23
22 43
75 88
49 86
0 65
32 99
77 85
46 98
27 87
18 60
36 89
48 84
30 52
19 57
1 53
42 79
30 40
40 44
11 78
79 99
58 89
27 69
12 45
4 47
46 79
10 19
17 83
41 98
83 88
69 94
23 69
48 87
14 90
62 85
57 76
40 50
16 70
32 38
14 61
18 48
25 96
4 42
67 86
82 97
51 83
69 87
7 83
79 88
49 61
49 96
23 75
55 78
50 98
22 36
70 83
17 98
59 85
20 53
69 89
29 90
16 33
11 38
2 66
82 99
30 54
24 60
65 77
80 82
33 83
17 29
0 31
32 58
34 71
90 99
20 63
0 76
62 78
89 96
8 25
8 59
72 87
73 82
2 42
24 46
18 70
76 81
44 59
25 65
51 72
69 97
47 67
45 52
58 78
56 69
19 24
10 69
48 77
12 15
18 80
36 91
10 67
60 89
7 16
10 48
19 29
3 60
71 87
44 55
16 78
18 84
6 40
30 79
17 45
4 92
39 61
50 56
43 48
11 16
10 35
54 87
68 76
73 80
31 59
80 86
15 26
48 52
13 32
62 92
0 60
4 94
25 81
2 92
26 64
3 34
34 40
4 69
73 74
8 65
6 34
11 90
61 87
31 49
60 99
1 55
10 97
85 91
39 94
20 86
9 94
44 85
70 95
75 84
53 78
40 80
48 94
27 35
7 53
12 54
5 71
35 38
2 81
18 44
15 25
24 82
26 44
49 93
41 44
13 15
23 46
16 29
16 68
19 85
26 71
56 89
23 33
38 55
15 97
81 92
24 53
9 97
45 57
7 37
34 94
16 43
15 47
15 52
14 62
17 73
51 71
86 96
41 85
63 83
66 68
44 82
62 94
65 74
32 81
63 64
86 93
66 76
40 84
9 50
71 83
7 86
4 28
12 95
78 91
24 93
64 70
30 34
52 89
11 28
39 96
19 36
30 86
9 17
41 69
62 96
64 77
0 26
23 50
25 41
12 52
35 65
29 79
43 64
47 86
8 46
5 59
40 99
41 90
55 73
11 82
7 13
12 37
21 25
20 70
44 94
6 45
58 82
71 85
65 70
48 95
43 52
11 99
61 71
74 93
38 51
47 54
58 91
58 71
23 31
8 66
22 97
11 29
16 51
44 65
53 74
22 51
68 73
9 84
13 71
11 60
31 64
54 65
15 93
1 82
52 72
8 21
24 55
17 18
18 33
66 67
7 44
27 65
9 96
61 96
12 24
1 57
2 78
70 93
2 41
75 94
4 12
74 80
25 84
1 19
14 81
26 38
40 56
38 70
51 95
36 60
0 3
34 99
54 69
26 99
33 58
28 92
22 90
78 81
24 58
20 99
9 43
45 70
62 91
79 92
39 56
78 99
26 86
60 68
4 29
1 93
25 75
48 82
34 68
55 92
30 78
59 80
13 38
22 53
57 85
50 94
20 76
40 78
89 95
24 38
31 85
16 91
8 96
32 95
59 68
39 63
1 80
58 84
68 84
44 48
54 85
13 25
25 33
27 88
51 60
10 84
45 46
56 58
7 28
26 42
17 35
85 90
25 68
26 98
64 96
19 26
6 17
32 42
34 43
71 76
78 90
32 69
45 55
29 73
10 85
40 90
92 94
58 75
42 97
24 31
47 96
21 83
48 59
78 94
47 70
30 69
6 88
53 81
13 99
35 98
75 87
3 20
74 79
10 30
56 92
31 70
4 35
1 47
25 39
35 46
2 94
33 69
20 35
41 87
89 99
52 91
16 58
20 40
42 56
22 83
56 99
23 88
30 31
36 53
4 39
37 54
52 87
4 74
2 98
26 48
61 72
2 61
33 65
47 50
53 95
69 80
70 85
9 86
7 85
38 59
62 90
36 77
35 72
2 93
47 87
32 57
29 94
18 35
16 55
23 76
11 23
44 86
3 58
56 81
27 81
55 91
48 90
12 85
56 78
17 95
51 97
61 89
83 87
12 96
13 49
30 53
28 34
8 15
7 14
26 82
42 47
54 75
52 54
14 51
59 94
61 86
40 79
18 89
32 89
71 92
73 77
55 60
5 24
15 33
59 63
0 70
27 46
36 46
3 88
12 61
35 36
13 14
85 98
52 96
35 84
34 42
17 86
41 72
33 71
34 50
8 49
28 84
13 79
32 78
26 33
23 38
2 6
18 96
24 98
16 17
38 60
10 49
24 78
72 85
55 67
7 65
45 82
7 8
23 63
9 29
47 61
2 36
27 52
32 72
54 94
91 92
11 62
29 57
28 54
36 96
25 89
45 99
22 86
68 72
10 11
17 43
22 44
1 11
34 64
16 19
36 66
18 63
4 54
17 67
52 59
13 68
29 39
17 40
20 95
27 91
3 18
87 95
15 82
23 74
7 96
41 92
57 97
76 83
39 77
58 99
41 82
33 34
37 73
42 70
25 40
18 47
1 8
30 43
37 92
25 54
36 58
71 94
58 85
57 73
7 76
1 62
31 53
43 79
40 48
18 31
22 67
87 96
31 37
17 90
60 79
8 44
47 71
21 99
36 61
58 69
13 97
34 70
35 75
35 62
77 97
50 79
3 87
69 74
5 89
4 87
25 57
9 74
18 86
72 96
64 88
21 76
51 88
41 42
13 85
20 91
27 76
83 97
24 65
90 98
10 74
50 88
36 83
66 77
46 99
60 97
1 84
38 74
2 95
53 60
29 80
4 48
0 18
19 42
27 95
49 95
20 23
18 78
5 57
47 48
0 66
58 61
38 43
7 52
5 58
1 90
11 34
84 85
91 97
33 90
0 80
93 96
9 76
6 68
30 36
31 48
96 98
15 95
1 5
0 73
71 77
26 92
8 84
52 69
46 72
40 83
5 32
57 65
36 57
42 46
26 63
74 86
58 96
67 71
26 79
45 87
14 57
54 98
4 18
58 94
5 84
36 85
43 62
7 12
27 74
56 65
43 66
52 53
11 17
60 95
68 95
49 73
5 31
13 69
70 81
36 50
17 91
69 75
13 64
12 18
16 75
92 98
58 70
2 24
95 98
44 89
19 97
15 96
33 60
32 44
37 59
9 85
49 55
45 64
35 63
12 59
36 40
38 72
4 78
4 7
14 99
16 93
70 97
26 94
5 40
12 63
21 23
32 47
26 76
4 23
25 53
66 74
63 80
63 71
54 97
82 84
4 80
76 88
29 30
46 88
42 67
21 52
12 40
42 78
43 77
11 89
25 87
9 77
82 89
78 80
61 69
2 23
13 27
6 69
75 82
9 49
6 42
20 21
51 58
38 73
33 67
26 55
39 62
10 23
81 86
70 80
59 91
27 45
8 73
20 89
1 37
6 56
43 71
19 70
11 31
0 34
1 42
78 85
48 76
21 81
12 23
60 61
8 82
1 71
34 41
38 76
32 63
26 39
76 77
40 86
42 74
64 94
45 92
0 94
75 92
3 35
26 60
20 32
12 19
75 99
37 63
30 48
50 73
17 41
22 77
49 99
8 87
98 99
3 24
71 97
23 43
23 67
44 81
32 34
16 32
22 68
16 60
48 69
62 83
46 50
4 41
26 58
18 66
51 84
91 98
41 43
67 94
13 41
84 91
6 52
69 78
55 80
94 99
17 68
23 34
66 71
14 27
80 91
0 13
5 12
86 97
24 94
45 91
3 67
14 52
88 99
79 81
1 20
38 39
10 54
46 76
41 65
70 88
40 81
16 53
9 79
12 74
24 36
28 67
21 61
46 54
51 79
3 69
58 88
55 58
42 59
47 76
37 45
18 40
44 63
20 82
14 45
18 87
12 93
68 79
14 18
31 61
18 21
29 45
65 71
8 22
41 68
55 99
40 64
30 91
38 48
29 78
5 44
18 26
27 29
0 7
59 77
41 76
32 50
20 43
44 99
50 64
49 51
3 26
37 75
38 68
50 74
8 27
73 95
72 94
23 95
32 74
53 61
40 96
50 60
19 32
20 87
28 29
9 67
30 66
14 19
14 56
19 74
70 73
51 63
24 56
42 98
63 74
8 85
8 57
54 56
26 34
3 41
93 98
81 96
76 93
38 88
51 99
50 95
39 78
49 79
42 50
25 34
6 55
47 65
27 57
54 79
11 51
6 18
24 35
71 96
2 87
22 52
24 32
36 41
14 93
52 98
32 93
20 39
18 20
27 38
52 68
26 46
25 55
4 97
67 96
17 36
71 79
19 47
9 98
81 87
42 77
29 85
42 54
65 82
46 56
77 90
12 41
43 68
12 84
10 32
42 85
84 99
14 25
39 99
15 32
60 80
54 78
6 63
8 32
37 71
16 96
56 74
8 45
34 92
33 35
22 95
23 73
43 72
41 59
47 49
55 57
1 44
32 87
62 72
20 58
7 10
41 88
40 52
15 62
53 77
62 69
30 63
55 59
7 46
69 88
38 92
17 80
68 70
55 70
24 99
29 98
6 29
48 89
0 8
46 80
64 72
1 79
59 73
24 28
3 83
53 89
38 85
2 83
11 70
83 93
13 36
63 96
19 61
48 68
58 80
19 21
11 85
27 79
31 80
57 84
61 95
72 84
17 82
7 61
57 74
37 72
64 90
5 18
74 81
3 37
17 65
20 92
36 68
27 90
33 49
71 99
45 94
35 43
42 96
15 84
24 86
14 72
12 42
29 43
42 51
15 98
63 92
18 36
7 95
49 76
4 6
31 47
30 70
81 89
35 55
43 61
14 17
15 38
27 40
80 92
34 91
73 88
42 61
38 98
13 51
45 67
55 69
60 73
8 62
21 67
37 51
7 63
0 52
46 58
4 51
17 37
48 51
32 76
43 88
19 94
30 32
27 58
8 92
21 48
64 81
42 87
16 41
35 85
86 88
29 36
76 97
25 77
19 56
9 20
13 55
42 73
36 38
6 87
7 72
24 57
43 78
53 63
48 98
35 68
21 92
47 72
21 65
23 49
87 89
33 73
44 61
7 55
13 88
56 71
30 67
34 39
29 55
12 49
60 64
22 32
19 25
59 93
20 98
13 39
3 21
0 19
47 73
50 92
11 46
17 34
32 68
67 74
14 73
16 77
14 38
72 78
31 34
50 84
4 17
1 59
28 94
68 93
9 10
42 65
18 68
29 81
71 82
18 38
0 83
25 56
49 80
50 97
23 55
4 46
51 87
3 62
3 4
3 95
18 58
6 19
43 89
15 65
56 90
20 31
10 88
71 95
17 22
93 99
14 80
15 34
0 12
95 97
51 68
16 31
43 91
63 81
81 88
71 78
0 40
15 58
10 21
11 93
25 45
10 66
54 96
51 73
18 41
10 55
51 75
29 32
43 99
9 38
64 82
2 63
13 74
8 38
0 27
39 92
60 98
21 33
77 99
2 4
21 78
81 95
1 50
6 22
55 79
17 97
52 90
11 98
35 89
75 96
55 76
18 25
7 50
66 96
37 55
35 91
1 6
22 61
49 85
0 54
25 64
62 97
48 60
75 77
3 39
6 50
32 33
22 82
25 36
81 82
13 26
20 73
78 88
19 31
11 35
35 40
15 29
3 85
37 46
11 72
4 83
25 58
16 88
28 61
6 60
38 97
28 33
46 53
43 70
55 96
25 44
64 76
13 31
10 91
37 48
31 38
78 86
30 49
24 61
52 60
5 33
41 86
54 88
15 90
12 97
34 76
19 38
33 45
24 95
17 70
27 94
68 98
85 92
43 51
61 83
1 34
20 54
9 23
30 80
5 75
64 84
34 81
61 62
10 83
46 96
53 72
2 77
2 32
65 66
8 11
64 68
69 83
7 94
50 78
9 65
23 42
27 97
1 41
76 80
15 48
5 99
61 76
32 56
1 36
26 45
42 93
5 28
81 84
38 81
50 90
4 76
19 80
16 45
1 23
65 90
30 89
3 36
43 55
16 90
9 51
21 36
26 28
38 67
22 45
1 99
27 56
57 63
0 36
29 67
57 81
3 50
31 87
30 45
29 91
33 70
49 78
45 74
15 45
22 72
10 46
15 42
51 66
40 51
7 88
24 37
36 69
5 79
26 30
26 89
68 99
27 32
28 93
58 74
46 60
94 95
27 85
0 51
63 66
39 60
7 25
33 87
83 98
33 76
0 44
75 95
1 12
34 84
28 47
61 73
32 90
14 39
31 76
44 84
20 55
31 93
24 88
4 49
5 66
67 84
24 80
21 27
46 94
54 91
8 77
1 32
26 81
16 24
63 65
15 57
83 94
97 99
11 68
6 75
15 17
18 71
8 47
14 78
88 95
57 89
45 69
60 88
72 88
22 63
6 38
36 97
43 81
27 62
3 80
86 91
27 63
8 51
61 75
21 55
20 67
2 39
76 82
45 68
50 53
26 43
59 62
15 88
71 75
44 92
42 52
43 59
36 84
27 99
44 96
65 91
27 59
32 77
22 79
59 76
10 90
10 22
53 75
36 73
92 93
11 66
33 74
33 52
18 43
14 94
9 16
27 50
6 49
26 37
51 85
75 93
11 91
74 91
33 81
95 99
0 91
33 99
1 28
47 97
0 98
23 56
35 64
9 47
10 78
51 74
34 35
16 67
23 79
85 99
1 61
40 97
13 29
64 66
8 80
76 90
57 61
13 76
26 59
26 57
51 62
56 76
9 61
31 79
33 95
64 83
80 90
29 53
28 77
7 73
72 98
11 14
13 91
9 39
76 78
33 40
66 83
3 74
79 89
48 55
48 83
63 97
5 23
28 63
6 53
12 64
45 62
17 20
13 92
14 30
49 82
70 87
33 36
0 33
34 46
57 83
94 96
6 74
12 35
30 58
9 13
67 78
24 25
1 75
10 64
78 92
3 61
15 70
21 28
62 76
5 13
27 43
22 26
25 66
4 89
37 47
65 94
11 36
63 67
44 90
5 6
3 49
16 85
26 68
7 42
13 96
9 53
15 55
43 84
22 94
22 41
1 95
61 81
81 91
10 33
16 84
79 82
4 65
2 20
32 36
37 42
6 65
5 85
46 63
19 69
77 84
20 49
6 84
39 67
30 39
13 45
14 71
12 67
31 33
69 73
23 57
71 74
44 79
24 76
66 81
76 94
9 11
16 89
29 35
38 45
44 69
8 31
45 96
8 58
57 77
47 63
15 37
20 27
60 93
72 80
6 79
58 90
3 48
28 99
49 72
42 86
24 67
81 97
79 83
8 50
13 95
3 42
32 70
52 93
71 89
10 63
38 95
15 71
36 72
15 53
11 74
27 78
6 39
16 52
81 90
3 30
23 37
31 51
16 74
90 96
2 18
33 59
18 32
47 60
54 72
69 84
16 87
9 73
34 69
61 94
79 85
13 37
8 54
53 90
47 66
42 95
66 75
34 88
12 70
9 28
89 91
7 54
14 69
58 66
15 80
36 65
50 75
21 87
20 56
51 96
17 76
54 67
40 69
22 69
17 32
57 71
6 9
86 92
3 92
4 26
18 88
3 70
62 98
1 35
25 63
37 84
13 40
46 91
31 44
2 62
14 48
18 95
50 77
11 42
61 82
19 30
90 92
85 86
11 21
39 84
9 82
8 55
35 59
32 48
47 95
93 97
33 37
21 29
4 77
73 75
51 81
66 95
84 98
4 38
72 93
14 89
33 78
12 20
29 82
19 81
5 41
24 70
7 49
8 88
11 37
45 51
2 69
17 49
24 26
42 88
7 18
68 85
45 60
27 42
29 83
19 71
48 74
59 70
46 73
62 79
67 68
6 43
27 48
35 96
75 90
28 83
22 42
30 77
56 91
3 16
83 90
40 77
0 46
28 81
81 85
28 40
24 75
48 93
51 59
14 32
7 39
10 86
55 86
23 60
2 45
61 74
12 62
2 58
15 61
14 63
44 53
67 82
9 72
5 72
37 66
63 84
48 72
5 76
0 74
7 51
26 29
49 87
5 64
13 75
39 59
26 53
74 76
38 93
19 48
6 90
5 80
2 31
7 81
5 26
3 11
34 44
8 71
22 64
87 97
44 88
75 79
89 93
19 52
46 75
77 89
37 88
39 54
74 78
9 24
45 89
44 46
12 39
15 46
74 90
7 15
50 57
13 98
9 62
23 41
22 50
34 93
26 47
76 86
27 49
60 77
19 59
1 66
26 77
0 84
2 15
22 96
66 90
50 93
13 22
20 80
31 83
53 87
5 45
35 60
47 69
27 77
23 44
13 24
17 92
19 41
1 13
3 10
68 87
35 44
33 72
23 52
27 70
6 72
3 29
51 89
84 95
1 76
14 88
64 74
4 30
2 47
21 79
13 54
33 75
44 68
49 98
10 82
7 68
29 44
7 24
11 32
6 57
10 71
84 89
23 26
48 53
72 83
30 98
50 68
41 67
93 94
35 61
14 92
21 73
27 55
16 71
37 93
7 75
28 42
53 54
53 65
79 98
44 71
27 66
64 85
41 66
10 76
46 89
80 93
30 38
43 76
7 30
21 35
24 47
11 64
7 56
8 28
24 54
34 83
18 61
19 35
52 64
45 79
20 25
6 51
27 89
32 75
16 79
57 82
19 40
15 76
12 60
19 65
10 51
11 20
60 65
63 87
21 37
47 81
3 55
58 62
67 87
4 98
5 25
65 86
14 22
67 77
49 83
42 76
37 91
63 72
73 93
18 98
11 30
70 76
29 46
11 52
33 82
11 65
3 45
46 85
24 96
15 64
12 38
3 43
80 94
78 93
45 90
56 75
4 45
44 70
20 78
14 26
28 91
24 77
15 87
45 47
55 56
14 84
10 60
77 81
11 59
35 92
34 95
31 60
43 73
5 61
14 65
37 79
33 89
1 68
8 23
0 21
21 71
12 90
27 71
83 91
30 90
4 32
3 64
24 91
17 78
26 73
20 34
7 19
51 56
5 15
10 77
48 91
44 49
15 44
90 91
14 70
61 90
32 71
12 88
39 50
35 83
28 41
9 89
72 82
92 96
62 70
12 58
38 62
66 79
29 41
2 80
23 86
42 72
80 98
20 48
25 29
39 42
35 37
29 47
77 94
44 95
33 47
31 32
50 67
33 41
16 80
43 53
53 59
23 81
30 75
57 91
17 85
15 51
43 80
8 35
6 26
49 64
31 36
49 71
75 97
17 53
8 94
53 67
30 99
71 90
24 34
55 68
12 55
62 71
5 91
70 98
4 56
69 86
92 99
39 86
43 98
40 45
22 27
38 94
13 66
0 20
38 52
23 87
57 93
75 85
27 80
9 83
18 27
2 30
68 89
58 72
35 94
18 62
51 98
39 49
62 86
0 48
18 67
21 51
20 61
34 67
88 97
6 64
8 64
28 75
25 78
62 81
2 13
52 85
12 89
8 93
35 97
4 84
32 66
10 14
6 27
25 51
60 70
7 38
17 69
22 78
16 27
56 88
59 82
9 95
82 96
18 50
3 59
23 65
33 38
42 82
17 26
25 69
49 66
5 27
43 94
14 95
13 73
19 27
37 97
20 37
50 55
1 46
67 97
69 85
45 83
2 48
2 59
17 42
38 66
62 80
73 83
17 77
44 66
20 46
53 94
11 84
70 78
34 58
13 50
53 70
96 97
2 46
7 80
7 70
7 20
22 76
29 31
77 87
52 65
21 62
58 60
19 92
3 53
19 64
30 93
30 85
33 84
12 69
78 83
57 69
42 81
73 98
0 79
42 80
77 83
45 48
30 97
60 76
92 95
30 41
5 78
73 81
2 91
50 87
11 44
7 98
22 56
18 22
30 96
9 48
28 89
36 67
90 93
33 44
60 62
41 48
59 90
33 94
38 47
4 58
41 49
17 48
42 89
6 70
6 91
21 90
48 78
37 90
1 2
8 9
50 91
18 55
17 94
23 51
34 98
52 74
26 75
25 74
65 99
13 87
36 81
56 62
30 65
68 69
40 82
3 32
53 62
32 97
50 66
38 63
66 69
44 60
5 65
40 66
19 33
0 63
0 62
10 58
3 66
20 51
54 89
15 69
36 39
52 88
88 91
49 81
69 99
22 92
39 79
90 97
18 37
10 95
17 66
4 81
6 89
11 12
39 74
43 74
17 51
1 81
78 84
0 14
19 72
15 41
19 53
15 89
17 93
11 55
27 75
16 28
23 70
19 68
14 53
35 93
73 96
30 74
68 96
0 47
25 49
41 75
11 13
31 81
5 17
40 62
7 58
19 62
6 14
35 56
64 98
5 87
61 92
14 75
81 83
6 46
64 93
41 79
15 54
38 71
16 39
4 79
8 18
37 87
9 87
23 29
46 95
8 19
35 41
22 91
24 40
54 64
25 82
23 61
5 43
8 42
12 80
39 73
2 33
58 76
17 61
17 52
45 59
39 82
30 73
15 24
16 57
25 83
47 64
29 95
53 79
42 45
25 71
44 98
9 19
73 89
5 60
20 42
15 36
28 32
0 41
52 67
21 64
61 77
30 37
15 18
16 22
66 84
10 79
22 29
3 14
6 61
2 54
16 18
54 57
76 91
34 74
87 92
59 99
62 67
29 63
65 75
3 17
10 87
17 81
20 81
63 88
73 92
28 43
11 87
39 81
40 67
21 47
16 56
37 77
74 98
3 12
7 22
48 54
2 57
30 57
6 81
44 72
33 54
84 96
38 86
24 39
11 56
49 62
39 90
79 86
75 83
76 85
24 97
31 94
2 88
55 95
3 73
26 54
35 54
36 93
46 69
78 97
25 95
3 89
34 45
9 30
72 92
0 96
11 47
41 58
28 97
10 26
9 25
43 97
9 36
37 44
72 90
0 89
54 86
28 68
42 94
22 81
23 39
24 71
16 99
4 71
30 87
16 83
9 18
29 72
17 56
79 84
6 66
18 46
11 69
28 57
89 92
0 97
6 62
35 86
0 78
6 13
12 91
18 85
10 92
39 91
58 65
23 54
10 25
33 93
56 84
48 62
12 28
46 67
3 86
71 93
27 82
5 97
5 94
34 59
43 82
24 48
9 68
18 59
6 44
38 64
42 64
45 61
32 53
51 52
83 89
36 88
20 22
56 61
5 83
1 40
34 53
51 61
9 70
31 73
24 49
20 83
28 73
27 54
75 76
83 95
1 43
4 82
13 21
2 10
85 96
32 85
35 45
32 94
38 50
75 80
4 36
46 52
35 90
49 50
56 79
28 90
13 28
10 93
87 94
36 99
1 54
47 74
20 75
16 98
11 73
38 84
4 68
5 22
77 91
16 95
12 57
9 78
17 19
57 90
49 88
54 68
21 63
20 84
9 15
28 58
74 75
8 26
58 95
50 99
28 50
40 73
8 33
3 38
4 90
81 98
21 96
2 5
21 42
4 67
9 66
2 55
5 53
18 73
22 24
0 39
46 51
4 16
4 55
42 84
35 57
49 52
22 23
45 75
85 95
41 56
47 56
34 87
85 93
52 92
44 67
26 56
44 97
20 71
62 68
12 68
33 68
29 51
31 84
47 98
57 92
8 36
29 87
68 97
53 64
40 87
1 77
16 69
95 96
38 78
39 64
41 51
21 56
45 50
46 59
92 97
85 94
79 80
45 49
19 82
3 98
70 90
40 55
5 42
26 67
33 92
43 85
13 94
10 72
26 32
31 58
21 98
51 76
63 98
53 73
47 79
41 83
46 68
23 40
24 62
19 55
12 71
31 46
27 86
23 97
35 79
3 63
15 79
13 33
79 90
1 83
16 94
65 89
25 99
16 50
15 92
5 48
75 86
51 54
0 53
34 89
48 85
19 50
62 95
82 95
31 86
68 94
19 73
36 80
41 81
2 79
13 34
88 96
28 52
20 50
14 97
37 98
67 76
30 82
26 93
68 80
20 60
4 44
18 65
38 61
14 79
3 28
58 67
8 13
48 61
46 93
59 84
65 78
19 60
36 76
70 72
51 86
66 88
40 85
0 82
33 98
49 69
56 95
21 39
66 70
41 46
26 61
59 81
64 75
26 31
72 74
45 58
20 69
41 47
17 62
61 99
7 48
32 54
21 97
5 30
12 27
39 93
32 60
18 99
12 75
18 81
9 58
3 33
47 58
88 98
17 99
41 52
85 89
2 72
30 83
13 70
44 58
50 72
2 84
25 38
59 75
0 29
45 54
2 68
37 74
58 98
78 82
7 17
1 63
31 75
50 62
30 68
43 56
27 83
91 96
19 90
49 57
49 68
59 66
47 94
20 93
8 70
31 92
4 50
62 65
36 79
15 50
84 88
28 96
31 89
63 70
13 44
53 88
9 35
16 35
21 80
35 95
29 52
15 35
15 85
43 96
36 74
49 70
0 87
88 93
5 9
69 81
43 93
65 81
38 41
21 57
27 84
93 95
27 28
23 91
50 96
37 70
12 92
2 97
17 96
42 55
50 63
72 86
25 67
33 43
21 93
27 30
19 44
83 92
31 65
54 99
60 78
82 90
40 75
3 6
0 22
10 18
0 88
1 30
27 72
10 52
2 21
62 84
88 92
57 96
60 87
35 71
52 71
23 62
80 85
7 62
2 29
11 22
57 95
36 42
2 73
3 77
22 66
6 96
3 72
6 24
82 93
4 96
37 50
19 79
94 97
73 79
42 75
15 63
77 88
10 81
55 93
18 64
15 40
30 95
21 32
18 83
15 31
10 65
17 28
65 97
52 76
94 98
14 15
63 79
4 37
19 86
0 49
37 41
80 95
39 89
1 69
4 52
52 80
71 73
37 81
10 50
23 53
40 89
61 78
0 11
21 31
27 53
12 47
13 80
11 19
51 94
7 27
65 92
5 74
42 63
2 52
44 75
59 92
35 58
10 89
36 98
28 85
3 81
37 78
29 99
22 31
58 86
38 69
44 57
7 77
0 81
48 71
65 69
64 71
11 24
19 91
9 27
10 44
51 78
66 73
42 48
60 75
87 93
40 88
9 42
44 62
37 96
25 91
16 30
28 86
41 71
33 42
31 55
39 87
79 87
50 58
50 86
69 90
6 37
15 75
45 66
40 95
63 82
9 52
44 91
39 45
53 93
25 94
15 20
20 57
80 99
24 41
4 27
2 44
61 93
57 79
3 25
84 90
47 99
31 78
19 63
55 82
13 20
60 92
72 99
41 91
45 93
5 56
18 53
52 55
26 36
38 77
7 90
1 38
12 36
45 88
22 93
67 75
26 72
2 38
16 97
25 26
19 58
46 87
11 41
7 57
20 85
73 86
38 75
24 66
20 62
5 88
39 51
7 92
1 58
62 73
89 90
47 83
6 8
11 18
43 50
43 47
14 66
57 62
11 67
3 94
19 45
51 67
25 92
74 88
87 90
55 77
3 84
9 14
67 79
47 51
2 99
56 98
8 56
52 56
26 52
50 80
34 82
43 65
61 79
0 24
13 16
66 99
22 98
1 21
42 68
54 73
5 77
13 65
62 66
7 97
22 40
42 92
1 9
32 46
46 92
4 72
22 80
24 59
38 44
44 47
23 98
2 35
40 58
1 64
20 74
32 83
66 91
0 37
21 50
19 23
47 88
10 12
42 91
62 77
58 73
19 87
79 91
48 97
39 41
36 64
14 91
44 77
10 28
31 74
8 89
30 46
58 68
39 88
45 81
53 57
37 86
1 85
10 99
66 85
24 63
37 40
17 44
28 55
61 84
16 44
78 79
23 48
54 95
6 80
91 93
14 50
67 83
22 35
5 38
37 58
56 67
15 49
77 98
7 36
53 71
48 80
48 64
63 85
18 75
62 82
19 67
18 91
43 87
40 60
48 92
11 43
70 91
0 71
23 71
12 43
4 73
44 45
80 87
3 5
33 77
25 42
2 40
2 89
35 80
80 96
28 46
24 50
27 33
12 30
40 61
29 49
34 80
18 56
67 90
18 57
52 77
7 66
53 82
44 83
34 62
53 91
46 48
29 33
0 35
20 33
30 76
62 99
41 99
8 34
41 64
41 95
7 69
50 52
70 74
19 20
22 58
3 82
36 44
33 50
36 62
42 57
24 84
55 62
47 53
43 95
39 40
52 78
25 52
35 78
21 86
25 46
36 37
35 70
31 91
50 70
74 97
32 79
48 57
39 58
33 48
52 97
39 69
78 98
10 94
50 76
9 40
14 31
34 52
21 46
12 31
74 77
25 98
13 72
66 98
77 82
81 93
1 65
4 59
65 87
18 52
16 81
0 72
22 33
19 99
11 15
39 95
60 67
53 76
15 19
49 92
1 7
7 78
0 58
5 36
83 96
6 20
9 34
16 64
25 70
17 79
40 93
13 82
40 71
16 21
31 57
13 90
37 65
34 61
24 83
29 96
55 81
13 67
52 94
15 73
4 61
11 27
22 99
55 85
34 60
56 94
18 19
46 78
11 61
19 83
56 64
32 61
82 92
33 57
52 57
5 16
2 65
35 88
5 7
49 89
64 92
2 25
19 51
48 67
9 63
15 21
11 49
21 74
43 92
49 59
21 75
16 66
10 31
7 23
77 96
3 97
64 67
48 50
16 76
10 59
16 54
57 68
2 34
41 96
38 79
48 56
24 64
8 48
69 93
25 85
14 35
46 86
34 63
26 91
59 98
47 78
16 86
7 89
32 65
7 84
73 99
18 90
56 63
16 48
0 68
37 60
59 64
55 64
15 74
1 97
71 84
15 83
41 60
16 59
48 49
60 72
28 95
26 85
52 70
90 95
3 51
40 53
70 77
8 91
61 98
51 90
12 48
46 66
19 46
11 58
51 93
41 74
28 72
63 99
17 87
59 97
14 49
12 83
11 39
11 81
3 68
25 76
8 90
49 67
35 42
2 86
29 38
20 59
67 88
18 69
30 55
49 53
96 99
31 40
53 92
29 97
4 91
4 63
17 39
69 96
2 43
16 63
37 94
24 90
45 97
0 9
69 76
17 74
30 47
7 33
21 34
60 84
25 61
12 56
41 89
33 62
27 98
35 51
28 48
8 78
24 73
27 61
54 74
31 62
46 97
12 87
0 42
7 31
39 76
62 89
63 73
2 26
32 45
5 11
8 63
45 85
30 59
0 85
43 60
38 99
22 87
18 24
2 53
9 55
53 66
71 88
6 67
30 62
40 91
6 48
34 66
17 55
17 21
38 49
43 86
0 75
9 59
82 83
8 24
7 26
28 88
66 94
29 89
14 87
1 15
8 52
40 98
4 8
29 54
70 75
8 79
22 47
22 37
21 69
39 44
20 52
9 64
8 75
46 64
8 72
5 82
55 61
29 56
23 35
62 74
80 97
42 99
60 71
18 79
61 67
