0 1
1 2
1 3
1 4
3 5
3 6
6 7
4 8
1 9
3 10
8 11
8 12
10 13
4 14
11 15
8 16
6 17
0 18
13 19
1 20
12 21
18 22
12 23
19 24
11 25
16 26
21 27
8 28
3 29
12 30
5 31
4 32
30 33
22 34
13 35
12 36
0 37
16 38
11 39
20 40
11 41
41 42
16 43
19 44
18 45
27 46
0 47
43 48
37 49
40 50
5 51
38 52
8 53
48 54
26 55
37 56
10 57
15 58
48 59
20 60
8 61
1 62
56 63
49 64
9 65
28 66
53 67
14 68
68 69
53 70
62 71
67 72
46 73
52 74
1 75
44 76
26 77
15 78
36 79
19 80
26 81
75 82
9 83
10 84
32 85
59 86
66 87
57 88
82 89
68 90
2 91
12 92
81 93
42 94
70 95
55 96
70 97
16 98
79 99
71 100
59 101
16 102
12 103
16 104
23 105
79 106
60 107
100 108
0 109
48 110
106 111
96 112
9 113
77 114
83 115
40 116
72 117
66 118
64 119
57 120
77 121
115 122
66 123
119 124
47 125
51 126
42 127
54 128
11 129
52 130
112 131
27 132
6 133
34 134
32 135
1 136
49 137
33 138
70 139
117 140
11 141
22 142
115 143
56 144
130 145
111 146
10 147
27 148
37 149
43 150
29 151
96 152
127 153
111 154
54 155
62 156
156 157
156 158
8 159
14 160
54 161
17 162
126 163
64 164
18 165
146 166
57 167
91 168
69 169
147 170
69 171
149 172
58 173
33 174
40 175
93 176
63 177
42 178
112 179
78 180
123 181
47 182
43 183
135 184
84 185
53 186
71 187
132 188
176 189
103 190
149 191
149 192
84 193
7 194
74 195
113 196
88 197
35 198
97 199
174 182
53 168
16 168
124 134
156 164
48 97
129 141
139 185
74 198
21 107
56 149
169 171
22 146
7 173
81 89
132 135
74 113
23 141
15 120
87 107
24 126
64 198
13 25
88 167
80 102
72 154
82 185
53 173
113 128
32 90
37 184
3 179
69 138
122 173
28 101
95 110
153 191
60 90
57 181
122 188
53 79
27 68
4 54
6 81
68 137
12 94
111 194
22 153
92 132
69 128
23 93
130 184
134 177
86 103
66 77
2 152
41 185
144 146
14 64
110 147
51 101
100 134
20 144
172 198
35 119
0 189
157 158
43 121
1 173
13 106
5 143
17 94
103 121
45 53
53 127
85 174
157 193
122 135
15 185
105 193
68 186
29 138
39 189
38 172
164 169
3 92
126 162
52 144
52 164
31 46
7 110
17 97
81 159
122 186
38 57
53 145
42 77
56 172
63 140
54 178
53 136
38 66
34 180
73 130
76 83
76 157
82 88
24 109
124 137
90 112
60 152
22 51
18 124
81 123
2 194
122 156
30 129
97 101
11 30
38 170
154 181
52 75
62 113
61 133
136 164
34 151
49 148
21 151
16 17
77 102
101 146
29 199
164 181
1 56
65 102
41 56
153 197
32 51
99 168
55 165
63 89
100 128
39 197
99 129
34 48
11 78
29 124
137 148
132 160
2 20
63 182
130 165
165 190
11 170
98 103
7 68
127 165
113 163
68 87
42 50
39 45
12 105
137 176
55 62
2 60
3 105
23 54
89 131
76 194
78 165
20 41
53 99
14 120
124 128
31 131
11 28
79 149
20 90
93 107
154 174
95 146
7 50
91 197
147 194
11 13
7 193
49 54
132 163
42 180
112 134
80 184
71 180
4 55
126 177
16 191
133 158
69 158
49 154
9 88
18 158
38 136
90 104
125 175
85 110
3 173
100 145
73 84
103 107
1 14
154 160
52 176
32 166
6 63
57 126
34 127
34 130
103 176
71 195
24 178
30 116
120 156
76 132
20 135
127 171
40 135
24 42
153 177
32 45
115 129
20 173
112 149
49 85
19 112
56 106
48 143
81 164
20 110
49 105
78 178
132 185
26 121
30 175
7 79
68 74
85 111
16 114
180 187
107 108
83 116
25 115
122 166
46 84
118 173
12 90
14 60
35 168
75 119
75 150
109 120
53 108
68 184
38 128
52 59
36 156
147 152
68 165
157 198
45 153
122 148
16 164
35 111
28 192
110 167
14 119
30 164
174 184
45 128
12 145
1 154
62 140
93 174
63 116
18 152
147 169
74 173
51 156
25 191
18 46
28 107
123 131
139 180
130 157
92 157
107 158
82 96
32 176
10 115
14 125
93 175
148 189
46 182
57 179
140 193
96 178
31 163
33 105
71 190
41 188
51 139
89 115
171 183
120 181
67 166
33 60
120 188
19 37
140 167
108 184
100 142
12 116
149 184
11 112
55 161
108 191
145 187
27 53
20 97
91 102
102 123
18 126
49 178
47 124
35 183
92 198
4 145
61 194
43 44
154 173
21 55
46 151
117 144
25 170
98 121
69 194
96 131
70 130
137 162
22 41
141 185
119 193
81 124
170 198
50 78
54 119
9 122
126 153
48 51
17 89
83 91
77 128
67 90
123 138
106 118
53 126
142 187
85 125
69 180
1 117
43 179
94 121
82 150
12 113
67 109
62 97
29 65
66 107
45 114
34 96
130 162
111 199
133 135
35 96
56 108
7 25
31 65
38 51
53 169
56 178
2 133
161 175
79 159
33 53
100 198
17 46
105 134
4 144
142 165
103 189
82 194
20 27
15 69
86 130
87 88
30 74
16 32
15 41
42 140
90 111
6 73
78 140
52 153
62 99
82 156
84 152
34 77
36 70
14 185
40 146
20 188
135 181
7 56
98 99
55 143
13 145
124 135
137 195
31 164
8 60
46 63
64 126
17 81
68 97
3 65
6 24
137 147
27 94
9 89
87 99
27 67
44 137
35 159
68 91
3 85
11 113
96 151
111 126
101 135
81 156
13 116
176 198
133 153
16 40
29 104
2 86
45 49
43 68
163 187
179 184
72 162
36 118
17 29
37 127
100 102
105 138
61 111
65 77
46 128
34 50
0 64
102 189
12 109
75 153
111 168
29 50
32 91
47 163
49 59
43 83
21 139
147 160
7 107
41 64
80 194
19 198
13 16
10 181
18 135
123 189
134 147
60 95
134 184
32 48
8 117
74 187
3 186
23 121
79 96
72 164
145 178
60 177
84 132
148 157
146 178
34 120
113 159
79 166
84 138
8 176
58 108
188 191
72 156
114 123
52 148
71 177
193 197
9 166
100 111
15 143
48 162
131 146
33 84
87 168
85 142
45 119
60 122
33 34
17 33
5 118
23 70
45 123
135 192
13 39
44 49
22 50
19 65
132 195
1 37
57 161
90 186
100 174
176 179
99 136
59 99
10 99
4 140
46 47
0 123
95 161
13 105
60 74
101 162
109 194
19 40
46 103
25 40
75 85
74 184
71 127
39 138
10 158
14 33
145 158
124 131
76 195
82 94
87 164
14 80
85 168
88 178
15 43
27 162
31 51
58 92
26 135
76 119
101 186
83 165
103 131
132 183
70 122
4 121
155 160
85 143
51 94
94 161
36 167
46 59
75 143
17 27
92 174
110 141
38 124
63 122
160 161
1 133
52 158
99 130
106 199
26 178
123 127
7 69
41 189
119 155
3 194
61 190
118 126
28 72
81 111
121 136
106 114
102 150
0 148
178 182
157 174
120 175
22 88
77 109
172 186
143 167
165 170
6 141
12 111
45 61
175 198
17 160
105 141
23 187
21 142
138 179
37 42
50 196
57 81
63 198
14 100
146 197
80 133
31 62
41 181
155 177
114 152
14 135
16 89
10 106
74 115
67 137
107 131
119 133
19 159
138 177
101 117
73 138
65 124
11 165
16 77
127 179
113 115
6 116
8 71
31 59
24 36
147 199
39 120
134 179
151 180
13 42
15 130
52 121
72 119
16 106
76 110
66 115
4 141
142 183
14 82
150 152
159 183
89 163
32 35
53 107
143 170
75 107
67 183
21 73
7 108
95 172
55 137
17 58
59 139
145 172
49 102
11 64
13 22
120 138
23 35
13 125
0 197
59 194
139 170
58 185
22 45
112 133
79 182
66 96
11 62
140 171
45 99
43 165
41 52
32 187
23 153
13 77
5 54
9 51
46 193
22 74
57 125
32 61
24 25
176 186
122 145
19 79
43 184
137 161
27 106
24 82
33 155
41 157
50 65
176 182
55 166
177 190
106 178
30 52
150 181
3 36
110 139
166 191
18 96
138 157
141 155
152 169
101 159
30 107
57 101
65 188
41 112
181 198
134 159
9 129
23 74
4 36
16 21
123 196
23 155
163 170
127 135
70 112
109 158
18 48
48 137
20 107
106 128
69 170
158 194
62 85
58 163
113 162
34 36
42 55
22 47
35 38
40 107
131 141
34 171
122 162
112 142
95 132
21 123
12 160
35 174
16 105
103 157
140 188
119 186
86 140
54 107
8 62
110 187
15 36
26 47
174 199
79 124
34 102
66 104
15 128
7 152
70 80
36 107
107 145
8 29
47 149
146 191
116 124
59 72
11 156
139 173
42 159
16 136
68 104
100 164
73 161
143 197
86 160
56 184
11 137
27 97
35 86
6 145
135 193
8 14
125 187
81 82
9 17
33 101
18 169
1 85
57 135
54 97
38 150
24 156
78 136
45 80
93 141
26 80
5 131
27 85
13 63
42 79
105 144
106 165
58 196
100 192
110 116
121 173
36 140
47 93
56 162
43 97
41 127
60 130
100 126
167 188
19 28
9 29
32 52
148 198
35 57
52 145
7 119
3 43
7 37
101 141
113 138
51 161
159 164
18 145
137 198
72 90
1 63
36 178
64 187
110 156
15 187
25 37
66 148
90 165
123 142
146 172
66 188
9 98
23 39
120 131
66 131
1 98
55 188
11 136
59 65
70 181
41 63
3 159
20 87
137 166
26 91
9 156
38 76
21 99
56 179
9 67
72 197
10 111
80 107
60 159
128 141
74 179
87 104
16 199
86 131
105 137
56 113
177 179
24 181
17 40
98 118
121 174
8 194
1 79
79 169
58 140
55 192
19 166
91 147
139 166
65 119
86 177
195 197
111 143
113 197
4 78
159 181
72 78
45 166
160 192
73 86
24 142
23 142
121 122
93 95
63 80
34 135
120 151
50 156
67 101
79 184
3 142
16 30
34 111
29 37
132 137
45 84
138 172
87 109
10 153
21 194
91 149
70 172
5 22
29 147
72 96
113 190
143 151
101 168
49 143
96 186
104 196
27 127
35 51
80 97
2 187
4 26
42 193
18 141
35 170
53 100
70 118
3 24
64 159
30 35
11 110
88 191
78 96
20 84
75 171
11 184
127 187
2 54
144 193
41 155
46 154
25 73
44 84
60 155
100 106
9 167
7 106
47 183
122 128
9 15
9 30
94 198
118 154
70 107
173 175
41 196
120 121
7 175
5 13
51 68
72 165
59 67
44 81
10 198
68 158
49 60
40 181
102 179
81 132
8 143
74 118
96 168
33 108
39 103
89 98
8 147
25 65
176 178
32 146
57 173
27 168
1 39
37 60
107 139
55 92
142 199
45 142
23 164
102 124
116 173
122 192
148 159
101 118
22 104
13 72
85 138
16 142
143 186
42 46
31 40
20 69
121 157
98 128
153 170
13 198
47 191
16 56
73 169
120 163
35 54
21 185
21 100
123 159
26 114
63 95
120 171
54 101
29 161
94 191
136 180
144 170
156 188
26 99
106 130
6 38
28 43
9 101
30 87
105 133
91 142
115 175
25 92
123 153
23 151
56 169
8 146
174 186
77 197
27 41
8 67
70 189
59 162
31 36
58 164
154 195
14 104
141 175
68 83
133 155
6 166
93 116
83 182
132 156
41 134
40 189
45 125
17 185
25 180
42 95
105 170
47 174
55 169
19 31
187 197
155 196
46 87
69 190
3 154
138 192
20 117
90 166
76 134
25 119
126 192
101 181
69 145
45 135
7 153
113 174
76 182
71 140
148 150
30 66
80 161
83 128
10 56
83 171
54 131
70 157
94 166
121 149
62 98
130 142
50 67
79 142
105 159
54 169
122 157
10 148
16 46
97 157
71 130
26 45
5 132
10 151
57 66
171 181
133 179
58 76
164 176
12 112
146 154
99 161
8 153
106 197
26 71
104 184
66 168
46 170
132 184
164 188
35 171
100 149
57 115
95 148
12 147
1 65
41 107
48 194
127 150
4 187
125 130
139 198
16 179
45 157
22 131
14 115
16 20
60 100
181 191
45 98
81 105
161 172
98 133
13 154
46 54
21 59
136 151
60 80
36 163
95 181
8 9
69 139
83 105
64 85
51 106
29 131
9 142
83 181
54 173
27 55
79 113
59 89
51 115
20 93
105 140
106 177
83 183
38 109
33 43
0 62
66 186
124 160
158 190
108 192
93 147
54 94
1 185
183 186
65 190
73 104
64 111
107 124
3 28
116 118
111 172
157 194
12 40
102 130
118 119
90 109
23 90
43 186
6 109
56 72
7 179
144 150
7 115
168 196
64 113
26 69
121 153
82 199
153 180
92 188
32 142
83 147
40 86
36 56
7 141
11 94
84 127
103 112
63 113
33 197
25 193
54 105
154 158
60 115
22 156
132 150
127 155
87 105
69 102
7 12
69 168
55 72
123 172
73 145
124 197
147 198
24 182
57 85
25 172
28 89
38 118
4 18
49 164
71 124
23 182
12 91
23 58
12 18
23 44
21 88
177 198
89 150
49 92
104 136
104 181
124 170
65 100
7 16
108 186
16 118
132 166
111 197
141 157
62 67
65 67
39 107
65 115
65 176
58 112
72 104
93 149
58 63
79 150
11 143
58 188
4 60
32 193
81 146
102 157
90 128
160 185
92 104
102 186
138 182
6 151
73 110
39 159
162 199
41 92
122 163
22 97
42 175
168 176
137 168
110 199
130 173
49 81
81 119
24 124
64 65
115 160
105 118
36 127
52 66
77 100
2 176
16 175
73 128
32 186
107 114
103 110
26 156
3 9
85 108
142 197
85 160
136 185
94 151
15 166
79 187
23 63
80 149
111 139
107 163
38 104
38 158
20 167
85 139
59 195
48 166
24 66
8 87
73 92
138 189
177 178
52 171
44 171
24 171
29 60
89 113
93 194
124 163
53 116
130 161
54 125
116 136
39 56
78 133
100 165
15 170
15 50
13 151
32 42
107 116
61 92
37 158
71 101
56 146
56 98
148 174
45 113
56 111
87 175
107 162
109 185
88 193
88 96
99 179
99 182
27 126
31 94
20 75
46 122
129 138
19 133
107 171
69 97
131 151
88 143
60 83
150 198
105 122
9 126
64 132
3 137
85 159
10 93
98 100
143 144
117 166
137 183
85 124
25 175
22 87
26 32
49 73
167 172
166 197
151 179
26 97
177 183
66 71
33 170
30 135
158 169
20 164
1 50
29 174
13 130
4 41
119 154
14 184
16 159
184 192
164 173
194 197
9 81
66 162
37 139
73 103
1 64
60 102
64 167
48 71
148 197
56 130
179 194
66 119
51 81
124 183
93 110
119 167
125 191
164 194
161 169
152 193
2 28
55 121
148 151
4 143
8 55
44 193
114 128
2 148
65 172
31 155
47 72
129 148
8 47
88 135
94 115
33 89
5 59
67 154
43 75
51 167
3 141
11 118
55 199
50 94
162 175
0 150
12 157
120 155
61 153
7 126
30 56
117 191
17 128
52 61
60 81
30 71
38 64
57 192
153 166
22 65
111 162
62 102
74 148
67 193
126 136
42 148
58 148
180 195
28 80
109 199
43 145
53 162
12 89
27 43
166 172
136 188
20 22
24 44
36 131
15 118
36 183
70 113
156 184
74 132
6 15
28 96
11 89
72 99
44 88
41 161
136 140
83 100
51 195
6 53
91 159
51 60
48 153
154 163
38 41
35 98
64 165
26 177
45 91
12 52
91 146
8 26
51 86
156 162
1 186
41 81
0 116
33 151
48 112
53 187
161 193
46 82
122 172
4 16
127 136
8 124
112 154
15 188
92 180
48 52
34 63
11 128
42 139
28 41
3 191
74 126
40 154
8 192
24 155
40 91
82 151
160 163
177 192
9 31
187 195
43 112
26 140
70 170
76 191
111 159
24 100
142 169
41 78
61 157
21 54
50 178
102 120
36 101
28 58
52 97
42 131
139 140
64 175
29 177
2 77
98 178
84 119
3 183
101 192
43 103
31 74
98 188
118 155
57 74
6 179
28 147
27 64
12 71
83 193
67 117
19 171
91 94
27 198
17 129
90 185
48 67
20 120
119 195
126 184
53 90
68 108
37 194
83 188
112 189
19 129
35 70
120 140
7 182
91 176
56 93
117 159
35 39
36 153
119 161
89 144
0 63
29 167
100 152
131 168
188 193
34 145
26 197
19 178
19 71
41 73
182 184
125 196
18 120
50 143
78 106
45 198
12 82
88 151
84 125
25 197
131 171
55 80
34 194
70 88
29 180
124 157
122 193
56 174
34 174
107 196
58 174
36 69
97 158
58 168
88 125
82 173
100 151
31 148
97 159
173 183
15 171
31 182
47 109
21 180
98 148
12 114
110 134
158 191
120 149
11 126
7 160
44 192
49 82
5 134
5 104
35 104
28 67
44 161
93 190
100 118
161 187
52 147
21 196
28 95
67 177
12 158
8 21
99 134
45 104
127 141
72 150
56 198
68 194
18 133
25 118
150 157
35 53
104 161
127 175
140 195
12 60
23 146
18 184
118 148
74 194
1 13
67 87
106 196
119 180
53 71
26 125
93 105
147 163
185 198
79 81
70 167
39 158
77 83
6 144
96 130
0 168
71 193
32 76
2 99
116 143
40 85
68 96
62 93
159 165
99 162
126 181
25 117
159 177
117 121
11 172
35 74
10 132
43 174
83 185
121 180
37 79
37 74
81 150
91 162
132 152
46 75
15 184
127 190
13 64
131 173
43 84
18 49
122 181
64 120
170 172
101 128
19 99
42 135
27 78
162 188
31 146
86 129
41 103
20 83
1 153
13 175
162 189
27 142
34 62
75 114
28 94
3 34
53 150
100 171
21 32
95 166
43 98
91 160
3 76
88 110
39 116
64 86
21 170
32 137
30 156
173 180
107 137
91 110
35 180
74 196
29 38
52 185
61 155
45 62
93 188
39 122
17 49
65 187
84 169
131 194
74 105
29 149
64 193
98 151
144 186
17 71
92 112
99 121
20 77
29 70
95 169
63 199
11 43
133 172
85 106
10 157
39 64
3 168
42 114
62 178
55 172
2 65
71 78
56 117
1 150
117 171
49 166
102 109
80 190
133 141
6 47
52 100
65 144
81 189
59 69
51 142
140 145
64 66
75 166
11 37
178 194
21 138
77 171
54 122
100 132
61 186
106 156
25 142
19 183
146 162
103 106
10 23
54 116
84 140
22 92
122 141
162 179
23 125
25 162
79 185
99 156
36 98
3 124
168 183
99 152
35 89
95 119
24 159
100 182
31 132
68 179
13 75
103 162
128 191
28 177
155 174
22 72
86 145
53 141
67 146
27 181
25 89
2 114
41 144
13 199
101 179
162 166
120 186
131 169
110 137
25 81
172 196
57 80
93 123
5 56
106 143
102 196
75 118
62 143
28 73
90 141
41 105
92 175
74 87
70 109
120 145
136 182
34 142
130 193
47 98
38 199
87 179
118 128
39 82
22 135
121 146
40 46
126 198
1 109
139 186
10 137
127 154
93 117
8 92
4 109
191 196
96 180
54 141
154 196
58 158
141 164
94 176
127 164
8 89
129 165
79 179
99 153
18 129
113 193
74 142
114 178
187 199
139 177
11 123
63 98
73 94
82 107
129 154
28 125
99 184
38 79
74 150
117 146
1 45
20 184
56 194
38 71
57 155
136 150
173 196
22 59
41 162
14 23
69 142
25 141
152 183
77 101
84 180
19 86
103 152
140 186
31 39
29 52
89 187
30 124
58 165
20 132
7 151
13 68
98 114
29 90
24 151
95 111
8 118
84 91
160 165
63 67
75 136
93 163
129 153
7 85
30 65
13 168
126 168
20 74
74 91
47 134
12 50
101 189
16 117
14 30
5 49
85 102
6 108
95 142
76 123
84 133
57 158
52 149
84 190
73 132
108 158
142 180
51 112
58 109
192 199
60 76
48 199
119 123
175 183
38 196
81 157
54 147
64 71
25 51
93 148
7 114
3 136
102 147
47 121
41 59
8 190
91 157
87 161
168 178
20 131
104 132
93 198
43 45
26 38
138 159
56 57
84 126
14 133
58 60
29 40
6 68
100 193
62 194
9 135
64 115
125 149
8 75
1 42
8 31
31 66
90 162
153 154
74 141
137 182
125 157
99 157
135 157
131 179
135 160
129 155
121 171
73 89
166 181
64 68
38 187
161 183
32 53
96 109
66 140
37 151
8 85
87 145
31 138
94 119
108 126
7 41
98 191
74 75
27 119
115 131
2 169
65 184
182 193
134 169
89 155
63 141
111 167
29 195
31 135
13 118
91 182
73 82
93 164
145 148
25 98
103 175
20 180
52 159
10 59
3 16
99 186
38 115
53 164
21 69
122 150
97 108
30 99
101 183
7 148
80 143
113 134
117 174
82 130
2 127
50 154
7 55
83 179
5 162
168 188
97 142
27 146
89 126
11 84
157 188
52 182
103 174
71 75
28 169
20 183
106 117
49 145
75 196
11 95
54 176
35 173
131 149
87 118
1 128
79 160
43 146
35 134
4 71
11 24
15 149
131 198
34 85
152 188
82 114
0 24
19 119
47 97
75 174
71 182
38 72
7 38
85 135
22 185
64 123
13 38
129 167
141 188
49 110
14 177
54 194
27 100
63 166
30 41
114 154
22 179
112 194
162 193
57 78
44 103
14 41
11 21
99 159
80 137
4 51
48 103
92 176
104 147
24 34
62 192
74 164
45 148
5 94
77 194
142 182
56 145
78 100
98 171
32 73
166 198
48 169
72 170
27 44
0 173
53 72
43 62
139 148
89 145
1 72
72 182
67 115
144 160
181 190
180 185
28 134
52 173
54 73
166 199
148 164
14 154
77 189
23 147
78 95
131 145
22 177
123 152
25 114
8 36
87 127
63 163
4 13
82 196
63 130
83 118
27 115
59 118
143 175
89 164
25 102
102 182
1 34
122 174
22 195
190 195
94 154
82 135
101 199
133 151
90 133
39 136
3 118
96 126
7 36
2 135
25 171
111 192
44 159
117 197
49 163
21 120
16 93
135 175
123 126
46 80
88 161
43 77
118 144
15 66
142 164
108 175
4 21
135 158
10 86
107 153
62 168
94 111
22 174
107 186
19 62
94 168
111 173
27 96
14 67
69 162
81 197
142 144
35 114
98 158
66 146
171 176
157 192
133 195
94 102
36 160
14 144
20 24
106 146
18 69
34 92
18 123
102 115
13 104
45 48
23 118
86 154
48 132
22 113
71 91
77 199
6 168
131 135
97 135
3 131
71 179
91 171
115 186
15 31
3 181
87 133
14 145
90 196
124 172
0 124
5 183
9 172
155 158
49 66
5 76
9 153
10 154
107 169
39 47
97 151
42 125
68 141
176 194
66 187
9 72
90 113
5 186
5 58
0 99
125 188
12 24
39 119
1 112
139 151
65 162
144 196
74 89
25 116
12 167
17 73
66 116
89 106
4 66
3 117
161 190
33 196
115 132
93 137
66 191
16 61
12 34
32 55
114 182
29 84
28 108
129 181
28 29
46 64
62 177
4 150
81 112
77 141
61 154
109 183
15 79
21 47
53 140
68 85
102 197
19 46
63 172
141 181
48 195
148 184
3 87
50 73
52 170
31 55
68 129
146 190
87 162
126 166
52 192
102 152
26 75
95 180
46 52
117 138
26 95
60 123
103 185
53 165
56 192
54 139
75 149
122 158
169 185
152 171
37 120
174 193
108 109
104 116
122 175
4 75
87 136
90 153
30 154
141 152
112 126
102 127
52 126
66 88
53 93
8 142
8 115
25 188
13 89
18 81
128 144
16 184
126 178
44 110
153 184
65 158
37 193
121 170
77 150
74 84
9 107
42 106
25 104
55 138
105 178
121 195
34 140
75 106
117 155
118 176
119 139
104 142
150 176
43 102
158 166
164 177
11 111
76 88
81 136
52 194
46 141
46 132
107 138
33 185
82 170
34 129
11 158
16 148
80 110
95 199
69 92
16 24
61 182
100 177
165 180
132 142
99 103
93 112
11 18
98 113
74 95
144 161
19 153
164 168
141 148
151 184
37 125
106 119
14 63
47 85
79 107
49 136
117 126
23 171
99 192
5 43
40 174
112 140
102 198
27 109
55 181
36 90
128 179
41 186
79 94
115 133
103 171
22 167
29 79
31 128
105 177
160 173
70 168
31 171
136 157
3 20
33 40
30 168
72 135
85 193
21 108
4 196
0 6
132 174
72 110
125 142
18 193
81 152
167 192
118 135
165 188
98 122
1 11
120 194
34 74
107 154
95 183
159 174
99 139
18 26
106 174
14 146
63 64
155 187
103 166
7 172
44 66
107 141
62 127
20 190
6 138
71 72
55 171
93 181
101 151
120 130
9 187
66 125
87 142
51 55
10 142
50 173
77 118
49 56
56 103
78 192
149 195
70 176
60 120
28 167
53 84
70 141
18 79
157 168
37 59
89 127
34 153
29 132
173 198
78 113
84 107
83 168
104 172
161 184
21 197
48 111
179 191
107 170
16 161
65 87
150 163
57 92
13 187
94 149
91 152
0 110
80 189
51 125
84 157
46 169
16 82
77 157
5 106
111 171
5 19
43 130
52 174
30 75
38 195
7 188
5 7
50 170
76 113
99 151
8 177
55 151
13 62
4 120
116 196
108 137
2 149
114 186
63 175
148 169
61 74
22 181
35 94
32 62
47 90
31 93
99 167
106 120
38 62
7 124
80 170
106 115
34 56
56 195
67 150
151 182
48 157
105 199
27 110
66 105
20 32
52 161
62 152
63 120
47 195
120 164
22 66
60 126
12 83
6 71
81 196
71 96
54 170
37 189
89 99
11 14
91 148
62 74
47 158
53 86
78 144
84 174
160 188
25 183
11 44
90 188
23 185
17 34
49 168
8 196
85 136
103 182
0 41
23 111
75 193
30 101
4 27
20 39
91 180
118 141
47 76
63 160
1 120
105 166
44 179
24 91
66 136
46 94
48 117
12 63
85 90
56 69
65 73
41 93
34 47
34 54
25 148
45 106
60 156
10 195
54 59
64 102
107 182
19 152
94 179
21 65
33 54
48 73
9 117
71 80
27 137
48 95
41 70
4 107
59 168
129 130
128 135
47 173
9 13
0 96
129 199
17 67
3 47
115 176
52 109
62 133
73 116
133 166
73 112
24 85
89 148
77 92
21 37
152 155
136 152
98 138
58 179
80 164
10 51
74 172
42 165
26 199
171 174
41 193
62 197
25 150
73 79
21 105
20 133
34 123
22 130
108 162
75 156
106 191
33 63
89 162
74 168
21 165
5 30
43 78
16 135
10 170
162 172
32 94
78 156
88 146
6 175
152 167
56 141
102 145
184 185
83 162
19 58
18 136
59 112
125 144
53 148
65 141
33 193
97 119
80 93
63 66
76 140
81 169
7 163
70 178
21 133
86 189
63 170
75 86
69 85
6 59
0 57
81 115
13 101
9 18
15 199
45 191
53 122
68 193
62 189
18 190
106 168
12 16
4 97
141 166
42 134
140 178
105 151
61 112
129 132
19 174
45 124
167 175
79 156
62 90
2 4
8 127
29 109
52 68
58 97
23 154
103 179
146 175
11 153
23 25
36 139
36 129
6 27
19 88
11 182
185 194
85 199
11 92
43 108
77 113
111 134
83 120
11 86
122 160
112 178
113 198
115 194
48 148
2 183
145 161
91 131
115 190
158 174
65 134
106 176
72 196
84 151
18 30
25 31
24 107
40 102
76 177
84 182
97 155
134 142
16 133
2 170
70 183
66 172
147 180
35 195
44 60
94 117
110 159
59 154
56 118
42 141
108 134
151 191
82 184
98 110
70 187
27 104
107 123
109 143
31 88
15 196
40 130
47 168
120 190
20 59
75 162
79 128
55 120
95 160
95 121
48 50
2 30
43 188
3 134
184 196
56 153
35 46
38 99
22 67
44 168
47 104
20 50
32 37
87 160
19 144
130 185
83 134
180 186
26 54
118 160
61 78
37 114
9 128
52 137
54 106
20 71
93 104
92 170
72 83
112 138
78 160
44 184
56 62
13 58
71 183
22 105
182 195
41 102
80 179
46 153
77 136
15 176
43 134
185 195
6 19
23 40
130 154
90 114
4 94
175 178
148 152
41 101
90 167
3 79
54 108
88 171
55 167
17 156
28 154
104 170
74 175
41 198
108 133
36 110
113 139
67 103
61 72
19 43
23 27
35 77
1 171
67 127
6 170
36 173
110 132
90 171
10 127
45 70
53 158
158 161
106 144
160 195
103 154
44 96
38 141
54 118
39 75
64 157
38 134
0 70
57 178
14 142
33 144
32 65
19 63
156 194
47 50
92 149
128 186
137 197
63 124
48 130
6 90
73 74
59 184
145 194
17 60
37 185
27 60
85 86
85 141
14 66
135 149
6 124
48 72
95 112
55 196
111 196
33 83
169 176
146 149
37 155
110 136
68 169
144 153
101 154
1 69
20 99
18 53
1 131
40 89
45 87
8 183
0 164
47 122
136 174
31 38
128 143
173 191
12 184
82 120
66 152
11 148
120 154
79 199
54 78
102 171
128 150
125 150
70 78
14 72
82 178
70 111
16 155
134 195
55 69
9 136
32 39
110 124
18 73
172 184
20 172
45 78
40 153
69 120
107 140
146 150
51 56
141 173
23 98
23 91
99 125
92 192
66 132
18 91
86 193
94 156
96 139
79 122
35 103
7 127
120 158
9 125
50 145
39 145
111 147
12 62
98 196
31 95
22 115
57 184
61 149
165 197
44 194
171 172
90 154
34 105
11 60
52 184
160 197
30 173
126 180
81 87
109 133
1 156
42 138
38 137
9 16
7 87
10 33
18 188
105 149
16 79
132 179
79 171
48 62
156 167
25 67
81 158
56 183
138 143
35 141
110 145
62 159
81 191
67 98
70 137
38 179
46 95
40 198
73 137
87 93
90 189
29 39
40 75
9 194
27 98
134 172
145 199
37 132
37 75
136 146
79 176
73 163
114 153
60 192
105 165
48 55
109 125
55 116
42 147
43 74
134 187
84 96
61 123
97 118
54 90
42 173
3 167
39 86
48 93
95 115
109 150
106 129
75 127
54 84
55 113
71 114
87 192
68 154
152 197
38 185
10 38
54 162
59 94
10 26
85 190
42 85
74 192
15 108
15 102
0 172
89 109
13 152
1 139
26 146
31 37
101 163
13 82
62 135
15 167
172 176
7 129
27 193
4 96
118 188
39 134
114 189
2 5
26 94
109 193
190 198
173 190
83 94
65 182
38 86
5 75
69 119
85 156
5 105
7 122
58 116
158 182
28 141
79 161
100 113
170 196
11 101
96 196
117 178
121 140
27 159
2 21
15 165
1 107
65 164
22 192
99 138
54 120
43 82
6 45
143 199
18 54
90 103
151 189
58 70
137 150
126 190
51 73
120 122
12 29
168 191
97 128
102 113
69 105
60 78
71 169
41 110
54 143
23 77
18 100
55 186
144 197
70 114
80 172
44 162
108 115
186 187
60 154
120 174
86 127
14 37
35 140
103 153
6 51
12 187
101 157
104 129
64 128
50 130
99 120
88 198
110 180
114 190
160 168
37 133
102 178
87 163
82 136
14 192
55 83
25 186
11 55
9 115
113 186
55 94
78 128
141 198
20 89
9 87
98 160
72 118
116 155
36 44
60 146
4 168
43 129
143 161
11 181
58 103
96 169
82 165
94 110
14 124
76 153
90 144
177 196
114 140
44 111
39 166
124 185
30 178
6 178
146 153
46 157
15 194
34 65
96 157
2 33
17 41
25 71
116 128
16 138
29 194
24 123
3 187
5 182
115 136
115 140
29 74
17 168
22 184
26 27
37 174
14 87
101 155
130 150
93 109
109 177
83 109
184 189
150 171
0 106
78 176
124 187
98 139
154 171
57 73
109 188
41 174
109 155
108 124
80 197
2 58
3 19
108 118
16 29
154 197
33 42
1 44
117 175
2 142
20 25
29 153
108 179
107 179
137 169
7 199
35 124
145 185
58 129
19 60
66 70
49 190
116 134
49 50
11 36
47 69
21 137
33 178
66 91
12 78
96 117
34 147
56 157
68 191
139 142
29 105
114 151
141 189
62 75
122 136
5 26
28 97
90 180
98 179
73 131
67 151
4 148
55 76
70 79
17 148
25 181
78 166
181 197
12 43
82 198
30 55
123 148
26 112
109 174
50 86
134 185
92 146
10 126
31 45
101 198
23 130
137 151
170 180
32 67
25 36
166 183
51 149
103 193
51 145
86 112
8 69
46 173
128 156
72 129
25 46
31 172
78 185
161 165
61 120
41 124
97 194
71 147
136 169
87 112
5 64
94 98
28 91
84 136
55 193
70 135
19 176
101 191
62 123
73 189
55 136
167 193
3 104
32 116
133 176
60 153
71 163
75 187
42 101
86 133
19 120
87 90
140 174
1 178
4 9
45 155
63 169
83 110
30 53
40 103
104 187
39 78
33 125
27 101
68 86
58 99
51 82
84 114
165 196
71 76
71 125
50 132
50 158
52 94
83 174
20 175
60 105
108 178
126 134
5 36
67 88
35 71
46 99
29 183
93 139
101 144
12 185
135 147
62 86
92 114
25 60
17 116
72 192
107 148
60 175
57 182
35 107
7 63
66 106
100 144
48 140
49 89
59 62
13 143
120 178
91 167
109 132
5 166
29 95
48 144
77 104
164 172
52 186
15 75
0 176
125 181
30 95
66 67
98 180
98 161
77 163
185 197
111 149
2 27
91 135
123 188
1 83
106 124
49 57
165 176
70 159
104 165
55 129
107 133
138 147
14 114
79 172
59 171
12 175
99 155
109 181
21 127
63 147
106 185
76 98
159 198
111 144
81 172
112 187
20 34
15 162
93 156
27 160
22 68
95 108
22 43
82 134
63 193
28 120
26 144
58 152
164 183
31 159
7 64
88 106
101 177
114 180
22 73
6 130
61 67
6 135
21 101
78 83
27 83
116 146
47 162
79 196
1 104
44 104
78 81
143 157
108 181
17 115
103 188
24 94
154 157
188 196
108 132
115 118
85 163
83 189
22 165
82 144
73 113
29 85
65 186
140 164
95 104
16 27
154 194
42 187
65 114
151 193
50 147
66 100
59 85
80 147
117 152
17 78
50 68
72 169
71 102
23 53
47 119
86 181
4 106
31 193
95 153
35 155
104 173
29 49
27 165
100 190
58 85
30 37
177 199
34 52
3 41
127 129
33 145
114 131
24 93
4 130
169 170
97 181
84 179
23 110
59 145
2 199
76 111
149 170
79 80
58 79
95 97
155 182
50 105
72 128
163 176
19 96
111 189
126 143
45 161
139 187
47 105
13 115
62 125
119 120
152 179
96 119
43 56
14 24
58 122
83 107
1 100
31 181
141 161
64 93
150 178
12 73
79 100
67 163
76 104
16 192
103 173
26 194
23 45
26 175
64 196
177 191
32 86
92 121
2 151
107 194
69 156
100 163
25 144
0 21
18 131
156 190
1 101
48 104
18 84
121 185
38 144
2 98
163 168
95 100
25 108
148 154
56 138
37 63
61 113
1 197
137 149
73 191
118 169
1 91
128 188
46 114
8 163
19 155
38 117
25 153
67 130
119 176
38 192
51 192
113 179
32 139
16 137
16 80
142 170
149 175
25 129
161 163
9 183
84 124
6 199
130 189
36 149
72 108
29 188
1 52
98 109
147 172
38 152
23 196
