0 1
1 2
0 3
1 4
2 5
1 6
1 7
3 8
2 9
8 10
0 11
6 12
2 13
12 14
6 15
0 16
9 17
16 18
2 19
6 20
3 21
19 22
0 23
4 24
11 25
15 26
18 27
5 28
4 29
10 30
11 31
26 32
26 33
8 34
32 35
33 36
26 37
33 38
33 39
23 40
40 41
15 42
15 43
21 44
27 45
5 46
34 47
30 48
39 49
26 50
46 51
7 52
0 53
49 54
45 55
33 56
16 57
29 58
37 59
40 60
12 61
58 62
14 63
18 64
36 65
28 66
6 67
31 68
67 69
12 70
56 71
9 72
37 73
18 74
40 75
4 76
9 77
21 78
17 79
79 80
46 81
6 82
4 83
14 84
45 85
29 86
82 87
8 88
8 89
63 90
71 91
74 92
53 93
48 94
31 95
60 96
12 97
19 98
16 99
83 100
65 101
45 102
51 103
77 104
56 105
97 106
19 107
84 108
6 109
62 110
74 111
103 112
71 113
64 114
78 115
15 116
115 117
51 118
32 119
68 120
13 121
88 122
59 123
77 124
118 125
94 126
73 127
101 128
113 129
77 130
20 131
14 132
10 133
25 134
60 135
57 136
60 137
134 138
25 139
3 140
61 141
56 142
22 143
13 144
133 145
137 146
11 147
5 148
134 149
135 150
58 151
31 152
97 153
82 154
61 155
8 156
79 157
17 158
56 159
95 160
10 161
90 162
93 163
68 164
54 165
33 166
18 167
64 168
11 169
68 170
35 171
111 172
171 173
90 174
153 175
26 176
56 177
157 178
174 179
117 180
163 181
14 182
116 183
122 184
150 185
162 186
70 187
80 188
70 189
1 190
177 191
189 192
71 193
28 194
177 195
76 196
66 197
172 198
93 199
114 200
158 201
5 202
74 203
140 204
125 205
168 206
159 207
10 208
20 209
169 210
179 211
155 212
147 213
59 214
70 215
172 216
109 217
23 218
153 219
30 220
46 221
28 222
56 223
147 224
82 225
54 226
73 227
51 228
73 229
192 230
121 231
74 232
139 233
30 234
62 235
76 236
52 237
40 238
133 239
87 240
173 241
44 242
90 243
151 244
185 245
65 246
236 247
169 248
209 249
132 250
20 251
239 252
8 253
135 254
60 255
202 256
193 257
140 258
246 259
216 260
36 261
106 262
97 263
116 264
160 265
173 266
75 267
50 268
249 269
192 270
3 271
185 272
55 273
58 274
80 275
15 276
91 277
20 278
229 279
155 280
202 281
3 282
30 283
69 284
171 285
77 286
223 287
21 288
134 289
20 290
93 291
94 292
58 293
75 294
274 295
16 296
75 297
259 298
39 299
61 106
77 228
23 153
86 143
22 161
193 277
173 295
92 96
28 44
86 195
16 198
273 274
0 189
118 189
9 187
11 43
166 211
24 110
11 166
49 174
3 126
171 248
25 194
89 114
69 207
50 103
82 107
47 238
90 232
9 209
81 111
20 292
132 190
223 282
48 210
241 297
21 107
221 277
227 275
136 219
30 160
218 251
240 292
22 76
85 125
95 199
167 208
2 51
46 48
53 298
71 229
182 226
119 134
5 71
203 267
105 173
177 221
244 291
10 114
136 181
157 234
11 211
56 79
205 255
146 279
135 228
9 50
87 121
3 220
54 128
182 290
114 252
75 288
85 278
176 240
45 209
32 122
231 268
93 168
119 144
73 278
23 291
52 181
210 240
157 236
45 221
126 292
200 239
55 138
6 10
101 238
124 210
0 286
16 123
140 193
5 159
191 242
283 289
274 291
52 116
180 270
172 294
21 268
3 155
287 295
0 110
0 269
84 293
190 197
92 129
18 240
230 268
69 76
46 278
121 146
24 229
0 50
84 129
169 194
249 270
93 296
97 113
31 204
54 237
87 170
110 268
59 99
206 275
38 84
41 157
137 238
31 225
35 77
4 19
111 214
44 137
127 247
4 224
222 287
196 210
24 106
17 58
6 277
60 94
3 54
77 297
91 96
32 234
8 129
105 246
72 214
143 252
22 158
95 271
99 267
136 246
105 120
132 200
21 187
255 274
186 271
202 241
165 290
126 261
167 210
197 222
209 237
98 105
37 246
51 247
72 87
178 214
16 59
20 66
0 299
51 81
185 197
215 231
54 175
139 296
140 250
130 157
107 138
8 54
123 281
181 265
198 265
42 173
66 292
74 236
79 124
72 225
45 285
63 235
174 209
58 238
157 182
71 247
30 119
150 295
66 175
39 166
100 238
249 285
78 259
132 154
175 236
20 293
133 268
129 215
259 284
81 276
144 255
62 172
131 137
252 288
62 264
47 162
237 272
48 101
140 295
103 250
60 63
1 149
32 120
31 290
87 214
236 243
157 195
63 268
37 94
70 108
155 178
80 262
142 235
34 212
10 176
83 266
63 120
144 250
68 190
225 228
71 253
127 249
153 221
15 263
26 96
86 272
14 200
81 170
216 235
230 276
117 234
182 262
74 91
47 205
35 293
117 128
178 247
110 115
29 43
52 234
148 212
75 79
17 135
83 173
201 260
200 296
99 172
38 100
134 162
253 271
151 228
29 145
67 232
104 223
182 237
94 102
144 148
47 149
199 260
59 238
47 232
43 190
151 153
44 191
63 85
37 67
109 229
111 121
21 163
179 263
122 230
84 178
166 238
39 93
65 169
30 258
122 181
199 287
48 55
114 204
145 228
21 201
137 151
65 102
76 233
80 257
72 102
20 38
70 142
116 210
178 233
84 105
87 218
106 107
215 261
115 236
135 232
241 245
263 298
78 275
88 178
160 237
4 163
57 209
41 210
191 211
17 185
180 295
169 211
163 190
95 274
13 287
146 272
113 142
142 165
76 294
122 216
136 297
16 84
92 116
180 299
85 167
117 190
56 255
71 235
13 134
232 242
31 46
0 170
68 84
100 290
7 246
48 272
116 123
258 280
84 299
17 226
263 292
12 267
102 277
34 184
52 221
10 125
74 164
228 232
26 142
54 291
113 284
48 96
161 211
27 174
0 254
130 271
61 221
133 193
85 91
3 253
11 103
21 219
32 233
179 293
4 135
141 244
34 83
61 183
195 260
69 216
119 242
158 170
118 234
113 137
129 132
192 243
96 241
18 111
47 292
25 62
5 102
112 235
59 171
20 297
76 287
144 190
247 279
42 183
114 166
83 131
92 126
146 258
34 122
140 259
169 256
12 285
3 43
46 260
194 277
5 125
88 206
181 215
60 244
53 106
219 245
182 186
2 243
66 255
255 276
135 229
146 161
126 170
62 233
224 232
23 207
217 254
72 103
69 251
111 221
49 124
237 299
133 204
102 148
86 198
221 233
79 249
93 284
38 106
97 288
23 115
20 166
79 93
83 292
206 255
90 135
118 166
151 274
63 293
63 230
175 292
86 168
96 172
59 165
31 243
124 243
41 123
6 114
123 229
6 288
16 80
52 113
165 175
48 270
52 256
20 299
77 115
42 157
44 227
148 184
72 127
68 82
271 279
132 222
61 64
110 118
114 175
39 44
154 297
6 200
175 285
171 233
20 176
130 216
12 79
34 251
60 237
119 277
6 143
124 235
137 287
13 185
247 296
111 117
222 248
250 285
192 259
237 283
113 141
233 262
219 239
132 192
34 132
45 175
181 239
14 255
63 128
119 207
97 196
90 157
39 272
3 239
149 249
83 297
20 133
153 253
104 170
191 274
175 197
55 177
148 176
106 296
159 201
132 236
134 180
119 287
9 62
137 290
132 272
253 260
116 268
267 272
112 285
184 297
146 178
218 260
256 292
186 288
221 296
51 284
115 278
157 202
108 206
135 286
187 214
196 285
53 88
134 281
31 42
74 189
43 95
1 239
22 197
183 231
129 261
62 216
254 257
25 297
66 272
90 178
107 212
96 238
234 280
116 145
62 100
24 180
2 188
141 177
172 228
10 16
165 232
250 274
81 203
104 126
72 299
68 217
105 209
170 254
114 272
166 198
228 251
179 198
29 219
18 56
160 191
277 285
41 255
167 263
108 245
12 229
13 176
179 291
39 109
146 155
3 192
93 198
42 169
246 253
141 201
36 249
28 132
35 65
179 226
79 217
41 286
104 174
125 266
135 247
212 279
107 257
214 217
89 253
135 160
74 188
130 135
50 154
29 203
236 292
107 279
218 254
113 160
7 211
48 296
22 47
110 191
78 143
44 144
113 197
126 240
55 228
160 196
67 217
177 235
229 235
123 224
151 260
51 274
46 213
145 210
115 293
62 119
33 149
55 219
113 299
114 253
73 92
268 281
37 86
90 183
187 234
16 47
146 277
38 189
54 88
103 294
174 299
173 214
111 185
213 295
121 272
247 299
61 201
62 196
161 183
261 272
60 74
65 160
55 108
145 296
86 161
13 17
67 271
83 89
35 56
90 270
85 199
197 298
58 223
68 107
154 262
75 97
16 269
224 241
74 256
17 260
5 100
59 209
106 129
201 245
47 75
170 243
221 223
269 291
273 297
61 220
139 238
150 294
47 48
49 195
158 286
109 267
112 225
11 193
17 166
63 139
40 204
144 273
77 107
147 186
26 178
76 117
120 252
100 265
23 200
119 272
94 268
201 223
47 129
168 296
187 265
140 247
47 257
5 95
7 199
246 256
11 134
40 220
108 140
32 112
196 202
39 271
90 148
70 155
27 200
173 276
50 283
127 176
84 157
45 124
73 133
15 155
218 239
26 155
15 255
141 143
187 261
97 181
243 291
115 159
116 170
88 145
172 296
17 139
226 255
206 276
192 275
25 100
78 243
90 228
0 115
210 248
15 222
7 210
125 140
91 119
74 195
80 285
122 180
204 235
61 115
131 284
196 222
170 176
59 87
38 161
31 100
124 231
126 143
183 269
247 292
0 128
87 211
11 202
181 213
181 207
192 204
171 222
0 197
175 241
113 183
262 296
141 229
250 257
213 263
176 218
80 203
108 242
144 217
78 244
72 110
150 263
20 46
47 245
117 261
30 242
174 283
20 191
56 276
1 176
0 108
17 210
65 95
27 54
162 287
250 295
118 255
34 103
117 134
170 220
163 272
158 231
157 296
164 255
176 235
45 240
35 184
72 148
47 141
13 78
140 182
20 178
172 205
13 26
61 189
104 246
230 279
5 170
85 191
169 224
72 218
123 283
180 240
149 238
2 187
10 100
192 252
100 158
76 235
226 247
165 207
41 226
2 286
145 244
103 138
227 298
7 73
107 130
75 163
125 240
25 247
26 114
147 292
66 89
103 264
46 61
170 277
33 158
95 98
44 274
69 161
18 284
70 273
37 105
94 121
132 205
23 130
168 195
10 43
44 219
142 290
163 216
69 256
27 38
184 253
261 285
25 26
74 261
149 253
118 205
53 270
37 298
57 166
208 247
182 275
74 81
104 249
108 174
69 248
29 106
102 164
130 207
196 257
187 289
50 142
120 299
151 281
101 268
14 94
86 280
257 297
1 164
17 81
232 284
106 275
60 280
77 88
120 268
21 159
4 258
19 105
69 294
48 195
23 155
12 17
142 291
99 282
16 113
0 268
180 219
90 212
147 214
79 119
38 95
73 158
110 241
56 243
62 86
107 243
73 84
163 231
24 123
153 165
39 294
204 280
53 248
106 151
196 264
25 218
131 291
170 225
84 201
73 88
229 263
10 33
11 100
76 194
88 204
36 198
3 228
219 260
92 255
139 203
15 216
185 280
192 237
132 276
0 93
56 260
222 259
24 36
152 216
128 295
41 227
118 285
178 264
31 73
33 75
173 203
259 269
4 235
52 61
119 145
128 160
52 264
99 218
261 290
151 214
108 225
125 282
212 253
148 269
22 203
104 122
15 225
14 219
173 292
105 272
176 244
84 168
211 223
155 290
77 245
182 270
136 265
57 177
77 267
184 213
78 146
13 216
99 177
1 298
36 55
39 245
108 156
78 147
113 215
43 207
247 288
75 120
143 277
84 226
146 295
102 191
164 234
60 100
130 252
38 64
104 286
60 114
69 287
6 50
197 236
182 221
81 266
177 214
129 165
174 227
24 82
167 299
194 298
149 235
28 226
133 275
140 223
18 223
35 181
5 40
37 119
126 219
4 117
22 216
68 212
139 290
38 233
168 211
154 247
105 277
230 240
80 182
146 159
49 126
181 291
6 264
130 177
49 188
8 294
207 270
66 200
42 188
20 93
66 205
78 261
39 199
63 202
137 139
171 268
72 118
52 173
201 202
138 216
191 255
94 226
21 116
72 267
230 237
51 186
8 295
197 237
8 172
29 270
41 247
76 230
63 148
9 124
97 163
142 261
74 273
120 259
225 283
136 143
61 125
70 178
57 149
208 253
121 174
43 213
1 143
129 254
25 294
37 195
223 281
84 281
88 186
74 223
190 198
94 159
72 279
22 160
158 229
118 298
197 261
103 287
33 117
115 199
93 167
71 139
175 286
204 211
172 299
36 42
167 260
50 128
46 287
68 96
56 68
253 256
249 275
60 291
66 169
199 244
22 99
157 194
225 229
136 220
37 83
164 216
206 211
56 93
21 83
242 299
50 57
1 253
46 271
10 84
148 183
11 173
251 256
112 241
253 297
40 252
95 286
233 270
27 250
145 238
188 279
39 181
219 285
162 241
148 227
31 148
12 33
42 243
61 152
4 11
17 157
33 196
23 119
3 234
1 120
36 44
85 135
35 259
128 189
7 232
241 243
9 293
130 248
59 216
49 232
255 282
127 274
93 298
38 104
52 275
68 239
143 215
219 274
219 228
109 279
157 181
147 185
204 234
11 209
110 174
149 296
121 235
206 283
131 287
12 202
185 275
101 190
79 207
98 276
22 82
150 182
131 205
264 294
100 220
40 255
143 228
35 299
250 269
100 263
70 73
38 177
8 149
287 297
67 114
44 54
45 184
59 103
57 175
252 294
61 157
187 202
73 178
112 118
106 222
18 295
75 129
277 294
107 166
164 299
22 153
20 158
105 115
50 193
203 288
146 199
109 213
64 229
148 201
77 283
34 224
53 153
2 192
121 258
114 217
254 272
7 282
70 118
193 216
113 150
92 235
103 237
181 280
175 183
138 165
3 286
22 188
95 147
66 171
66 207
26 251
59 210
189 288
40 269
172 225
47 124
38 288
4 125
148 159
102 233
31 231
243 250
141 282
10 116
26 54
80 122
142 190
49 207
166 288
32 276
73 185
211 270
2 47
99 194
184 237
96 184
89 282
138 263
118 178
59 170
203 280
11 143
28 68
28 76
156 290
50 191
91 217
74 253
2 210
90 220
23 72
132 225
110 285
28 166
45 181
238 260
83 261
263 299
184 226
75 256
105 136
67 211
74 171
3 128
246 278
11 257
200 234
154 269
25 154
172 292
82 100
35 239
128 214
62 295
9 10
77 218
103 110
4 25
150 189
24 203
16 103
230 266
73 198
192 272
55 116
96 226
121 185
205 249
257 283
66 210
155 253
205 236
116 143
133 195
48 79
162 250
32 165
48 291
154 217
141 142
118 175
55 79
9 87
15 294
25 291
124 173
80 214
95 206
112 145
186 207
66 120
77 101
20 190
63 71
228 264
48 181
38 277
40 161
57 228
150 151
58 279
5 176
8 254
79 228
101 162
174 290
84 268
18 196
3 212
1 198
239 263
14 270
160 264
55 195
215 276
100 250
37 266
45 180
2 78
22 137
49 101
32 74
156 169
219 281
124 272
129 197
67 163
29 220
178 196
1 192
117 203
218 252
176 294
137 231
173 239
36 109
262 263
39 105
12 187
32 288
162 199
261 295
66 214
157 249
38 61
270 296
31 188
105 124
98 120
54 299
166 180
118 281
13 128
137 281
52 83
174 216
120 265
122 223
233 281
135 298
72 119
156 295
14 230
18 41
109 285
224 253
9 129
169 179
151 256
0 51
48 202
43 247
47 101
106 243
23 163
97 270
149 179
73 164
27 287
2 146
175 244
164 274
82 93
154 238
28 58
85 176
82 219
0 264
229 272
127 178
102 256
190 214
77 146
7 212
131 249
129 207
57 65
187 222
63 121
198 258
195 214
105 270
109 148
22 242
123 254
61 270
200 203
178 200
176 229
110 278
85 230
53 131
76 115
14 166
32 283
37 151
186 194
45 257
15 19
120 142
201 206
123 226
90 271
34 281
22 182
5 105
83 184
56 294
83 94
11 234
112 272
27 263
23 50
83 152
32 164
1 234
26 252
58 232
96 119
91 238
206 246
249 265
56 204
17 258
175 190
75 130
142 203
164 199
5 48
173 205
238 263
74 102
64 186
149 158
141 217
14 123
95 145
102 211
205 218
40 162
37 96
24 241
155 264
42 253
121 296
80 90
105 232
211 215
210 250
85 262
160 194
71 127
14 171
16 26
216 295
174 239
0 9
106 248
146 233
100 178
66 86
52 220
70 218
117 207
3 287
15 181
63 175
48 141
77 121
154 224
64 155
244 283
268 282
120 144
13 214
64 258
248 268
94 139
184 204
42 58
2 84
143 229
32 246
124 159
88 275
203 278
197 270
158 217
35 258
5 279
102 294
94 208
228 283
139 165
35 265
16 182
119 154
8 14
175 277
107 156
89 202
62 195
43 232
202 290
154 169
62 174
118 265
92 97
252 265
62 96
3 189
197 294
132 293
140 151
120 227
103 168
205 211
23 109
209 211
144 170
113 201
45 71
66 74
188 208
29 30
111 249
43 287
108 129
49 183
62 73
140 146
85 161
122 146
218 229
11 299
160 254
35 163
96 268
2 266
63 263
41 101
136 240
4 289
99 285
25 254
65 265
186 189
149 228
31 45
97 127
211 264
24 276
95 290
86 222
190 218
5 259
242 290
9 55
55 107
24 97
30 225
112 280
35 102
151 295
178 184
253 257
49 125
110 197
58 163
136 244
222 273
85 274
106 122
25 273
89 115
126 285
239 271
240 290
113 159
190 229
14 124
122 125
50 177
45 245
105 265
61 236
7 278
255 283
147 212
18 36
103 157
173 180
56 215
64 98
17 150
92 119
110 189
81 259
265 294
149 237
143 175
194 295
4 49
115 274
1 288
226 238
158 210
76 170
138 156
104 285
163 294
18 191
0 41
28 229
129 246
177 194
50 91
4 201
224 270
118 275
98 172
101 229
121 285
35 124
85 216
23 296
175 237
227 282
116 181
202 246
171 266
77 237
51 65
63 208
69 180
176 277
246 293
0 289
10 49
138 173
112 246
72 206
94 253
96 174
21 203
44 271
107 295
117 206
137 214
0 262
30 89
211 289
129 147
137 217
151 182
123 181
18 39
121 124
81 164
148 286
90 241
121 171
52 200
89 125
68 273
180 279
282 288
64 282
97 295
196 203
154 279
2 152
176 191
199 279
104 106
73 253
186 191
38 82
50 94
26 159
59 120
110 262
215 269
46 190
43 270
71 296
212 236
109 292
119 158
70 268
152 221
285 289
145 233
195 213
193 243
37 115
8 109
36 201
173 299
155 297
60 104
64 145
127 154
183 184
77 231
22 285
247 297
165 285
29 290
146 265
52 253
91 241
135 169
105 235
105 106
57 119
74 82
79 176
13 230
128 239
66 238
54 176
25 56
241 255
276 281
159 177
142 278
159 211
100 292
155 214
203 234
110 180
33 236
39 71
217 241
124 252
115 296
1 56
88 198
19 175
7 83
44 118
157 198
12 218
270 297
95 194
174 274
273 280
132 296
96 164
32 295
49 264
118 299
57 299
148 200
197 247
20 285
236 298
70 258
82 137
116 191
281 285
134 292
85 133
49 148
168 176
23 104
8 199
9 223
13 106
249 278
2 246
65 251
120 123
37 44
125 147
197 216
85 286
214 249
64 260
173 269
95 124
26 265
15 159
153 231
14 214
17 112
175 198
3 116
120 277
111 151
49 85
136 216
167 291
147 209
41 70
56 158
57 205
27 64
113 166
150 297
14 185
133 246
226 234
15 78
90 280
195 242
140 216
107 236
281 287
133 285
279 290
183 220
49 132
42 273
162 297
137 278
146 215
12 230
187 219
160 231
80 137
87 97
244 286
97 162
145 187
35 92
80 107
138 219
68 219
64 183
187 210
102 149
168 272
100 261
2 161
62 294
36 48
261 281
98 202
5 235
68 290
7 39
137 277
73 211
54 72
109 136
205 222
114 251
189 223
43 80
173 278
241 276
20 150
85 263
44 211
168 238
69 117
86 130
242 277
11 162
77 210
138 251
68 72
119 205
72 135
138 145
70 98
29 277
26 101
79 254
217 296
28 164
249 257
98 185
42 136
154 166
108 211
124 255
142 178
16 253
115 239
22 86
162 196
158 159
133 153
99 121
179 242
173 236
79 200
107 141
87 155
175 187
53 184
61 132
259 294
90 152
16 25
0 144
73 265
72 83
46 253
15 16
2 73
11 239
27 155
105 178
40 224
127 132
79 184
135 199
67 155
74 226
119 296
132 285
12 184
35 234
2 160
5 236
28 145
26 60
178 231
164 257
140 260
63 102
76 80
11 271
144 156
50 204
235 259
202 209
36 104
143 287
9 238
41 191
151 223
103 125
174 273
163 260
4 239
141 168
8 262
8 117
116 215
35 103
17 206
101 286
51 207
110 248
127 146
155 163
153 199
270 277
83 172
77 132
182 272
63 229
51 246
48 154
51 78
85 203
193 278
47 63
19 127
10 239
104 235
70 171
128 216
3 60
160 220
45 223
242 298
110 273
12 107
148 223
62 292
3 139
11 58
20 126
63 73
11 77
123 124
124 279
104 203
76 213
21 85
74 212
0 245
141 167
149 190
246 283
93 94
12 139
105 177
24 27
230 234
5 243
98 116
87 202
32 93
115 168
61 213
144 216
215 216
1 261
125 202
102 238
159 243
67 115
105 247
63 249
37 279
231 262
51 66
165 194
43 64
118 276
87 99
12 194
13 254
98 148
136 197
34 238
194 282
12 277
253 258
106 246
76 101
54 217
12 211
65 259
19 299
225 231
61 121
46 120
189 258
41 269
99 133
47 198
21 193
228 273
190 241
27 180
142 285
215 288
68 132
125 172
42 176
59 267
19 81
59 243
130 236
54 144
21 253
14 226
56 150
143 254
222 283
22 148
225 241
86 171
229 298
86 150
30 45
54 200
26 165
132 213
221 288
46 173
166 225
216 279
2 118
133 295
39 267
126 135
38 71
126 265
211 218
267 275
223 270
211 265
52 130
27 176
15 111
14 169
26 167
46 284
15 63
153 279
140 205
89 140
206 293
96 299
30 152
40 262
56 289
84 289
64 109
277 287
40 63
73 240
130 274
3 208
163 287
26 174
79 274
43 135
45 96
210 284
28 211
43 257
6 198
238 299
12 102
209 286
39 85
38 188
112 192
67 129
129 237
66 260
109 287
20 129
15 244
165 208
165 273
135 174
72 254
21 87
81 228
66 166
43 78
10 56
203 209
18 254
89 173
270 289
1 207
8 133
97 210
62 228
32 83
35 81
36 240
7 160
174 210
175 225
26 181
190 196
205 290
235 297
132 288
43 245
16 243
232 233
69 232
106 274
33 50
105 298
3 111
33 106
158 297
81 199
102 143
199 224
79 277
38 67
59 288
56 149
35 60
76 133
111 257
125 144
65 125
132 218
82 203
224 227
61 139
215 217
178 229
1 251
62 63
25 155
72 268
129 201
134 234
40 287
117 219
86 138
118 293
47 103
93 255
269 284
99 150
62 144
70 206
161 209
68 251
35 237
116 187
17 175
86 208
17 55
146 189
86 128
102 170
193 219
88 140
167 235
88 234
26 30
54 80
54 285
9 149
209 279
24 96
28 54
26 218
213 248
123 228
85 282
23 192
126 242
222 234
36 223
151 196
49 271
106 249
199 288
203 217
183 194
73 207
27 121
166 172
178 252
29 284
39 253
174 196
67 133
27 234
281 296
15 164
77 175
128 220
125 213
161 184
13 183
264 271
5 160
28 124
101 256
60 108
79 257
73 124
116 182
1 87
234 240
119 186
57 71
92 250
88 116
155 182
161 185
156 191
48 287
81 293
60 125
6 205
66 114
166 209
114 185
117 178
21 157
13 126
10 136
103 109
50 279
194 296
42 206
210 296
229 255
19 75
98 295
10 273
112 156
36 255
40 209
153 208
82 205
56 292
154 294
58 239
101 154
232 274
72 132
203 212
122 225
55 80
61 164
94 124
124 230
141 161
212 249
83 203
50 247
29 281
108 173
18 104
127 292
10 76
93 170
170 197
239 251
134 280
153 178
161 175
204 249
163 269
11 45
30 247
44 183
283 291
65 182
170 232
248 267
187 225
8 75
178 224
83 270
152 165
41 297
133 223
276 291
87 203
87 145
29 88
188 288
40 156
137 263
132 252
95 149
54 167
225 260
21 214
36 224
13 70
132 208
159 186
155 255
226 278
35 120
94 285
6 292
235 285
12 239
193 208
29 213
57 223
84 94
101 205
13 60
133 236
43 250
85 149
34 202
133 221
103 238
126 274
52 261
145 225
49 240
75 166
81 115
58 183
120 161
243 252
220 270
12 73
171 291
126 199
107 200
151 189
98 251
33 137
23 32
144 275
15 284
69 112
151 258
220 259
101 109
142 204
142 252
56 136
6 258
43 69
22 229
210 280
57 272
36 241
164 211
134 233
30 197
220 273
1 195
38 200
49 133
7 18
64 226
115 248
94 248
158 295
143 181
28 113
66 69
140 217
91 298
72 220
48 138
11 116
45 222
49 261
71 147
144 169
117 270
99 149
48 125
0 274
17 129
98 157
111 152
233 246
80 117
146 285
54 208
90 117
25 270
157 235
39 192
56 154
174 230
43 162
199 265
71 271
106 259
32 225
12 295
102 160
0 129
11 222
16 88
114 233
133 196
107 242
236 246
67 167
136 144
32 238
213 274
60 161
116 206
20 216
107 147
25 228
44 110
34 183
99 112
91 229
228 229
91 101
51 116
1 47
110 264
38 65
36 276
208 262
24 212
255 290
132 165
196 256
26 163
50 187
160 193
217 281
149 271
37 124
62 72
13 156
107 207
0 147
50 157
8 59
42 265
135 146
91 245
34 188
105 190
50 223
148 274
62 273
93 147
159 165
138 157
144 266
136 241
18 98
216 270
21 277
73 190
18 278
3 26
205 279
69 263
26 107
172 240
83 181
259 260
90 214
1 167
216 289
128 288
204 261
154 182
8 24
107 286
114 154
60 111
138 266
277 281
15 35
37 188
87 90
140 221
56 171
249 266
41 104
20 245
38 169
126 136
212 248
181 273
221 257
177 274
140 281
165 203
51 169
33 176
44 121
215 298
67 159
103 282
59 68
214 288
125 284
236 257
27 164
261 280
37 250
135 224
201 210
75 158
80 163
23 226
160 205
190 206
31 76
120 180
240 269
25 284
230 243
42 44
41 45
213 236
184 239
128 253
14 289
250 298
56 285
99 237
62 93
74 108
171 234
2 242
72 84
8 42
23 80
70 197
175 208
61 260
20 282
262 291
125 150
14 220
137 161
36 119
10 42
137 160
36 122
223 269
183 299
169 228
209 252
161 204
139 284
146 158
184 251
132 278
98 218
197 265
86 193
10 245
71 285
46 169
168 242
8 141
89 177
141 265
17 285
129 209
12 176
77 202
91 290
51 188
256 291
197 212
73 149
219 268
72 259
130 241
132 247
45 248
6 266
32 40
204 255
34 185
134 266
193 196
44 158
240 291
131 244
184 190
90 188
20 193
49 259
252 268
41 222
18 281
24 204
148 172
248 274
83 262
102 292
197 200
7 135
24 145
18 133
169 237
127 220
52 152
166 187
76 267
22 255
170 209
66 179
8 131
27 289
93 110
149 217
39 158
27 105
53 218
54 180
43 120
123 185
110 230
129 226
44 82
24 148
48 95
38 246
88 108
168 295
21 215
99 163
92 201
10 64
260 265
32 116
111 288
39 142
21 182
165 245
54 212
107 119
194 281
40 133
12 138
144 211
118 264
50 118
43 145
200 242
27 279
114 164
160 167
9 173
142 292
116 224
156 166
143 180
243 264
58 209
85 104
15 299
22 116
72 219
204 247
8 290
14 95
77 223
236 293
17 267
84 145
75 228
21 113
9 168
31 275
42 164
54 106
80 276
81 132
86 155
26 287
128 150
99 178
71 237
33 145
158 160
124 213
101 273
103 147
64 130
122 133
155 248
95 174
104 141
91 216
152 161
31 150
251 269
103 244
16 76
126 167
167 189
17 34
24 87
130 181
5 244
79 287
142 276
46 152
8 224
60 66
29 271
115 270
117 193
66 198
190 200
115 136
145 170
57 245
119 235
228 288
59 61
100 217
76 108
70 74
122 192
92 122
40 151
97 221
14 57
181 255
24 199
4 212
229 285
185 222
120 257
3 107
26 253
62 132
74 166
31 230
206 268
61 177
125 259
19 91
65 218
155 293
125 177
106 234
281 298
162 298
72 232
124 161
36 123
116 214
22 174
158 291
5 260
257 268
68 224
229 251
7 201
22 72
166 278
141 205
199 230
83 168
159 253
79 218
49 268
3 205
200 207
89 231
197 215
3 143
136 235
119 173
2 80
123 135
176 276
238 248
58 73
26 97
92 293
99 234
16 52
239 274
3 191
84 228
265 291
197 290
116 197
3 75
10 251
0 199
69 156
40 108
82 238
42 122
51 201
12 25
165 190
46 117
72 236
39 268
206 209
134 282
210 281
146 193
87 158
136 222
83 103
129 265
82 287
7 106
75 108
51 273
175 180
1 284
127 140
68 297
73 137
173 247
164 282
108 111
18 46
7 68
107 190
12 75
180 245
199 236
74 79
16 100
18 177
228 243
15 217
93 184
10 75
34 253
20 268
20 28
52 155
107 281
42 154
107 296
126 247
154 202
56 90
29 181
16 242
207 220
60 298
44 131
133 225
103 148
144 239
8 200
136 205
62 171
77 277
121 210
56 69
91 191
15 200
178 215
182 280
43 285
148 277
150 166
17 263
87 165
60 273
102 246
161 191
80 220
173 212
30 108
13 299
102 278
88 169
169 207
64 211
241 246
38 281
67 196
126 186
213 220
203 224
25 209
136 154
80 132
30 213
117 226
144 291
72 154
113 298
178 202
12 232
26 270
193 197
10 108
226 298
107 263
117 124
64 116
31 32
124 250
0 193
83 282
193 205
57 268
19 297
138 184
156 244
108 284
123 128
236 279
243 281
104 217
106 232
136 296
265 286
4 285
82 118
166 296
49 274
13 227
148 288
169 192
14 90
162 288
45 72
65 133
29 218
47 177
42 295
75 194
142 262
197 249
15 84
76 92
32 139
180 199
275 286
2 234
121 199
45 104
205 229
135 176
106 206
245 271
80 228
242 256
217 276
15 190
116 281
67 274
11 75
119 178
118 294
20 214
141 146
234 277
221 291
83 160
29 71
68 153
256 261
28 105
109 281
222 244
134 207
46 129
37 186
131 225
225 286
77 235
7 21
117 254
169 182
0 181
59 161
100 246
76 82
159 188
147 158
63 80
34 194
143 158
101 244
87 204
67 87
73 215
177 257
180 218
37 281
89 194
34 221
19 43
9 79
87 159
156 293
139 215
162 205
6 112
73 212
137 282
153 275
60 124
67 219
84 137
10 91
105 152
44 277
115 189
47 104
105 237
46 275
67 230
161 196
7 240
81 210
85 131
245 280
93 287
23 45
59 233
160 276
42 47
203 277
185 235
74 254
196 242
250 265
134 216
135 288
85 169
102 204
126 298
81 205
37 244
53 264
202 220
17 297
49 245
145 200
57 218
20 102
14 205
40 132
251 253
202 245
200 205
159 287
184 238
208 277
149 177
91 104
1 170
109 165
222 260
35 78
145 289
26 289
179 281
228 258
34 261
146 223
0 257
276 284
241 265
187 277
8 283
9 101
97 233
195 243
122 222
79 146
181 198
30 275
68 105
185 250
46 142
30 228
87 160
227 256
20 277
15 34
280 282
51 222
88 174
50 120
46 193
261 267
10 45
44 94
79 94
148 198
25 282
127 157
86 157
80 247
18 157
68 259
95 228
76 99
264 288
76 106
13 66
54 192
154 288
216 258
176 293
98 229
87 235
226 295
68 220
63 200
114 297
111 283
13 140
83 241
52 238
50 52
41 93
105 140
57 292
66 142
129 263
231 292
68 287
162 248
28 48
98 138
156 178
80 81
100 124
95 168
10 90
188 249
94 227
14 192
121 135
11 287
72 120
172 219
13 235
12 22
154 219
100 134
164 280
86 189
168 178
28 92
231 243
121 239
193 202
272 279
197 253
150 184
147 275
268 276
123 284
43 48
23 52
138 202
127 227
169 186
203 207
83 291
59 78
181 192
165 272
54 247
45 244
44 278
112 212
244 284
58 101
50 60
138 268
161 297
12 133
59 217
217 223
78 223
141 292
29 98
58 240
126 184
118 230
40 64
85 127
249 279
166 206
27 158
7 150
75 172
134 169
134 166
34 246
33 203
30 154
207 295
54 133
135 178
160 223
30 209
92 135
102 112
165 291
22 180
71 90
171 179
130 262
96 260
152 236
95 293
92 120
16 218
49 186
27 152
193 290
76 112
193 258
45 58
200 249
17 109
72 89
20 57
1 99
50 169
161 289
112 245
99 156
216 280
2 173
138 170
189 275
88 166
202 244
273 292
98 183
77 168
247 289
212 240
143 205
181 272
52 249
112 139
205 220
190 264
70 248
96 296
17 222
57 74
207 235
49 168
89 184
17 19
3 174
178 237
44 196
201 257
140 179
137 219
111 219
198 266
34 252
55 144
35 119
21 292
92 207
113 242
271 277
95 131
109 275
105 109
167 243
156 219
250 267
39 239
12 171
95 200
220 284
149 231
135 161
37 163
112 187
86 243
107 232
121 268
190 287
63 165
204 277
137 169
88 89
166 241
202 296
163 176
94 150
160 249
67 207
30 216
96 120
100 283
37 260
108 187
70 160
253 299
93 156
107 121
205 215
86 154
45 228
157 277
188 201
179 290
25 227
49 228
25 138
58 222
92 286
78 111
52 192
73 128
105 252
107 211
122 188
18 174
149 180
165 279
17 170
59 107
22 225
36 195
222 237
52 240
186 246
176 205
242 260
77 206
86 165
16 54
12 281
197 210
138 224
116 269
58 290
266 267
8 97
245 296
226 262
114 214
204 258
64 138
152 244
262 273
44 230
2 156
80 86
131 153
193 220
79 204
6 31
77 284
6 126
238 289
39 122
97 171
92 103
206 207
64 118
27 98
54 280
17 269
12 160
113 248
22 210
275 284
61 259
35 62
8 207
126 273
74 105
28 241
43 44
207 264
169 176
128 199
58 254
270 290
185 292
230 269
18 30
248 257
11 119
160 293
267 290
257 262
247 251
227 229
23 190
132 184
132 280
257 290
131 172
26 135
84 158
48 217
112 186
17 211
55 82
69 291
235 273
43 267
127 297
13 146
13 209
254 292
12 120
239 276
37 55
57 164
50 180
145 215
136 173
75 131
171 231
73 153
36 262
116 229
78 296
6 150
84 154
113 263
6 107
15 40
68 262
54 244
25 250
56 232
31 168
74 89
7 35
129 294
60 115
12 143
104 186
144 237
155 179
59 202
202 263
33 296
45 122
174 225
37 205
32 52
29 95
79 223
103 227
79 281
11 259
248 296
113 216
120 181
142 256
227 260
82 192
72 221
144 296
47 98
157 292
119 212
124 225
279 295
105 253
36 285
93 97
159 284
86 175
66 117
8 240
83 258
56 73
61 178
27 61
235 274
91 257
9 159
223 255
221 256
245 273
47 242
211 277
27 82
50 210
171 262
38 204
80 104
230 278
108 285
58 126
219 250
58 299
11 244
14 239
60 89
190 211
58 174
115 232
17 69
57 59
193 200
38 286
45 189
162 286
70 239
64 174
110 156
42 248
147 187
39 218
75 92
32 96
126 188
5 43
1 161
77 249
165 166
31 255
123 188
159 214
89 277
91 242
48 198
87 147
37 100
105 248
260 288
67 249
14 167
79 282
36 222
257 264
44 152
86 283
80 116
170 208
59 105
94 182
7 17
116 193
131 171
169 297
131 175
135 207
196 289
29 299
11 34
78 132
82 141
153 297
62 279
67 200
22 220
144 241
64 171
42 155
112 173
15 234
109 166
25 33
210 228
41 83
162 177
199 289
16 138
5 207
87 210
196 283
83 159
161 263
84 197
71 152
123 168
81 275
7 62
170 212
198 290
53 80
145 206
45 215
59 292
127 141
151 191
123 165
214 224
280 289
9 49
148 284
32 174
88 124
191 293
37 130
186 282
25 244
93 131
79 270
244 253
36 88
42 96
221 224
88 103
245 248
32 94
11 69
62 76
264 297
57 140
274 298
187 226
93 244
107 155
261 270
87 251
102 161
265 297
231 237
109 196
28 218
99 197
32 98
71 149
106 230
126 169
142 159
38 167
33 123
136 166
30 99
26 109
219 265
250 279
86 216
81 261
195 228
27 92
182 249
76 122
173 178
246 269
73 189
34 41
113 185
200 253
78 254
146 195
67 243
179 190
74 163
12 76
216 224
164 225
114 132
273 288
39 45
97 264
23 264
165 237
152 189
190 213
31 44
130 152
16 254
199 235
46 145
21 53
16 231
226 264
34 92
71 76
85 175
49 159
36 54
148 180
52 164
95 264
20 65
183 271
5 33
90 231
71 297
73 234
65 267
83 253
137 152
7 166
3 180
141 215
171 249
51 291
118 197
165 284
184 231
14 206
21 209
132 262
180 282
33 69
211 295
211 213
193 206
14 238
157 243
46 292
0 225
79 255
196 274
51 243
164 238
153 182
199 242
26 212
79 180
65 268
162 284
75 179
111 275
52 143
133 200
24 128
61 251
84 100
235 291
135 152
77 152
62 191
61 134
4 129
141 286
164 180
34 128
26 286
137 291
140 142
206 208
40 81
46 256
84 285
16 111
89 249
5 19
122 169
168 200
207 296
23 140
0 251
189 204
29 183
153 215
38 252
86 98
55 212
199 220
128 201
17 80
59 255
51 157
98 239
228 268
106 170
139 210
19 226
162 258
122 195
75 141
208 209
28 120
36 274
55 239
107 174
80 271
265 296
97 105
20 59
38 155
25 102
216 233
213 238
179 203
32 59
74 229
238 258
122 203
156 183
32 125
23 262
137 184
206 247
26 240
24 294
63 152
61 191
9 20
95 295
142 193
121 136
88 200
259 270
65 286
117 197
56 84
79 161
188 298
119 214
88 238
161 250
272 278
106 253
71 191
277 278
123 163
58 193
246 289
43 154
132 263
46 236
28 157
22 185
6 119
47 81
33 92
83 198
22 175
149 173
83 156
245 295
53 230
219 227
88 119
77 176
38 139
104 161
251 272
77 190
176 189
50 163
28 110
138 214
162 195
143 157
108 205
30 71
35 222
120 145
146 229
26 56
15 289
149 280
158 296
109 283
110 229
30 270
72 134
129 210
39 134
30 297
168 267
54 262
236 268
9 219
33 63
60 155
27 179
179 239
166 183
245 257
46 279
136 155
209 273
97 240
253 287
0 148
61 153
59 94
124 197
177 224
169 197
125 292
10 263
51 242
27 102
150 299
142 180
147 244
60 72
166 277
0 220
262 285
38 235
78 193
113 140
76 209
125 146
179 193
25 193
136 162
144 177
28 186
230 285
28 126
47 78
81 125
210 273
26 177
192 229
30 110
128 147
36 206
38 69
54 141
2 132
104 294
121 157
80 114
45 299
24 100
64 139
108 112
223 297
210 285
9 98
10 87
182 242
152 258
198 236
71 165
147 264
77 196
109 180
134 236
7 254
32 70
95 208
136 254
90 106
178 209
38 193
15 23
7 175
134 205
179 297
113 295
254 273
224 257
12 238
14 181
17 209
3 240
52 104
27 275
101 272
49 216
29 157
4 245
183 256
21 73
18 52
67 267
3 204
95 188
88 258
72 140
23 177
164 244
81 171
23 219
261 296
0 278
192 211
86 207
160 218
188 247
54 278
124 229
129 267
142 227
82 262
12 69
184 290
97 202
115 186
156 215
125 127
57 84
244 289
264 275
86 187
11 99
72 122
43 85
91 141
38 42
126 220
47 142
104 226
153 230
80 230
215 273
8 123
35 108
210 272
75 197
21 234
108 226
106 189
110 192
162 218
9 35
87 266
155 272
246 286
240 287
11 154
173 230
34 193
133 278
29 250
140 230
155 224
141 158
279 285
245 272
17 95
0 284
54 258
28 149
263 264
89 175
15 189
116 153
157 267
224 262
14 241
16 222
168 277
2 102
51 95
64 95
69 272
81 215
31 262
65 236
18 88
201 215
13 91
0 63
252 295
7 14
187 253
215 240
59 116
14 73
139 196
221 262
91 226
6 193
109 262
77 169
5 50
54 161
74 114
198 277
114 191
28 286
133 214
57 108
97 294
88 260
22 211
131 256
4 97
42 257
15 293
76 154
176 271
150 237
81 211
32 260
36 256
165 253
92 218
33 237
232 236
136 236
114 190
60 191
163 168
262 267
48 244
85 90
15 209
132 297
72 228
146 261
273 287
66 107
65 155
109 169
66 123
29 140
158 177
7 250
199 248
1 49
40 125
15 170
30 179
252 274
4 268
0 267
57 235
189 299
87 283
197 228
184 274
189 254
126 157
182 236
114 157
190 263
20 89
29 81
111 203
1 50
107 151
89 227
36 124
8 186
146 253
132 142
187 273
130 133
121 158
58 230
81 187
82 184
235 243
215 258
176 289
7 45
72 195
136 207
16 107
2 67
28 199
244 265
64 200
6 241
101 159
200 227
107 183
72 298
40 89
38 85
97 285
138 185
9 130
28 63
9 208
85 156
108 274
81 229
23 239
170 224
16 240
197 262
87 120
63 222
61 219
8 48
49 211
123 200
268 298
47 297
60 138
180 224
66 176
78 236
212 298
251 252
221 273
142 218
127 237
92 222
142 202
27 202
22 167
66 254
26 116
241 254
87 258
38 226
81 230
37 143
125 208
95 181
36 287
165 214
26 138
35 91
92 125
79 88
87 95
46 151
60 177
50 294
64 84
241 244
221 229
80 84
12 35
247 286
6 217
56 166
65 253
163 252
53 160
78 112
87 98
70 192
10 298
22 48
96 128
10 243
82 202
212 290
117 127
62 210
250 270
0 252
62 205
256 273
96 266
132 159
266 272
88 216
182 266
22 224
176 197
219 237
27 214
22 184
58 276
113 235
230 233
23 184
186 206
11 92
78 165
212 227
83 185
2 91
158 233
52 120
242 251
249 251
90 299
75 140
127 209
125 271
92 297
94 157
47 251
187 196
71 72
65 76
17 173
50 256
78 197
191 205
57 63
244 268
88 133
210 249
33 133
150 197
117 136
184 188
104 183
2 34
106 185
86 109
30 101
179 248
73 217
166 242
259 265
76 179
152 270
120 173
144 161
31 205
45 278
84 125
104 238
259 279
124 198
47 112
49 55
58 113
63 117
171 288
119 176
83 150
36 173
76 214
215 225
96 134
99 209
165 196
103 235
49 82
41 118
95 167
104 227
56 161
63 240
192 258
99 225
8 161
240 263
81 178
90 118
130 297
58 121
50 161
170 293
8 23
30 238
181 199
53 142
18 282
103 236
0 149
207 245
210 294
106 191
67 269
138 267
11 82
207 288
73 166
141 298
51 239
4 254
133 222
155 180
3 18
73 294
153 295
107 294
240 284
139 168
132 264
38 116
34 208
9 83
126 148
121 281
20 262
16 295
69 205
119 208
67 193
48 276
71 171
213 254
48 53
37 139
93 115
37 203
44 241
122 205
92 287
43 221
83 129
96 173
195 201
65 215
78 248
75 196
106 121
68 100
17 261
51 61
85 236
7 15
222 298
102 201
123 257
125 245
53 212
195 197
51 229
47 207
47 175
39 219
23 149
93 252
64 157
61 173
169 242
31 268
79 190
6 60
111 171
168 191
113 119
151 291
180 285
140 289
73 257
181 203
25 63
17 276
104 258
32 213
120 291
7 270
67 293
58 84
233 297
37 185
70 79
56 109
42 56
112 137
211 236
256 263
13 251
59 270
165 225
93 268
50 189
61 198
57 88
54 215
62 162
51 60
60 162
0 161
218 232
57 72
113 143
45 114
148 240
63 198
188 233
143 267
84 204
81 188
197 204
30 58
57 201
16 287
82 86
168 214
93 195
60 109
10 101
75 241
57 248
204 257
102 217
11 86
29 259
131 148
174 248
35 88
131 265
24 168
216 296
147 276
65 217
109 284
11 48
126 128
230 277
14 30
187 227
130 294
10 181
92 117
186 243
44 276
39 240
11 197
44 85
108 181
58 176
102 269
12 134
110 160
159 187
194 216
85 120
77 252
45 250
94 190
111 229
201 218
30 183
80 252
43 196
77 184
144 297
101 290
14 253
163 239
167 298
235 252
4 137
184 206
101 158
3 236
4 273
197 273
110 269
73 218
2 270
230 236
29 125
182 220
246 271
22 58
56 217
49 281
212 292
122 191
215 226
52 204
55 243
89 207
112 135
27 169
2 255
168 169
12 118
176 211
224 233
55 106
203 287
23 91
161 291
4 251
194 266
18 85
63 285
5 65
178 206
3 70
35 136
159 288
54 99
13 54
144 191
26 296
102 274
166 291
56 141
141 253
31 210
73 156
113 202
0 74
69 90
135 153
67 137
70 112
132 248
19 167
120 246
79 263
141 240
242 288
58 186
40 45
167 176
84 134
13 65
150 283
79 116
137 210
125 141
79 92
23 204
2 72
177 215
68 88
24 258
34 77
184 288
26 153
11 266
174 275
35 98
101 216
125 228
162 245
7 284
199 295
36 208
54 101
241 274
14 24
157 226
217 277
130 208
17 181
15 39
234 278
66 245
91 270
92 107
140 177
156 268
252 254
185 248
30 98
63 133
95 265
208 257
214 261
6 216
16 200
259 290
88 123
121 186
113 245
182 263
118 270
46 131
187 280
5 41
8 204
76 171
24 29
67 183
199 252
35 45
266 291
65 93
172 190
289 291
131 250
148 285
83 188
31 291
20 243
222 250
6 100
43 274
52 224
17 27
37 179
121 220
132 144
6 151
25 27
132 292
152 257
41 221
2 111
105 229
0 168
16 104
2 14
19 72
45 207
79 114
71 220
155 169
94 295
82 95
95 288
91 197
27 140
82 161
40 256
21 47
98 266
32 107
108 270
68 199
64 267
104 105
86 282
219 280
233 244
75 135
63 231
74 124
123 214
4 8
146 221
42 45
2 203
206 272
91 199
102 175
64 243
237 266
59 181
56 238
142 286
112 292
91 158
25 149
181 234
52 251
24 131
33 53
45 255
153 176
211 263
1 70
16 83
101 243
131 239
139 226
170 229
96 293
141 187
146 177
6 245
32 271
28 103
148 219
75 249
158 190
31 155
72 241
53 73
69 105
208 230
235 284
61 161
3 123
101 174
183 270
46 280
25 222
93 139
236 285
278 298
143 297
174 288
163 289
60 103
223 274
159 270
53 231
45 201
171 263
47 216
149 270
59 66
92 254
121 298
111 242
45 297
107 199
210 275
110 286
67 143
67 90
228 250
69 241
1 121
112 240
22 257
24 282
84 93
47 102
93 169
198 292
113 229
27 230
37 109
132 187
157 298
55 200
98 149
194 220
61 111
18 290
111 295
60 288
35 36
49 57
244 285
149 153
14 177
153 207
6 207
175 215
16 213
161 271
59 141
79 87
167 194
146 167
96 224
112 188
45 194
43 50
174 261
179 212
11 91
283 296
108 229
215 282
67 111
134 288
132 198
100 275
64 120
199 258
74 138
57 120
218 284
42 277
153 247
107 241
3 219
156 172
262 282
181 206
156 200
87 297
151 215
276 289
173 254
90 169
187 239
276 279
58 267
9 299
117 210
102 155
39 198
93 126
31 173
75 287
95 158
89 242
11 267
136 231
115 256
52 179
16 69
57 124
24 130
131 202
8 239
17 136
9 290
41 62
79 222
199 286
2 114
220 285
64 270
28 93
24 206
65 192
246 261
13 197
130 169
37 268
214 298
60 186
28 39
85 297
215 265
36 191
142 148
220 243
64 237
0 86
144 242
0 4
49 260
74 279
177 225
23 293
30 57
141 247
90 100
166 216
244 258
49 242
23 289
23 202
136 221
32 264
167 231
1 20
73 200
50 290
103 224
168 171
96 211
107 276
100 264
12 166
3 112
121 188
28 267
29 227
7 162
11 62
67 287
55 285
119 209
118 279
140 150
148 262
168 193
58 76
124 199
54 259
48 258
216 232
100 214
157 239
100 289
145 292
110 277
209 234
145 287
172 275
159 191
73 161
22 266
146 232
6 185
161 171
123 265
43 96
135 148
7 152
119 228
127 196
159 232
140 158
110 133
95 282
50 196
76 216
23 233
80 195
37 209
54 214
55 234
157 244
116 160
214 215
131 199
68 112
63 116
25 236
42 80
64 227
30 174
19 233
15 214
153 158
24 189
29 70
53 285
46 254
11 141
42 260
163 191
146 179
22 139
117 262
79 143
128 192
101 179
53 173
69 87
37 182
24 187
85 157
9 11
28 154
88 214
97 245
58 105
245 259
99 281
26 242
55 194
55 121
52 114
2 257
86 199
37 251
18 33
46 119
185 225
24 85
19 111
121 237
8 210
78 116
120 186
186 215
87 294
203 247
203 276
71 175
142 155
63 153
60 251
221 252
149 257
222 252
43 192
34 117
33 51
144 258
183 233
74 160
230 290
6 42
151 251
107 223
7 74
31 170
111 191
88 212
183 222
27 81
58 137
43 112
172 232
214 265
5 103
157 240
58 127
7 163
65 239
51 187
104 160
186 297
141 192
102 185
53 60
30 284
3 181
70 102
156 229
69 211
2 33
45 203
260 289
57 208
50 162
111 230
139 279
110 296
130 173
54 232
57 170
111 273
254 298
168 258
5 116
18 197
141 152
0 97
133 155
27 223
131 274
43 91
52 286
119 121
32 215
157 210
46 127
73 183
40 78
59 106
73 298
96 247
141 249
42 147
223 241
10 135
100 204
151 193
60 67
72 257
15 146
57 232
49 122
53 299
103 268
162 194
39 193
147 269
76 98
46 114
147 290
88 159
126 227
8 106
86 163
45 66
199 206
41 145
38 88
91 103
70 263
10 106
155 228
139 188
194 205
143 240
17 259
174 231
44 295
169 289
62 291
125 206
111 165
33 134
67 198
121 276
140 278
22 140
4 174
184 202
159 197
8 25
220 289
120 217
95 169
207 240
128 190
56 135
114 195
59 104
58 187
80 142
85 130
101 271
229 276
131 247
136 282
183 190
24 57
63 216
187 268
73 272
28 230
183 244
18 218
40 274
11 83
188 282
175 291
60 75
201 203
76 167
152 287
63 134
108 151
104 222
257 278
8 103
226 263
173 233
274 279
6 295
151 279
200 208
0 32
106 152
111 169
90 192
192 202
168 243
81 159
291 299
133 282
218 233
57 61
25 90
73 244
21 75
30 156
107 143
115 191
100 203
132 234
19 102
159 266
73 111
218 241
60 196
84 221
9 105
228 252
123 196
112 256
43 183
77 220
202 259
77 244
40 143
227 230
6 179
217 274
89 268
148 264
41 295
107 283
68 192
242 258
24 244
169 245
56 249
101 115
144 168
177 241
95 257
103 166
69 152
27 247
128 205
55 105
39 266
169 234
19 292
59 282
85 159
132 203
109 210
47 243
7 263
20 128
106 194
97 274
26 157
114 198
153 217
128 172
2 166
7 75
8 285
92 188
115 231
30 135
110 249
23 85
14 146
194 219
217 233
102 108
33 59
107 135
14 279
238 265
16 279
236 245
191 199
6 230
53 181
84 136
211 249
187 250
105 279
33 221
122 226
63 193
68 136
240 243
222 251
1 264
48 269
37 123
63 144
89 136
199 270
51 147
98 207
230 270
9 68
27 213
127 240
6 208
242 285
158 280
87 216
34 164
61 179
60 90
237 238
111 128
44 213
54 82
156 199
52 265
191 284
179 229
83 197
146 257
144 194
36 96
10 288
23 137
114 151
82 151
113 267
79 90
61 265
21 141
80 175
124 217
121 180
21 111
79 112
112 218
46 246
64 296
37 226
67 275
117 165
160 226
14 112
2 40
10 12
127 244
124 195
40 189
43 124
206 221
173 188
154 193
12 265
173 296
106 228
80 274
48 268
10 164
129 242
119 282
21 49
17 52
43 172
1 277
48 81
45 65
190 288
226 240
142 171
94 106
251 271
62 65
32 223
103 195
31 87
8 65
29 238
51 100
111 216
36 278
75 165
37 240
168 204
94 108
141 204
34 102
68 267
151 197
14 232
194 240
137 156
33 58
76 169
153 250
149 274
156 187
218 219
132 201
151 172
94 198
52 73
17 108
68 235
16 146
109 188
5 233
212 278
14 70
135 284
228 284
88 130
35 150
135 156
115 216
18 222
129 173
93 219
131 133
129 248
126 209
15 256
121 207
52 166
213 296
62 199
76 270
47 94
35 52
0 2
194 197
137 274
94 260
108 116
27 207
54 197
185 208
208 297
140 264
22 166
253 283
36 284
148 229
211 286
182 195
21 161
97 142
22 237
104 123
271 295
160 232
8 41
40 137
138 198
30 278
103 296
128 144
234 279
84 267
20 276
170 263
45 143
64 192
236 265
124 232
49 197
60 117
108 193
54 290
24 25
7 247
17 137
30 173
92 115
199 253
208 250
25 156
98 210
19 100
120 146
189 212
212 223
0 263
40 214
114 115
93 264
136 226
98 291
3 247
176 186
65 153
151 287
201 249
18 109
163 233
99 295
39 150
86 91
63 214
15 254
34 110
229 290
180 235
12 29
117 144
271 294
21 195
205 273
41 242
112 140
193 267
109 255
149 209
0 219
79 266
74 78
19 201
237 275
64 106
102 192
69 159
212 275
131 229
261 297
188 294
35 236
245 287
99 238
59 212
10 46
209 262
89 206
43 66
61 266
27 122
108 291
153 264
24 221
250 277
181 282
1 135
162 206
293 299
121 193
36 187
1 267
36 279
23 67
298 299
220 223
82 170
55 250
5 24
59 90
54 113
41 273
43 228
171 189
24 156
19 219
82 256
82 264
66 109
0 82
154 172
232 255
25 171
150 236
55 127
52 273
27 270
56 80
18 186
250 271
63 145
101 254
123 159
139 218
195 211
79 235
17 169
157 265
20 233
89 97
151 184
15 231
2 12
115 157
213 276
7 84
52 67
274 293
40 268
66 249
168 228
87 229
47 74
37 187
111 125
145 267
172 293
5 51
60 272
104 225
13 222
176 285
239 255
160 280
4 18
236 270
19 23
3 172
26 67
11 118
143 271
7 92
2 245
98 128
86 166
249 258
137 178
143 178
179 265
190 240
147 207
255 289
89 224
92 253
112 203
38 81
123 215
148 217
30 263
73 289
18 244
58 221
76 144
19 59
5 89
229 281
189 233
192 212
57 298
70 116
36 297
152 261
58 75
273 296
176 213
94 209
110 129
14 54
122 265
195 291
153 249
111 173
150 251
6 141
110 168
152 297
50 260
31 56
232 294
211 221
60 173
137 200
132 151
27 149
220 231
45 266
19 85
137 234
62 79
246 247
34 191
81 207
156 193
112 146
128 254
50 137
190 280
252 278
223 294
164 275
23 70
18 70
20 167
227 251
4 57
15 145
13 19
33 290
158 258
35 169
174 295
51 233
66 282
103 154
152 196
47 99
150 181
0 291
153 177
227 235
124 218
67 289
78 186
83 145
138 250
256 269
217 236
3 251
73 186
0 162
50 250
78 190
173 179
37 297
77 248
275 298
259 286
142 298
110 214
117 145
183 259
49 90
250 254
49 75
145 276
12 127
117 225
19 144
21 61
150 202
185 224
168 270
3 12
78 219
171 186
28 38
42 197
79 97
281 290
93 249
85 165
238 292
81 281
79 103
0 17
35 144
74 255
80 112
26 217
155 242
172 210
108 195
96 212
25 85
57 148
120 294
86 205
20 45
55 119
227 242
24 86
234 281
67 245
83 256
79 122
114 203
0 134
87 281
128 279
50 270
2 81
42 81
125 294
72 141
83 165
0 179
81 194
6 209
186 240
126 239
104 116
29 192
63 92
102 158
33 209
97 169
59 189
149 240
143 165
8 176
2 124
197 250
117 183
113 195
133 159
195 216
68 210
16 152
87 156
62 158
23 76
198 238
3 138
116 275
93 295
77 261
53 75
53 254
39 120
164 296
39 227
67 252
156 221
57 284
169 288
37 295
1 138
106 294
153 179
117 200
112 200
30 125
10 258
83 180
164 271
51 101
144 229
122 228
102 258
46 182
114 138
118 206
206 252
77 234
128 151
190 223
30 172
169 271
236 241
93 214
66 293
180 231
35 170
44 176
243 260
34 234
113 219
76 187
9 232
8 291
144 285
77 100
158 176
112 115
6 130
87 178
16 221
67 210
33 205
114 282
160 270
267 276
77 258
162 256
42 73
109 184
97 236
148 179
21 242
47 286
122 232
182 294
8 72
0 243
57 198
157 212
64 223
261 279
257 286
0 139
272 299
126 192
30 166
40 42
187 224
66 285
200 290
206 231
119 258
141 209
234 238
72 171
8 124
53 263
11 20
5 70
48 130
30 277
160 163
65 146
171 245
61 297
10 170
264 272
91 134
67 130
59 235
80 223
202 293
133 234
132 161
62 208
168 297
122 173
69 214
1 22
178 277
35 242
7 114
91 267
19 117
23 68
64 77
21 166
136 257
32 91
61 100
58 80
122 176
83 243
40 185
232 240
143 191
113 285
178 255
84 163
244 277
208 246
194 270
46 202
168 220
83 271
128 272
65 178
90 166
33 253
120 157
31 50
120 271
16 232
77 112
49 169
120 230
219 276
201 243
150 173
48 262
208 293
142 167
52 287
177 252
170 274
188 226
169 170
124 126
75 90
60 212
26 244
12 173
240 270
154 252
51 174
32 278
119 184
1 283
0 202
24 268
194 237
147 203
168 194
85 202
9 142
124 286
68 238
152 294
86 185
139 259
116 194
106 153
70 272
74 209
51 127
34 242
246 288
1 249
12 189
266 281
113 186
263 296
110 204
73 173
149 254
109 128
219 282
14 131
132 167
13 108
118 237
108 166
94 103
250 293
31 278
257 295
213 258
101 134
25 72
23 154
251 260
84 99
54 138
17 203
89 171
10 123
112 113
113 268
127 170
4 132
117 149
196 296
104 162
51 214
99 216
84 126
162 185
28 43
76 176
189 239
3 233
48 165
35 182
57 252
184 259
47 269
272 287
49 79
143 251
162 268
25 137
147 199
91 247
24 137
122 134
51 264
250 259
169 298
48 168
68 299
36 107
208 267
231 275
63 141
209 256
58 109
148 205
72 190
83 277
108 182
16 62
27 228
103 119
78 180
22 52
41 229
207 232
216 227
75 180
6 169
85 151
180 244
145 171
1 175
23 37
195 244
0 233
30 147
14 109
46 192
13 182
37 208
159 185
152 175
1 82
38 186
3 46
40 190
79 273
10 129
15 30
94 282
75 255
0 68
47 295
91 200
52 146
45 282
192 231
22 245
163 245
28 235
102 281
60 238
87 209
30 241
75 169
23 232
167 175
32 82
28 94
57 158
69 223
35 134
149 226
146 202
126 177
19 141
25 119
22 202
31 213
127 206
63 106
17 46
278 295
46 84
151 253
45 186
94 252
128 260
166 250
5 204
172 262
75 121
145 231
168 283
142 152
118 179
4 242
79 169
22 227
80 168
151 261
177 285
65 260
121 229
211 285
40 66
142 232
67 89
85 88
105 212
51 107
26 200
144 208
106 127
28 162
170 205
82 105
158 261
0 103
75 264
105 263
130 253
184 207
20 114
100 247
79 120
146 214
57 68
233 287
55 99
82 290
55 296
36 197
160 299
169 284
23 260
137 235
239 258
203 275
43 99
83 153
209 216
26 44
4 249
115 297
78 224
249 276
86 218
34 54
126 295
92 272
7 100
93 113
72 97
196 286
41 85
115 292
232 239
98 272
187 205
50 199
107 194
215 294
62 75
16 251
164 229
188 275
225 274
113 169
90 247
89 239
53 224
13 29
30 138
42 95
42 196
170 264
18 293
29 31
50 276
79 172
83 263
5 34
234 264
56 57
110 193
17 284
130 172
53 216
156 224
19 147
216 220
35 148
34 79
56 119
55 159
135 187
140 292
39 57
7 130
1 279
160 208
28 272
191 253
153 289
180 226
45 131
5 67
101 197
5 30
93 209
122 282
15 180
232 266
72 107
65 116
242 248
100 208
135 233
127 230
231 270
71 176
58 135
152 193
83 189
214 220
66 93
43 234
192 221
60 192
184 284
154 185
204 254
75 226
32 150
26 121
0 259
79 135
146 211
36 72
117 216
51 114
11 199
51 115
101 103
203 291
130 143
28 70
120 133
136 288
77 172
1 172
99 102
23 188
129 187
75 217
161 197
207 293
143 185
141 268
168 266
59 242
109 212
70 285
129 136
198 228
267 280
167 292
116 211
186 202
145 152
90 204
125 189
81 268
96 291
36 157
13 74
241 251
52 160
225 227
174 266
199 268
174 271
61 107
15 283
32 111
22 87
3 284
20 219
98 271
113 139
31 241
130 154
243 245
226 260
94 217
155 203
28 118
274 275
55 222
72 288
49 58
98 188
213 285
69 164
22 88
37 75
212 231
29 67
86 211
71 94
105 117
111 126
62 146
164 288
50 171
45 120
159 252
215 220
86 259
53 125
109 256
170 247
130 269
226 230
261 286
76 281
63 170
38 55
165 281
236 240
221 236
9 243
80 88
120 281
78 204
148 197
37 216
116 213
94 212
58 211
98 160
2 208
103 199
13 268
126 258
156 206
83 107
97 174
117 119
89 151
5 178
129 141
74 112
16 151
55 216
200 260
17 204
161 236
193 212
94 144
165 176
29 180
97 272
22 215
63 274
104 138
8 256
144 183
56 106
133 135
111 155
15 271
70 260
195 299
206 297
108 135
56 184
21 179
14 129
26 68
18 148
36 199
154 199
29 289
134 265
99 247
13 266
27 278
107 192
195 229
207 222
165 220
38 266
23 124
123 267
41 211
66 71
155 186
43 114
55 62
0 154
10 262
111 247
173 242
98 122
92 298
57 129
30 189
109 277
70 279
48 250
105 251
123 278
50 86
71 199
94 96
34 49
148 177
139 217
252 293
156 238
73 266
122 144
103 132
33 261
50 114
163 178
213 243
20 180
12 274
29 72
100 184
124 164
18 158
232 252
145 154
1 5
81 84
211 274
128 174
12 78
119 192
13 260
58 154
2 223
29 283
144 276
205 288
210 246
42 198
29 96
146 260
49 110
83 111
90 134
198 259
139 199
116 259
88 217
116 260
54 177
55 278
176 258
107 222
48 129
122 269
276 280
143 281
137 155
6 40
12 131
11 175
51 293
90 245
68 125
134 226
0 194
146 200
190 215
122 288
130 289
234 248
4 90
66 140
190 285
33 151
13 116
214 272
39 60
18 194
116 163
53 201
28 50
69 271
30 169
137 175
152 264
10 275
37 201
55 71
248 290
191 278
34 67
116 198
65 81
42 92
155 193
213 278
19 121
47 136
168 241
128 179
174 233
26 183
65 131
45 263
171 255
118 259
113 251
22 181
27 136
90 234
132 146
145 173
191 224
37 172
169 213
274 296
53 158
29 285
53 192
117 173
32 269
204 210
65 140
73 296
216 243
95 114
87 272
11 32
45 79
128 177
38 98
125 148
112 288
49 170
6 35
87 93
61 193
182 200
234 249
184 254
70 99
22 206
254 278
61 216
140 275
139 220
225 261
249 274
11 189
167 274
26 256
57 102
132 189
18 237
127 243
146 187
10 89
74 175
205 287
31 70
130 190
26 231
15 202
55 89
84 86
79 155
6 93
226 281
126 299
17 124
231 256
10 85
4 232
7 268
55 221
102 231
62 271
77 255
143 222
7 88
172 183
137 215
96 97
93 232
96 246
123 253
87 219
156 170
43 150
81 196
14 103
18 273
25 57
171 257
88 176
175 290
205 291
119 146
217 240
67 177
187 241
105 219
111 116
169 199
155 273
53 133
75 298
157 233
163 264
197 221
154 255
138 220
136 149
214 227
26 239
109 171
209 245
68 202
54 62
80 283
153 202
257 281
99 289
116 165
119 202
180 225
185 214
172 282
87 205
13 71
95 176
7 258
206 278
40 241
262 279
38 54
53 79
4 43
25 130
90 285
71 293
76 164
264 289
56 250
81 92
187 244
275 278
267 297
7 264
2 140
15 65
53 276
91 285
94 255
32 263
23 268
163 292
57 176
17 268
273 275
37 39
96 275
72 274
2 218
187 297
96 151
201 271
163 170
218 248
173 272
0 282
122 129
193 246
134 177
63 140
169 187
249 256
1 104
37 174
289 298
19 71
48 179
24 207
80 159
144 221
55 187
9 234
23 43
173 193
58 265
126 275
160 271
190 265
131 282
127 291
39 284
156 285
129 253
148 295
16 23
181 223
94 229
264 270
80 263
9 195
155 262
115 264
83 209
9 21
201 208
206 214
193 204
20 168
125 290
82 111
69 129
88 263
82 292
87 148
33 212
60 270
75 113
167 242
115 138
55 111
56 86
86 141
66 223
145 159
119 299
118 163
60 159
16 219
8 268
93 290
46 296
176 230
28 115
90 238
5 209
91 122
131 288
130 264
65 193
163 237
64 156
159 228
25 191
125 233
93 160
115 218
33 83
30 217
161 244
62 159
147 205
96 232
231 266
165 249
155 170
103 274
95 177
189 235
66 130
100 224
166 202
8 237
159 203
14 187
205 258
100 249
49 171
0 200
136 202
146 213
46 163
56 268
195 233
0 255
174 207
60 209
34 81
84 101
11 106
123 234
279 289
150 172
153 183
66 108
155 159
90 219
39 127
95 97
79 168
112 274
63 68
4 73
269 274
117 221
2 122
160 258
111 154
95 197
8 174
14 69
210 234
66 270
201 290
163 248
142 158
72 264
1 278
78 293
144 154
98 206
221 243
46 217
112 220
274 297
83 212
39 283
76 110
70 234
17 221
5 290
85 163
255 291
2 215
53 55
40 57
54 126
13 246
37 238
244 287
55 131
32 95
67 91
55 251
77 135
137 222
164 283
53 280
173 190
7 66
103 279
227 255
92 170
231 254
31 251
16 85
24 88
110 282
192 280
4 79
37 107
276 295
41 138
9 262
105 153
201 230
109 181
229 267
139 176
108 208
74 201
89 142
62 257
126 160
28 114
211 296
136 171
162 247
171 226
133 272
263 287
161 281
186 228
53 84
96 186
185 237
149 213
224 272
23 164
75 147
117 195
117 214
22 190
2 95
68 168
69 160
84 170
111 238
156 195
191 232
101 223
42 52
50 203
86 144
76 184
91 175
57 190
29 101
7 272
83 182
159 204
140 213
129 206
50 138
22 57
67 77
202 295
27 96
51 97
34 266
16 30
10 256
87 284
179 256
120 126
141 269
84 291
192 268
221 283
148 215
30 250
84 141
95 249
136 275
103 115
130 224
237 263
101 194
50 96
217 297
121 156
134 272
189 219
125 211
112 248
106 138
34 120
10 25
110 298
194 264
35 83
163 268
147 273
277 282
78 101
256 265
176 288
82 117
199 294
30 251
176 236
141 235
35 226
52 216
19 73
89 219
57 139
95 185
188 296
15 106
47 235
92 164
32 252
1 94
53 116
55 207
17 115
43 177
63 236
105 188
64 250
39 118
28 32
142 185
23 156
258 261
153 204
84 172
42 181
120 239
40 237
155 247
72 157
230 288
194 276
109 139
26 213
167 216
14 165
222 299
28 181
17 39
50 242
72 194
6 134
228 286
16 22
51 171
29 164
43 56
34 241
73 235
16 247
14 56
106 203
106 110
67 95
22 231
172 251
27 168
56 117
180 273
239 281
8 91
17 233
236 289
17 275
45 80
86 132
158 194
171 235
23 29
21 274
37 169
140 235
195 294
241 290
177 232
55 150
108 130
13 202
113 281
169 243
232 256
230 267
186 255
168 254
49 63
34 61
158 293
74 146
110 112
3 5
13 49
83 196
208 254
15 277
107 299
187 260
107 282
17 250
1 205
26 83
98 248
143 202
0 106
158 259
88 157
148 235
29 236
146 245
187 254
159 297
115 298
214 296
90 275
192 279
56 201
123 255
132 173
146 278
14 96
196 232
3 13
132 157
24 197
36 129
53 205
145 174
69 195
154 211
17 111
10 140
181 289
13 93
60 92
197 243
23 169
112 230
9 141
84 276
237 257
134 208
261 284
220 233
7 102
6 75
186 234
47 196
132 202
235 267
39 286
238 262
165 219
95 170
110 147
256 287
73 206
233 241
39 84
29 133
85 212
215 264
187 276
89 111
150 198
50 158
187 240
161 198
101 137
100 181
148 203
216 274
44 53
99 152
91 193
15 162
85 206
218 238
62 145
14 125
220 286
48 185
151 210
145 250
12 116
49 194
41 113
124 138
109 296
195 238
119 249
9 151
16 250
48 126
13 105
143 280
220 237
65 195
92 281
37 224
53 295
35 174
126 185
111 236
49 230
82 186
1 67
175 216
162 163
30 74
34 203
191 194
232 283
276 297
90 158
17 143
26 128
15 89
0 198
70 140
86 223
178 222
150 256
169 257
89 259
1 208
156 157
82 113
68 222
63 204
38 148
68 247
54 104
182 211
48 64
215 262
58 231
5 60
58 153
66 92
147 216
3 246
12 293
236 294
120 260
74 204
15 120
88 210
5 216
212 234
140 206
266 284
156 297
5 144
43 92
121 270
156 294
28 198
84 210
15 27
74 77
63 239
234 292
100 193
101 126
40 106
112 264
123 173
33 202
10 284
257 273
58 107
29 105
82 240
139 282
31 38
174 185
127 293
89 274
200 284
9 19
243 272
63 277
52 111
189 268
19 66
174 211
41 80
35 126
122 179
120 198
69 166
31 77
49 147
35 185
23 31
233 263
50 146
166 260
184 224
13 59
140 266
75 261
35 232
133 165
134 184
16 162
13 215
104 108
5 203
267 274
217 270
13 55
86 235
8 146
147 179
226 231
30 80
176 256
58 296
120 169
6 171
240 265
52 180
242 257
115 118
180 215
131 297
14 174
265 267
63 284
140 229
89 230
85 295
86 99
39 112
10 205
17 65
55 171
145 223
52 149
33 190
201 278
22 81
129 161
26 202
192 288
7 198
105 170
190 253
39 116
99 141
74 106
43 200
201 237
34 250
194 284
255 297
1 55
86 270
145 279
198 204
144 159
115 233
41 60
107 240
89 264
151 158
152 217
89 183
185 287
222 245
51 285
11 236
141 164
29 297
25 174
76 273
70 221
97 266
232 244
61 239
32 281
20 265
49 105
94 132
132 260
8 142
113 244
93 119
36 296
25 82
16 196
191 247
182 184
66 296
167 288
220 266
190 230
265 295
24 249
13 275
98 132
32 144
26 91
69 85
25 141
196 280
94 205
252 276
78 207
69 143
142 236
62 114
48 50
263 293
70 95
52 169
34 112
8 39
194 245
58 216
185 186
23 136
47 56
149 230
22 263
121 255
134 278
66 259
87 89
252 256
36 182
186 283
235 289
57 159
7 182
4 176
238 274
56 83
63 205
45 237
62 113
97 262
184 279
64 167
13 165
29 92
34 100
19 264
1 229
136 159
99 210
98 159
22 60
54 172
123 134
5 66
68 163
34 233
112 180
269 293
47 109
131 180
97 228
5 156
161 162
163 205
5 165
213 280
93 286
103 292
3 225
167 170
127 261
107 112
198 274
168 249
69 199
13 198
109 142
17 104
149 236
55 223
123 136
112 185
52 296
85 294
199 247
13 250
185 202
10 113
40 226
62 201
185 271
78 271
121 139
29 124
7 257
90 256
74 234
35 256
15 177
233 284
40 289
8 113
119 268
165 288
1 61
92 161
65 156
209 284
111 215
45 76
54 139
121 222
143 231
100 192
115 190
23 225
70 84
7 71
74 100
121 295
22 63
136 295
173 201
36 125
32 170
83 272
9 137
54 66
119 261
100 191
157 257
11 65
73 147
121 224
132 267
94 191
88 112
41 204
271 278
65 262
1 18
45 169
13 98
131 296
55 179
228 297
223 293
209 226
19 164
140 209
156 214
243 251
227 293
3 117
160 219
64 135
192 200
116 252
150 243
16 210
213 266
126 137
172 287
127 187
16 225
92 191
121 273
193 237
95 204
62 180
63 247
134 219
170 287
12 31
7 236
20 267
43 141
59 221
178 228
90 208
104 139
142 210
21 245
258 271
7 204
58 252
182 258
10 134
13 203
79 284
71 145
117 223
212 293
30 107
39 73
177 245
242 287
88 144
65 226
108 269
18 214
116 297
121 167
12 216
3 265
248 269
25 79
31 237
67 168
120 196
230 231
97 133
48 72
248 270
68 254
71 294
103 200
202 222
44 281
3 249
208 243
35 80
36 74
248 292
96 99
221 248
163 167
144 205
182 296
86 126
57 230
42 279
45 295
15 229
55 95
93 271
85 254
112 243
123 248
40 135
148 210
59 261
101 237
128 185
56 98
69 102
41 136
160 177
165 267
144 188
13 64
202 231
82 249
35 266
52 129
16 35
91 102
136 175
232 270
95 243
24 256
197 207
52 235
1 254
14 137
26 201
116 239
66 271
181 249
41 149
41 257
135 240
49 292
187 200
169 236
92 181
125 132
109 135
16 278
140 200
28 102
127 264
139 164
21 291
145 195
52 285
51 158
162 239
82 261
89 256
49 77
218 224
85 291
19 80
106 216
77 222
6 285
29 170
168 215
87 190
51 133
41 188
171 269
119 246
276 292
13 232
141 248
209 222
24 48
258 295
68 106
2 283
182 284
144 206
25 45
98 263
206 253
31 119
70 90
163 177
37 110
222 253
98 151
61 151
177 205
195 218
51 92
73 214
89 129
42 84
98 267
10 255
28 150
249 286
212 256
152 169
53 226
221 289
28 236
80 127
151 239
28 253
87 176
93 104
266 271
81 220
93 270
78 229
166 230
24 61
86 297
193 298
129 138
82 180
7 51
98 171
10 86
87 262
210 297
27 183
9 97
86 244
115 128
93 182
53 266
5 145
137 148
210 292
212 294
17 219
211 226
35 211
104 187
205 257
140 197
182 276
74 280
99 254
168 223
138 259
12 106
56 61
154 167
115 230
202 213
63 276
20 101
10 94
217 252
262 299
7 165
27 259
97 227
118 134
161 227
38 238
161 212
38 114
237 249
127 148
88 113
23 222
153 299
97 211
37 61
192 220
47 155
16 108
258 266
66 231
62 190
45 61
184 200
58 247
257 292
12 191
102 239
100 277
13 184
45 89
169 233
176 190
98 298
71 115
53 209
92 246
23 214
93 114
179 292
48 213
202 282
89 294
5 157
29 264
166 182
143 257
84 132
141 145
74 178
54 233
219 289
56 108
85 128
65 250
124 268
32 291
198 255
210 271
32 182
200 297
188 252
201 228
46 203
44 282
53 217
11 205
212 233
4 68
74 139
51 255
48 114
138 179
148 298
82 204
27 43
58 191
106 137
69 226
192 299
20 257
5 295
8 272
96 107
127 149
59 75
135 163
6 91
65 67
37 178
157 193
118 221
245 286
21 296
81 156
198 234
4 290
53 61
69 259
47 86
130 219
69 257
4 54
25 112
30 221
22 270
201 224
116 188
88 100
202 291
70 168
153 280
51 215
62 89
164 278
20 237
45 60
37 77
109 151
191 250
111 281
52 283
82 177
18 129
145 178
7 119
264 287
40 187
19 21
4 110
121 257
81 278
114 260
254 270
61 62
82 197
84 123
145 205
97 99
66 85
116 144
237 250
146 176
47 54
43 87
14 164
45 162
10 241
1 173
64 165
38 132
25 43
23 174
78 231
88 286
66 199
68 150
11 204
64 179
241 269
126 218
85 218
165 234
58 182
14 45
167 205
40 228
96 111
114 219
243 280
160 211
22 90
110 167
60 261
30 126
8 264
199 269
137 230
10 223
69 135
53 104
175 199
155 275
103 222
30 281
112 183
77 251
29 50
197 217
17 243
116 184
86 191
27 53
0 109
61 205
98 232
16 292
54 238
71 272
55 184
31 295
116 280
134 264
13 77
124 184
35 97
124 283
37 79
23 298
158 276
142 197
36 116
12 167
180 287
29 269
50 136
149 277
31 159
34 204
134 260
55 204
81 209
134 259
25 214
22 113
132 295
132 282
117 264
17 105
1 231
214 268
96 125
121 249
117 160
122 167
100 116
135 167
19 221
169 261
31 108
142 157
54 266
16 168
4 150
4 222
6 161
170 255
25 39
25 181
67 148
6 71
59 86
6 14
84 162
40 164
123 197
50 282
122 197
13 248
8 148
14 259
186 273
8 73
117 251
124 145
173 249
181 191
79 156
122 284
173 219
176 287
7 288
98 243
33 172
180 198
46 121
139 293
22 213
199 216
53 202
95 139
93 124
110 265
83 280
176 204
122 201
150 211
134 273
21 225
166 264
22 131
24 224
51 135
243 284
122 263
186 253
101 150
112 138
147 164
0 201
185 247
222 249
130 137
130 140
94 199
158 183
95 218
65 232
186 222
44 114
36 246
248 252
55 60
112 237
116 282
79 175
137 167
19 202
76 162
36 228
179 183
1 89
79 252
98 260
20 274
14 195
197 266
35 71
195 226
169 265
29 172
212 230
228 234
36 160
197 279
84 296
116 151
93 205
66 113
123 204
220 268
114 176
163 240
117 141
111 246
51 80
75 178
106 263
23 142
215 235
51 108
172 289
215 284
191 192
34 145
52 277
78 182
77 191
206 289
132 153
267 283
154 274
216 292
141 159
111 201
10 104
47 146
243 271
151 249
17 122
4 281
36 101
39 190
102 105
42 193
219 225
85 145
56 202
74 141
117 259
97 239
192 244
122 285
207 248
43 159
112 166
40 93
271 272
149 225
152 197
166 177
211 233
63 238
44 48
52 63
15 73
122 229
23 178
75 132
178 182
274 287
2 112
36 265
192 209
275 279
15 280
37 135
116 131
51 129
65 285
84 279
50 252
172 186
104 291
238 273
61 101
25 147
11 217
118 192
140 282
146 152
34 111
42 298
95 280
8 191
5 127
119 248
266 277
131 165
248 260
87 196
168 207
90 180
73 130
109 141
95 192
167 294
17 40
8 220
21 228
214 282
19 65
15 86
217 283
201 279
171 287
139 243
42 180
133 141
203 273
234 263
99 213
178 246
80 297
77 192
212 219
80 255
17 68
18 57
210 289
155 167
56 214
77 145
187 230
23 95
128 141
165 286
122 256
15 210
16 227
23 125
79 261
72 128
125 243
93 161
48 191
234 245
136 201
150 245
268 288
69 139
13 167
46 107
172 191
35 177
135 261
96 139
21 25
185 263
184 299
46 180
144 246
67 101
118 219
37 88
1 236
0 253
83 92
185 231
71 217
58 172
4 124
70 264
60 69
3 227
186 287
22 260
101 161
34 195
8 258
144 152
89 279
139 157
4 208
109 111
35 44
221 245
146 220
69 137
129 194
3 186
158 244
221 276
46 240
32 177
128 284
1 297
51 197
285 298
229 237
37 157
45 168
62 236
4 157
11 275
99 117
144 279
50 71
24 75
29 78
30 93
104 110
112 227
198 263
64 265
4 32
156 202
130 249
134 142
80 99
223 236
224 230
194 259
193 296
84 113
55 167
39 189
44 206
92 110
209 243
175 242
80 192
176 233
16 81
12 144
36 83
148 160
20 185
234 253
280 293
46 128
198 230
81 206
204 281
50 81
234 285
23 53
31 250
71 211
54 185
62 298
264 266
128 149
67 150
7 38
4 269
156 279
48 161
19 76
159 205
49 285
7 202
93 162
135 241
47 79
206 264
101 169
199 284
95 113
109 214
58 245
115 258
108 178
105 208
32 192
78 88
228 279
55 226
204 251
134 237
49 65
13 143
109 164
103 277
114 254
38 218
3 95
81 295
5 223
202 294
178 217
89 289
42 66
21 270
109 170
196 241
92 291
72 161
0 88
26 266
97 293
57 66
206 294
136 232
65 150
180 197
13 208
60 276
86 87
104 233
95 251
86 120
87 271
25 243
21 45
184 258
80 288
39 194
77 174
12 245
25 295
32 186
236 272
135 209
21 76
4 297
46 64
54 206
102 200
106 196
57 58
3 196
103 204
228 254
150 176
39 202
37 102
76 224
104 182
186 295
188 286
64 278
165 251
17 177
214 294
33 248
104 269
222 275
29 146
164 246
142 253
9 210
71 112
70 294
8 180
158 209
184 246
13 273
164 198
87 274
194 253
189 232
140 299
238 283
107 125
125 193
26 34
156 213
21 185
174 215
166 191
17 287
184 185
112 283
173 228
152 284
161 167
18 227
17 116
123 288
188 234
77 270
96 104
140 171
40 193
142 168
67 231
117 139
79 185
8 30
65 249
81 192
55 100
99 249
239 265
33 98
174 254
149 202
76 141
54 210
165 167
126 236
214 222
98 254
113 155
272 298
14 87
88 272
42 118
20 208
144 198
32 50
30 162
264 279
251 295
55 218
162 184
15 261
10 272
2 134
85 245
116 179
115 137
255 270
67 223
45 254
140 248
80 245
165 282
154 206
54 268
55 270
41 147
219 224
51 298
198 241
52 158
12 275
206 251
189 284
113 115
59 186
254 258
55 145
64 196
101 112
55 186
84 102
185 219
15 135
74 264
98 154
143 272
43 193
131 281
154 286
125 182
3 34
78 159
83 210
47 279
77 239
189 292
261 299
85 252
121 250
263 282
44 141
112 163
44 135
122 124
76 211
44 177
29 128
221 241
76 282
3 45
38 40
21 186
5 12
182 298
31 194
135 144
59 77
77 173
143 259
139 140
34 236
170 204
132 233
83 140
111 162
133 277
125 237
202 236
95 157
214 280
139 148
59 268
17 41
275 291
59 271
73 232
22 238
89 101
3 84
111 146
195 292
152 249
233 285
64 166
33 132
47 76
70 177
154 241
47 156
55 297
139 235
246 267
14 160
115 164
137 197
1 33
55 164
11 111
235 251
21 229
155 257
91 149
47 201
82 257
62 92
176 255
171 197
175 270
88 196
51 227
158 220
257 270
38 43
23 82
3 280
225 248
235 286
60 215
137 192
18 102
175 287
101 222
52 279
106 209
183 297
51 272
7 295
25 178
215 285
5 132
22 171
48 295
12 43
22 114
16 194
175 218
72 111
8 43
50 108
74 80
241 256
73 255
16 38
142 206
0 227
43 212
210 230
160 229
82 215
151 288
8 245
52 274
25 246
15 60
166 210
10 11
1 45
153 243
172 284
9 133
114 277
66 121
12 123
88 293
194 269
31 91
65 221
196 249
106 278
164 233
30 103
183 238
11 121
236 281
41 220
153 211
39 83
87 100
48 111
87 276
73 222
257 261
205 281
143 223
51 166
184 234
108 169
163 209
36 126
108 260
61 140
32 172
101 199
38 279
139 260
145 297
15 133
197 238
235 254
37 176
103 213
5 205
22 110
68 113
39 282
71 232
120 154
193 226
97 201
55 69
67 254
172 214
7 184
214 276
17 22
11 206
67 224
215 236
246 282
151 240
118 146
149 285
6 122
17 174
256 266
129 208
122 161
69 253
230 244
92 121
23 276
100 115
2 93
224 256
35 165
94 241
75 204
121 263
123 154
68 188
156 228
127 215
162 215
23 33
135 255
121 150
45 111
13 76
0 61
143 183
230 255
92 192
128 208
85 108
260 295
134 228
145 149
52 87
119 255
160 197
218 296
61 249
115 227
23 269
54 162
263 265
164 188
178 299
103 210
20 111
140 272
70 191
223 280
35 133
194 221
67 220
5 7
275 289
25 285
43 108
119 271
54 276
130 223
153 203
34 57
123 289
266 282
260 276
20 161
187 213
13 174
131 277
161 163
57 293
94 177
13 225
228 296
256 279
98 278
60 164
13 297
145 291
175 293
27 286
110 206
166 179
17 25
259 296
133 213
133 179
132 166
19 29
8 259
175 295
183 275
54 117
48 256
85 205
21 173
171 198
64 277
18 131
66 261
24 54
0 188
44 261
19 257
72 250
92 109
94 180
202 272
90 217
69 91
13 150
71 146
168 255
92 213
168 239
45 159
46 144
123 223
12 155
223 240
57 117
200 262
39 149
39 67
20 78
216 249
147 291
34 197
124 155
86 101
136 258
2 18
118 296
18 147
55 98
173 297
47 137
179 192
125 157
147 297
18 21
50 63
209 277
49 203
209 297
141 200
85 118
215 279
175 192
131 163
24 141
82 279
3 269
62 198
106 239
48 279
94 211
172 224
86 89
249 267
10 141
143 149
22 253
95 123
57 137
90 144
24 211
21 117
133 172
207 229
23 290
71 97
91 299
63 126
107 179
136 145
94 192
49 88
5 9
134 151
83 264
245 276
32 71
115 198
4 81
67 157
206 238
170 198
56 128
248 256
30 62
166 185
67 188
101 152
52 55
60 172
139 265
2 92
170 267
39 106
23 38
122 287
106 220
8 135
71 189
132 243
52 190
120 296
60 229
72 155
220 276
30 54
228 238
233 260
111 198
40 123
113 167
137 191
171 295
180 237
23 162
162 232
185 273
40 62
133 257
70 113
99 261
111 206
168 246
122 227
164 249
87 213
170 207
102 142
20 153
67 239
26 42
75 203
213 216
148 174
234 297
64 212
207 284
5 128
97 128
177 202
13 169
186 192
61 293
59 74
69 99
191 266
68 103
68 258
125 270
157 263
105 214
38 141
146 194
72 178
151 168
200 255
113 282
41 283
49 86
17 78
139 189
45 199
2 109
50 156
153 263
5 88
35 282
126 281
143 152
53 179
49 115
45 93
38 239
152 219
9 172
49 149
47 184
7 67
13 102
78 138
8 87
81 287
165 240
66 252
80 119
71 179
88 253
33 197
41 260
36 112
30 259
244 294
47 187
35 250
57 142
58 246
197 257
84 283
243 277
136 269
57 60
161 192
168 212
56 139
63 84
2 158
52 260
97 150
213 279
61 71
134 290
26 280
203 289
186 274
142 179
184 257
129 287
127 194
70 212
14 42
24 266
7 188
30 204
205 270
193 224
136 238
87 142
113 243
203 208
223 242
35 160
163 234
190 267
129 203
92 166
83 116
84 150
135 213
221 274
148 263
177 234
190 294
126 130
268 296
75 222
208 245
97 158
174 280
45 144
290 296
64 252
43 264
42 270
91 280
54 245
81 121
20 94
173 182
80 238
107 157
11 214
80 296
187 279
59 252
3 213
19 207
11 113
11 243
15 196
163 164
130 193
87 288
2 44
195 225
160 263
200 233
109 183
74 152
157 207
156 274
165 256
1 141
9 248
60 233
103 219
32 156
104 193
199 299
73 145
266 274
149 196
166 297
94 286
108 281
28 152
140 212
49 220
124 223
36 178
247 272
105 123
24 92
5 171
110 227
240 262
56 208
7 133
114 211
23 193
117 154
47 188
105 144
10 131
125 210
232 285
96 126
249 291
205 244
113 126
35 240
48 282
10 232
43 84
10 142
70 183
42 69
143 269
51 85
146 157
43 59
55 136
132 156
94 265
95 233
158 279
164 208
102 144
185 291
57 99
157 200
23 118
60 85
46 211
4 33
12 262
160 283
82 243
45 260
149 212
18 260
82 285
19 287
49 212
6 23
196 226
2 169
168 287
78 151
38 254
57 202
65 83
95 166
115 208
16 170
141 216
134 244
258 272
167 248
22 252
3 57
131 170
18 101
0 77
209 293
168 286
96 145
44 92
216 239
123 263
55 96
247 264
71 134
79 296
33 184
181 228
146 298
219 278
155 261
65 292
207 247
16 271
94 222
14 99
153 234
204 228
102 199
134 218
150 223
17 202
89 222
31 240
83 214
115 284
7 89
32 117
26 198
146 203
12 292
201 248
55 77
250 289
208 221
84 109
59 184
207 287
114 121
57 123
240 258
237 262
90 131
1 101
83 251
55 269
25 288
68 234
36 288
205 212
20 121
173 181
37 40
20 256
183 248
44 279
72 189
106 270
169 219
155 266
163 267
195 234
176 254
116 137
15 115
39 143
32 201
25 146
137 254
171 296
137 194
68 193
12 192
87 115
170 282
43 298
19 293
266 290
211 266
91 128
194 249
216 217
76 257
235 264
45 258
81 289
1 125
51 146
41 217
230 246
5 195
137 225
67 182
227 243
223 272
92 167
104 156
47 296
32 65
159 218
112 176
134 285
185 267
70 128
160 238
141 213
49 71
115 220
79 285
39 185
16 187
57 165
185 255
154 276
49 213
73 208
72 180
22 98
19 86
219 221
294 296
84 176
56 234
21 33
15 291
85 253
87 278
21 89
238 245
138 252
77 188
56 62
74 259
105 184
175 177
96 269
83 84
152 164
18 170
146 269
76 247
28 95
36 93
79 147
185 194
167 266
254 293
95 289
35 90
224 247
14 20
26 226
55 158
70 173
23 89
119 124
125 255
69 96
27 185
94 278
51 226
4 171
138 244
164 175
88 268
65 129
224 269
119 133
65 173
9 161
208 292
17 278
19 122
95 151
85 142
229 257
231 250
192 248
14 260
193 270
87 157
120 127
121 225
163 230
122 127
12 156
124 298
98 163
113 293
155 284
88 270
63 101
9 66
162 233
0 48
34 272
156 276
36 258
69 275
201 238
186 249
16 224
2 155
22 64
16 236
46 162
242 255
80 83
25 107
142 289
2 284
187 256
31 151
6 195
136 152
113 274
38 260
9 273
53 208
113 156
153 157
38 142
246 285
272 296
76 269
97 217
10 173
195 203
61 267
17 266
73 144
67 247
83 169
12 271
207 218
152 208
181 245
136 174
72 294
54 209
177 293
66 143
67 154
69 288
245 278
163 210
181 292
88 295
57 264
69 82
84 115
6 184
30 269
37 207
62 71
52 288
30 118
37 265
172 193
53 145
139 200
27 86
203 272
117 155
183 216
139 170
13 123
68 252
90 101
275 281
53 96
99 140
156 184
149 186
68 225
193 214
86 180
14 263
174 228
89 197
56 239
46 239
123 225
67 140
14 229
76 198
57 260
166 293
42 210
152 212
54 105
246 274
85 280
155 156
22 256
191 240
119 260
70 253
25 292
190 205
64 201
104 137
154 168
155 268
17 272
228 293
40 99
136 298
33 282
111 284
46 58
115 267
19 189
44 234
29 296
186 233
8 271
52 297
51 263
92 284
113 174
33 207
151 178
55 172
194 225
80 265
119 273
80 153
149 154
152 268
20 294
30 64
82 129
16 132
122 210
242 247
99 233
50 85
193 223
49 112
226 239
13 118
178 239
169 220
136 247
78 117
216 269
194 280
21 108
204 218
3 209
68 263
80 287
101 270
52 59
97 195
169 240
15 295
147 156
257 263
26 210
267 281
85 114
115 158
109 211
14 217
127 212
54 83
67 116
43 204
135 236
4 276
20 48
132 179
50 267
110 199
61 291
28 294
89 262
60 219
229 280
24 182
118 214
93 263
146 271
34 135
68 121
140 156
67 88
30 127
140 273
127 145
154 271
62 107
114 285
31 63
47 50
127 281
45 145
57 112
44 143
75 168
68 149
59 125
200 292
13 259
19 273
87 233
28 31
11 165
24 115
9 279
12 96
26 292
83 110
33 255
286 291
121 196
56 271
4 123
18 26
9 15
66 146
160 234
35 254
229 250
112 233
185 212
70 162
164 193
59 190
12 28
51 182
113 116
18 105
69 235
33 274
29 246
65 99
135 171
158 271
117 248
41 144
183 291
91 169
19 79
207 216
85 277
104 165
53 115
96 202
60 296
117 213
22 272
72 234
32 87
50 261
29 158
172 259
41 193
67 174
99 227
162 294
158 175
90 195
23 26
65 98
192 278
74 127
268 299
115 145
79 140
62 266
64 101
49 137
29 202
103 175
189 190
159 220
97 234
149 178
96 250
106 247
170 262
194 283
100 243
145 196
53 211
12 42
158 173
81 291
81 83
67 286
107 284
85 181
24 146
124 206
94 131
144 225
150 164
136 276
108 278
226 271
124 178
68 256
100 153
168 260
25 153
147 284
194 267
41 146
19 162
61 116
99 184
12 136
5 257
107 133
118 193
58 136
70 130
286 287
77 85
3 48
163 253
156 168
0 292
13 244
165 293
62 244
58 71
61 214
103 131
154 213
109 274
159 171
72 142
116 200
16 204
36 174
51 290
184 240
51 98
277 288
100 219
142 209
179 255
18 266
243 268
75 144
40 147
11 167
46 299
80 164
152 174
4 47
38 58
5 168
147 215
231 290
213 241
179 200
117 298
233 267
175 202
203 262
62 161
234 258
79 211
121 212
132 270
215 218
236 259
189 245
1 107
4 293
125 185
168 275
131 223
219 247
187 287
75 202
10 38
232 290
215 242
116 141
175 258
186 247
189 261
35 164
87 230
164 197
184 193
168 294
237 278
171 261
216 255
120 251
87 187
99 167
1 109
7 26
112 196
70 164
53 177
106 159
260 298
120 151
125 242
134 214
102 290
2 21
55 203
77 212
181 212
61 206
11 96
188 263
37 175
149 297
160 288
81 248
264 292
60 123
21 155
230 264
141 246
6 154
1 148
251 287
18 297
43 174
113 122
30 66
61 168
86 209
80 293
69 81
182 289
249 288
106 136
77 93
24 298
133 212
58 82
113 223
28 65
23 175
20 281
195 262
30 182
20 53
107 292
243 261
123 217
7 155
2 58
183 192
104 169
27 257
21 208
116 146
118 218
207 238
8 170
12 263
24 167
191 195
5 10
44 254
70 237
111 188
165 213
72 217
278 293
162 181
50 56
55 115
74 289
10 216
0 195
175 212
233 239
40 122
210 216
104 127
46 207
45 117
22 93
66 99
179 272
179 285
125 199
2 211
79 118
77 205
189 276
219 258
93 293
37 97
30 142
10 266
209 254
123 299
94 194
111 195
108 277
12 52
61 232
65 112
128 152
226 282
65 254
231 240
58 93
199 203
3 94
37 164
175 282
14 17
216 231
61 294
263 273
27 210
1 209
6 222
30 60
72 156
226 286
66 145
71 228
117 196
9 143
201 242
83 289
181 269
127 223
2 191
4 226
22 62
144 218
104 202
50 78
18 285
113 130
42 74
17 154
145 214
252 261
48 299
21 297
74 133
1 8
166 252
58 89
21 249
140 181
84 246
69 282
11 177
18 54
109 254
153 161
35 183
74 75
39 144
127 280
46 113
126 156
10 83
137 228
220 295
14 38
39 177
170 242
202 297
15 266
121 267
191 244
14 291
174 270
199 261
82 269
239 240
45 75
117 187
193 289
213 237
1 206
12 87
11 52
210 226
232 237
276 278
81 232
74 84
194 274
68 187
99 153
19 118
79 152
158 236
44 101
140 288
106 223
139 160
68 216
43 90
102 180
59 240
56 280
130 131
110 187
38 208
119 266
201 247
37 223
158 223
25 51
32 49
263 277
87 248
168 236
20 55
135 164
77 161
206 227
118 133
20 91
22 298
5 188
54 155
200 248
218 264
65 124
131 245
116 202
36 143
36 110
32 229
238 286
42 261
150 214
218 243
153 173
69 179
110 216
16 266
83 240
161 254
12 147
2 100
60 133
6 254
179 262
41 161
128 232
92 290
209 295
8 100
34 123
27 204
2 264
73 151
4 248
217 287
204 246
237 245
33 45
6 158
10 268
76 152
109 247
198 256
217 255
220 291
11 16
156 205
16 257
130 163
215 245
5 196
38 284
100 212
1 17
70 97
250 299
218 293
5 198
179 206
43 143
6 120
222 257
11 23
88 160
95 115
10 121
60 163
64 78
17 147
29 134
125 165
62 81
39 160
133 261
63 297
41 225
85 129
242 286
113 208
18 217
243 269
5 81
49 299
79 214
62 260
15 80
185 259
247 291
104 296
36 202
252 275
39 205
46 149
98 219
157 225
49 78
0 288
182 243
91 146
235 260
52 140
61 257
65 299
88 247
154 218
31 169
53 156
33 112
25 202
51 185
71 262
90 272
20 139
99 173
48 151
37 49
117 268
37 125
84 135
183 202
240 253
35 156
92 173
5 229
154 281
53 172
18 37
108 110
183 214
46 102
40 171
61 194
102 181
87 169
57 162
201 285
27 112
86 197
61 112
98 101
38 159
38 94
173 293
166 284
96 169
7 63
46 139
36 67
17 190
136 180
174 232
126 288
65 166
66 118
3 132
178 257
32 218
106 277
157 221
165 221
56 144
7 105
206 242
44 140
39 91
198 222
2 17
241 273
134 176
166 218
70 277
95 141
41 132
154 239
30 113
81 126
227 276
129 179
32 38
166 169
69 132
50 51
160 284
26 61
26 249
185 242
17 32
95 244
101 261
210 225
15 36
204 290
30 40
93 146
26 273
62 157
178 197
50 222
78 211
131 224
166 275
258 291
119 232
156 263
289 290
104 194
174 217
70 227
164 297
45 129
24 269
134 298
103 260
129 298
4 177
230 253
154 272
21 128
80 234
21 295
94 135
5 79
40 127
4 26
29 293
183 242
200 259
111 294
47 80
5 74
56 178
78 287
57 114
172 182
58 234
80 110
44 125
37 286
86 121
288 290
43 219
182 205
33 250
60 293
63 125
185 236
9 180
61 158
194 285
14 286
33 242
46 187
28 184
228 248
84 96
96 222
116 292
152 276
97 179
61 261
4 89
167 224
125 135
13 20
170 192
161 182
173 184
46 286
209 267
26 245
158 240
123 126
30 86
43 81
104 109
266 269
18 276
81 233
167 238
167 183
22 232
203 228
234 274
17 96
42 203
8 165
96 101
257 276
82 152
106 235
187 217
131 257
80 169
44 88
74 154
28 274
59 260
10 192
76 120
31 147
191 218
58 79
174 193
285 297
45 167
137 157
124 271
237 288
65 245
138 295
57 104
21 239
133 284
91 237
54 229
3 65
11 47
167 249
215 266
103 207
103 120
260 261
116 283
157 297
7 248
14 46
84 182
151 170
214 293
91 181
97 198
61 209
93 106
257 258
87 101
59 219
104 231
204 220
55 57
50 141
52 214
32 97
58 74
35 241
92 204
139 261
55 253
258 296
146 170
76 238
216 282
133 274
46 283
73 129
222 265
102 195
74 193
40 198
130 176
43 205
27 165
213 268
21 237
58 277
238 255
33 141
66 222
8 250
76 181
7 287
55 183
28 134
132 136
158 237
41 140
123 260
182 292
231 294
175 223
110 205
5 42
93 247
134 291
235 293
192 247
235 295
47 247
159 182
22 254
93 299
209 259
87 153
63 108
76 134
73 119
191 286
197 293
238 272
158 252
115 177
69 185
159 248
46 71
98 274
10 299
120 254
5 242
211 232
47 72
170 250
15 142
147 255
145 177
89 172
95 269
43 67
226 296
203 205
30 90
57 98
92 133
134 252
65 172
203 245
93 280
115 211
104 254
39 242
45 59
129 252
95 283
100 109
67 213
42 113
58 65
103 269
204 279
146 197
28 125
207 225
119 168
71 124
165 189
102 270
63 77
109 231
43 79
186 292
8 35
158 165
131 186
44 298
200 261
34 73
162 238
151 264
76 207
159 254
190 274
37 214
121 134
46 86
10 290
64 238
51 155
30 41
64 69
76 217
84 239
86 137
36 46
136 161
56 163
165 222
141 262
108 293
37 210
102 106
254 282
24 279
14 127
133 187
216 266
65 136
11 181
17 232
141 274
12 200
46 224
10 281
9 120
138 213
114 279
137 249
188 227
52 144
119 140
132 149
118 292
16 252
15 236
152 251
63 169
8 66
213 265
145 286
235 244
153 220
106 128
41 236
61 175
6 111
42 156
65 209
49 74
12 82
48 184
128 285
9 196
0 127
109 143
48 65
4 204
91 284
203 254
155 287
109 194
229 236
28 277
24 287
23 185
23 92
74 149
100 242
26 124
40 215
108 268
31 135
153 252
109 116
130 258
154 170
21 272
8 120
219 244
49 249
118 141
173 285
135 204
98 299
149 211
146 248
93 116
11 270
61 295
18 166
61 72
3 254
197 246
128 168
1 86
64 269
1 134
100 235
77 203
1 238
94 105
55 85
162 208
102 267
203 258
221 237
133 231
15 163
73 201
128 245
19 126
143 253
266 273
50 123
2 272
79 173
237 285
120 194
75 125
25 129
31 206
145 192
40 116
183 237
96 249
222 242
225 226
134 145
89 260
236 288
8 110
13 115
7 128
103 174
114 232
195 269
22 75
3 244
68 296
156 286
82 150
226 250
61 258
34 39
11 155
47 139
138 217
32 53
2 8
51 205
39 129
90 181
48 174
115 153
164 290
110 146
169 221
251 289
150 205
46 198
53 109
180 211
175 260
197 254
161 223
33 82
146 226
8 57
2 293
112 177
172 213
273 294
219 297
93 197
9 216
49 152
156 198
256 278
36 221
90 149
117 131
7 293
12 45
53 130
161 272
120 263
125 138
253 286
137 147
158 182
1 85
14 153
201 288
126 217
33 68
10 145
98 226
79 162
42 55
6 123
131 189
66 297
39 206
126 198
123 271
156 261
152 235
120 170
87 132
137 236
72 147
73 260
75 185
70 269
166 239
216 230
14 284
99 103
107 114
10 297
35 137
70 152
9 199
89 191
11 101
179 259
74 116
239 295
189 247
84 207
179 257
42 220
76 253
251 297
69 140
28 98
207 299
88 249
106 197
126 133
11 42
195 264
232 249
12 121
190 232
12 297
197 209
219 232
36 45
74 246
217 291
22 154
16 31
229 282
90 221
103 239
58 249
47 105
34 216
135 140
162 242
15 147
9 108
178 226
41 299
31 111
43 229
212 239
14 161
119 223
60 220
127 251
100 285
81 234
160 241
145 295
241 277
46 191
217 269
107 252
13 285
221 244
68 145
42 231
62 152
16 131
97 208
168 173
65 132
53 294
61 208
201 227
171 184
37 52
109 288
139 190
12 95
158 214
42 177
2 190
83 122
93 187
197 231
53 114
121 192
190 297
2 204
120 190
175 259
140 189
252 253
30 78
230 249
40 154
126 269
117 204
79 81
61 285
289 296
119 148
59 172
87 191
15 143
34 237
1 243
38 249
103 261
74 136
108 273
59 95
0 212
33 126
15 204
281 293
24 209
6 276
151 181
145 151
31 53
123 280
17 168
23 97
185 195
15 117
175 203
73 99
17 249
132 232
221 275
42 103
156 192
96 223
58 298
78 174
59 92
209 263
64 274
6 204
150 183
83 96
36 168
79 130
228 289
99 191
37 47
151 200
239 246
208 215
89 113
128 266
17 151
25 78
205 235
51 142
111 298
160 287
203 236
5 227
130 183
20 127
46 67
1 96
23 209
106 141
260 266
113 210
46 230
26 255
187 278
75 234
177 243
178 191
5 280
54 297
62 197
63 201
246 248
38 45
36 70
29 262
192 225
61 228
116 266
5 247
141 277
149 286
201 219
251 275
118 167
232 299
54 78
7 117
35 194
162 235
38 187
68 130
161 293
21 65
219 263
56 94
128 250
171 172
102 229
64 262
18 193
235 299
35 243
109 156
192 219
282 299
84 211
52 94
204 208
23 114
33 42
205 271
52 233
0 213
15 141
174 204
181 274
84 85
6 137
199 298
54 121
28 107
165 179
28 111
123 221
161 214
90 91
70 151
47 181
162 188
6 147
131 254
179 283
57 130
79 188
271 292
138 257
45 137
86 194
34 230
65 162
52 229
32 151
37 290
54 157
94 298
23 96
36 170
97 120
122 242
66 168
9 144
94 296
20 113
18 97
191 202
117 235
28 292
92 248
0 248
161 246
84 142
139 214
108 192
224 298
121 195
114 150
206 298
47 62
177 237
109 236
23 41
189 222
196 205
197 281
18 241
191 285
164 241
32 292
262 265
8 13
37 116
85 228
247 249
52 257
165 168
115 268
74 200
48 253
109 246
64 65
48 186
0 38
149 182
41 55
68 196
260 268
149 224
49 158
113 213
45 53
143 179
40 153
90 290
50 226
78 187
65 280
244 266
16 185
217 237
84 193
196 248
41 74
177 217
199 275
80 106
217 231
41 109
177 296
14 173
10 215
76 204
295 296
33 225
86 192
73 193
49 138
182 183
106 250
184 249
88 104
31 58
31 137
142 294
82 239
181 288
178 280
38 151
53 291
124 247
75 82
2 76
37 69
245 289
9 36
128 273
34 121
170 217
145 280
102 276
150 221
248 261
159 250
65 161
149 222
130 174
10 185
189 265
180 214
99 183
61 172
64 213
32 101
2 201
74 206
30 207
164 252
187 238
115 129
132 239
79 209
229 244
62 243
125 162
75 281
122 275
90 254
21 95
286 297
182 223
64 241
90 125
13 109
155 243
126 196
122 250
90 286
2 99
100 176
127 275
192 239
40 240
176 225
147 169
225 230
283 286
18 277
106 180
90 264
125 159
26 206
25 162
21 279
183 255
286 290
71 200
146 252
89 168
232 291
167 179
227 253
86 271
127 181
129 163
177 226
41 179
150 194
50 216
21 86
264 276
85 86
7 65
221 258
39 110
167 236
171 194
110 234
177 281
110 256
192 254
100 213
100 117
45 233
79 139
4 56
142 200
138 245
60 178
44 98
187 286
1 54
202 253
162 226
141 223
140 163
1 110
140 270
56 138
142 181
23 46
167 279
58 102
212 242
132 172
114 163
175 232
71 252
61 184
16 133
214 297
219 249
30 114
79 177
29 265
85 211
52 184
75 245
25 259
268 274
153 271
6 190
69 296
28 135
143 204
82 289
42 82
27 120
230 262
22 155
16 82
35 110
3 113
168 208
189 280
121 223
29 35
20 106
182 214
41 158
169 241
141 190
32 130
52 210
18 279
204 214
138 205
212 247
91 293
96 262
165 283
2 248
127 214
11 97
158 285
32 230
80 115
6 210
90 139
82 178
210 229
16 65
24 50
104 115
117 269
24 37
93 266
150 187
199 229
161 237
127 197
172 279
135 256
236 277
218 271
17 82
21 273
10 276
10 202
31 122
105 112
104 114
93 140
199 251
167 198
102 151
131 193
162 274
56 190
9 28
95 195
110 184
162 253
167 219
176 201
124 274
33 55
18 299
121 133
29 93
55 205
31 247
177 259
82 213
119 217
14 148
207 243
68 160
11 254
22 212
198 249
76 116
142 169
73 280
61 203
29 112
60 188
87 105
144 212
115 285
15 278
121 218
134 200
32 279
31 79
3 293
55 146
0 226
222 267
20 260
3 125
66 173
92 130
165 269
45 110
77 265
128 215
132 273
112 253
118 201
29 215
23 224
162 219
103 223
101 108
142 205
79 165
104 208
32 212
97 214
66 151
271 288
18 55
89 263
133 238
68 203
202 233
171 240
209 248
210 247
107 250
16 75
126 197
151 243
210 274
18 43
220 282
147 253
36 210
160 172
19 170
164 291
16 64
184 212
94 242
112 130
60 213
25 28
54 76
235 257
19 188
37 155
27 144
98 253
81 226
82 270
201 229
19 24
211 237
93 261
86 174
2 213
128 225
73 182
9 224
208 270
163 276
92 245
116 227
13 220
88 298
2 48
88 252
239 285
25 157
18 25
131 237
224 228
41 167
132 193
129 272
40 112
210 252
128 247
5 220
48 100
146 186
102 210
10 267
62 166
238 280
205 265
174 229
111 143
43 116
27 221
194 226
59 147
119 295
236 269
76 158
207 223
31 299
60 71
10 244
76 178
162 276
70 184
50 168
176 227
31 246
92 177
86 96
43 111
28 176
246 265
154 253
105 286
55 135
38 51
254 283
82 231
97 273
200 289
75 114
22 97
181 244
105 119
88 208
75 283
55 247
38 162
89 158
50 106
220 274
4 287
41 107
260 274
44 156
170 239
148 220
32 178
63 210
55 259
141 236
44 215
8 263
6 153
9 201
139 183
114 140
207 237
5 272
75 198
158 171
190 296
162 183
71 141
47 234
5 222
54 110
20 286
52 134
10 226
113 165
78 142
85 155
70 242
74 216
44 66
91 234
60 287
13 284
26 254
100 244
152 238
59 162
50 298
60 107
29 193
107 142
147 257
10 247
164 293
63 189
42 112
152 227
5 36
272 284
110 226
85 87
53 54
3 31
141 237
21 84
105 255
108 163
49 190
20 249
202 206
41 270
125 219
124 275
151 163
143 243
15 71
152 170
44 251
4 186
68 151
193 273
129 270
14 147
175 279
96 132
32 273
60 142
44 246
76 172
208 217
191 219
49 67
0 95
9 18
66 67
57 251
83 260
171 185
172 270
119 298
125 209
44 256
14 135
188 281
143 186
153 251
77 238
254 297
92 176
128 228
179 236
101 111
31 64
159 196
19 248
108 191
265 281
50 278
232 292
59 63
106 229
89 296
73 109
143 203
35 261
83 232
192 273
36 266
120 229
75 237
144 294
166 269
34 56
207 272
267 287
120 140
105 245
84 144
26 133
4 236
109 119
8 67
170 182
60 266
196 231
78 99
172 222
7 181
7 251
58 130
116 118
243 254
82 266
41 59
19 134
15 131
181 238
165 244
120 223
92 150
48 61
32 222
30 67
59 259
10 29
85 225
14 228
65 194
93 265
1 21
57 285
133 250
16 92
29 261
5 270
80 183
34 254
181 186
262 274
179 218
36 205
58 202
15 66
61 166
18 65
207 231
201 295
33 170
2 262
57 211
90 209
58 268
36 166
128 158
79 246
14 92
115 143
241 261
124 246
245 266
198 257
164 250
77 285
23 144
48 286
84 222
44 159
73 274
84 275
171 247
85 198
218 288
74 235
160 245
126 134
96 106
110 198
255 278
103 114
32 168
50 272
170 218
11 220
32 109
160 297
4 195
48 176
78 175
119 244
204 215
65 256
131 260
22 271
67 264
158 278
42 213
33 245
240 278
203 286
14 298
153 167
115 204
10 249
67 113
77 92
156 212
3 145
123 171
78 120
76 153
9 34
111 140
102 208
145 262
77 147
195 296
130 161
2 209
96 189
36 253
104 248
149 159
44 87
202 276
131 261
24 166
27 172
29 275
40 83
180 227
81 116
50 255
8 169
168 269
45 272
67 120
93 186
31 198
96 256
144 175
212 244
192 215
23 273
4 153
47 165
116 209
37 82
84 159
11 46
7 98
9 16
118 225
33 40
73 252
199 271
72 208
108 113
83 269
116 156
165 193
139 162
67 251
253 264
66 216
9 111
42 204
109 294
22 235
145 179
149 263
163 297
87 104
198 270
201 265
76 114
66 90
24 49
118 253
18 268
50 122
88 179
204 295
91 260
78 173
15 230
25 117
150 216
228 282
25 98
14 79
11 273
42 229
141 233
107 128
76 138
147 229
170 298
194 200
260 287
52 75
15 270
100 239
31 133
119 284
180 193
79 201
1 271
116 122
25 88
126 241
63 256
235 266
18 59
161 268
48 163
3 144
9 227
99 190
49 267
71 198
91 108
109 253
23 182
25 234
57 73
128 280
172 274
106 265
28 29
22 42
45 261
86 295
93 272
138 197
133 162
38 44
55 181
136 210
109 249
110 272
64 279
205 216
11 108
215 234
61 218
142 266
10 234
263 276
72 177
239 294
49 236
1 44
12 214
99 244
24 222
82 134
52 182
224 265
219 267
182 196
115 252
35 285
36 153
49 233
52 122
46 205
163 221
138 146
60 156
137 163
193 225
75 104
169 218
221 242
107 113
125 126
60 295
63 174
2 244
80 268
18 47
166 282
65 159
50 239
80 217
81 128
150 174
40 53
99 164
98 113
245 283
9 26
139 182
11 247
50 147
13 111
154 267
31 227
66 193
43 140
14 78
86 136
224 229
239 298
60 70
232 251
129 155
35 131
79 192
37 80
166 224
133 289
49 106
57 76
147 221
139 156
65 190
68 177
74 287
263 284
200 274
156 240
90 119
112 119
41 72
9 104
181 189
57 86
139 254
81 152
8 153
128 139
285 286
23 94
86 115
202 230
185 201
116 226
8 152
35 57
2 232
99 299
8 144
156 196
1 295
16 274
188 271
113 162
123 246
63 264
1 256
208 244
116 130
166 178
230 286
50 167
93 262
171 181
80 212
29 52
49 225
209 253
139 248
90 223
59 274
9 292
174 212
37 259
191 229
287 291
92 206
91 230
221 269
92 238
127 295
209 250
29 233
12 56
144 166
226 291
43 215
50 61
28 136
150 253
48 251
18 291
24 38
99 272
121 153
129 153
22 27
82 160
88 96
2 82
8 27
54 218
131 134
33 49
74 293
12 158
97 167
175 226
198 220
153 216
154 298
8 119
56 179
283 298
97 286
177 178
121 129
68 223
62 163
138 177
82 149
198 202
25 200
6 124
139 208
104 290
93 136
86 123
142 282
53 120
41 233
215 244
7 252
172 185
46 154
101 242
53 107
88 278
25 65
70 293
51 206
162 271
56 85
163 257
30 208
74 282
49 143
207 285
43 189
178 263
106 177
65 144
177 179
259 274
86 267
101 116
35 245
66 194
44 178
33 43
88 115
77 86
13 256
215 257
98 145
241 291
94 294
29 108
115 119
22 195
75 227
50 266
39 225
1 14
177 210
5 175
24 238
31 202
71 246
148 163
86 134
168 213
23 288
59 117
224 252
48 240
233 290
40 72
3 130
266 292
131 295
34 213
117 260
126 280
46 78
69 278
23 246
193 247
173 176
10 294
153 245
1 136
272 281
49 273
154 221
200 298
42 291
93 254
259 275
152 273
63 87
138 155
124 262
8 94
248 281
75 152
178 242
165 216
5 11
132 274
92 175
100 113
217 260
73 140
77 263
96 108
42 262
115 217
205 277
25 113
129 145
153 265
144 209
77 153
213 271
13 265
192 294
22 51
42 275
9 259
8 222
41 182
39 41
150 269
104 133
37 249
247 250
107 115
92 228
9 218
66 233
180 246
60 202
46 89
119 250
142 176
13 95
69 154
209 289
196 207
160 221
77 90
218 250
138 233
203 237
200 286
81 172
82 259
5 121
86 236
241 289
73 97
60 267
180 201
43 275
147 260
1 166
24 237
12 36
184 266
100 164
15 108
56 291
60 207
25 173
197 287
24 165
43 236
14 76
149 234
54 182
71 80
167 204
68 271
86 265
11 66
110 258
12 34
65 117
25 133
143 168
42 237
138 187
165 287
18 202
198 199
101 213
15 102
80 130
91 269
107 185
83 98
55 208
34 86
139 255
13 136
66 281
35 192
1 123
52 124
229 293
63 111
49 61
182 255
72 100
114 127
4 291
14 244
58 67
87 289
131 164
122 273
237 296
110 267
46 261
75 161
151 275
129 167
68 70
98 288
106 293
25 274
41 50
211 269
28 187
54 115
115 178
53 164
164 218
62 242
7 126
69 266
36 113
69 194
184 280
280 298
14 101
86 140
45 276
10 167
41 253
71 291
51 123
70 174
136 169
63 65
221 240
73 258
75 293
162 231
60 240
170 185
2 260
137 193
29 188
70 129
107 165
6 294
24 297
171 237
26 196
27 118
127 193
143 198
25 262
168 284
2 74
248 271
18 236
19 227
214 290
50 53
23 183
236 242
202 261
65 288
126 201
109 223
44 61
183 207
121 175
3 103
65 283
15 241
95 110
9 99
41 106
11 109
43 195
129 190
98 236
61 77
28 209
51 262
123 166
201 221
38 124
57 239
39 180
41 77
172 227
52 207
114 125
157 219
123 243
112 131
224 242
165 226
46 216
147 278
34 141
1 233
8 137
114 194
256 276
95 278
140 191
22 32
1 232
76 292
3 30
107 247
125 133
1 202
133 298
32 211
39 250
55 152
241 288
76 248
2 131
225 237
54 257
103 159
55 87
214 263
280 297
228 244
164 232
32 228
70 76
22 291
83 295
121 145
168 273
255 287
51 94
13 205
182 250
94 183
118 267
33 111
257 298
49 254
169 178
93 194
103 220
38 224
201 251
173 185
67 98
10 260
41 212
0 176
211 272
152 183
15 140
24 66
237 251
8 173
193 213
33 218
148 243
130 239
155 249
188 231
139 212
241 258
148 252
3 297
105 227
98 194
223 252
40 111
57 181
46 220
178 204
215 233
101 180
197 206
151 230
11 131
5 114
185 188
194 292
168 185
198 260
96 228
92 271
206 232
31 220
91 255
38 160
91 204
139 187
181 193
180 181
63 245
72 296
30 164
9 167
32 183
133 256
176 284
207 281
24 289
4 265
64 244
70 109
45 118
18 94
97 165
73 194
1 227
26 88
65 271
38 232
6 108
8 229
78 295
1 63
8 86
101 113
117 202
173 213
24 78
176 184
80 180
56 193
22 71
216 251
152 286
29 210
223 279
5 99
79 233
167 209
133 210
5 179
145 167
3 148
181 230
98 225
47 190
58 261
16 41
160 201
16 118
117 170
27 272
75 248
221 270
60 200
23 132
180 210
129 280
85 137
176 247
12 80
107 122
195 230
190 226
48 172
191 275
78 246
192 257
59 192
107 237
81 235
31 201
34 50
18 87
81 294
86 261
211 257
103 145
23 187
24 225
90 96
59 283
63 278
28 47
19 277
257 291
126 174
190 277
165 262
112 215
84 216
151 171
11 260
163 194
206 220
138 293
216 219
228 280
110 186
54 282
35 89
15 187
87 139
34 87
0 123
121 278
200 217
20 196
58 248
216 259
118 260
45 92
145 246
42 285
0 296
83 187
65 110
8 215
170 234
216 286
228 298
150 155
21 255
80 294
0 271
67 241
17 163
10 265
118 155
153 246
156 186
80 193
11 218
105 121
181 260
138 240
110 235
136 139
134 229
127 233
26 268
27 243
21 37
253 298
85 141
69 144
188 287
45 119
126 268
70 241
124 171
40 271
102 253
3 106
115 287
179 249
48 297
69 250
167 290
35 289
64 161
84 131
87 151
22 297
44 216
20 88
81 137
175 269
0 140
138 190
228 236
86 258
218 230
24 242
5 20
54 224
116 166
227 266
35 68
141 214
29 208
36 136
111 293
21 59
9 222
217 257
64 148
51 203
17 126
81 134
261 287
174 226
54 199
81 180
105 194
54 131
63 176
170 240
140 244
55 191
0 60
151 231
16 294
145 208
115 183
81 174
3 93
149 288
278 286
101 276
2 222
153 266
116 228
203 269
152 246
121 168
153 188
90 112
78 110
136 266
139 198
205 266
68 236
75 262
180 280
102 234
87 126
155 166
204 278
32 277
234 239
150 233
240 281
75 292
239 272
142 192
40 183
22 54
65 200
77 105
158 218
95 146
177 223
110 224
5 153
46 80
15 96
21 167
204 221
111 292
69 267
8 62
203 240
232 275
206 265
195 247
62 121
155 252
5 136
103 185
208 295
107 129
130 160
69 98
75 87
24 31
54 261
33 179
175 214
142 147
259 282
180 291
61 190
70 145
31 266
230 293
25 64
114 248
214 257
73 191
104 172
247 298
167 230
176 299
52 218
83 233
144 243
7 206
83 224
209 235
47 138
147 238
1 174
108 220
51 257
173 202
104 179
63 221
126 190
4 91
57 204
16 71
155 260
237 274
166 201
201 284
78 206
63 162
66 159
0 135
109 173
148 151
144 262
233 258
9 231
26 267
134 202
68 249
56 82
23 143
3 50
179 299
65 258
167 206
56 132
45 270
33 71
9 207
153 156
175 195
28 138
0 107
62 97
158 255
57 191
182 285
24 277
34 275
230 272
225 275
274 289
66 250
198 286
159 276
5 64
216 246
192 271
168 197
103 243
193 238
51 140
11 102
1 150
154 240
12 190
32 103
63 299
14 133
70 214
105 181
107 226
9 268
140 269
98 186
125 161
6 228
221 230
109 268
164 170
77 260
139 161
0 167
222 278
189 253
122 291
68 77
12 145
62 156
113 134
39 196
201 253
170 266
46 159
128 292
224 283
223 267
48 289
132 185
232 261
125 176
35 64
76 252
112 257
142 237
29 132
79 199
171 244
76 272
58 185
143 155
113 278
128 213
70 182
52 185
53 267
103 126
120 168
17 162
54 201
57 236
217 244
80 103
105 261
190 270
168 203
15 233
56 172
14 225
154 187
79 158
218 257
215 254
5 124
135 283
174 269
106 211
63 253
35 166
48 200
80 118
136 178
25 280
167 178
1 51
148 228
30 43
164 205
11 198
48 228
7 217
99 212
87 246
49 214
155 283
99 274
162 197
112 191
124 219
72 271
7 23
53 123
119 200
120 221
101 295
274 288
37 236
50 253
122 217
89 123
34 192
20 79
222 288
82 104
162 236
14 29
144 251
158 288
52 98
27 242
164 262
50 59
88 98
80 264
117 224
124 190
91 159
175 224
25 49
6 142
61 104
27 127
94 112
14 19
23 57
68 115
143 167
10 150
0 10
27 135
158 215
105 285
165 212
203 218
130 198
67 68
56 74
30 218
190 293
43 296
33 37
102 135
13 44
184 195
37 211
90 151
46 188
63 186
81 296
202 280
191 281
137 205
7 169
19 89
41 292
90 177
215 299
139 167
4 286
16 50
11 158
72 117
38 53
60 118
