0 1
0 2
0 3
3 4
3 5
0 6
0 7
6 8
5 9
4 10
0 11
5 12
0 13
5 14
12 15
2 16
0 17
16 18
10 19
1 20
3 21
14 22
17 23
5 24
19 25
20 26
15 27
23 28
13 29
10 30
3 31
4 32
21 33
2 34
15 35
24 36
35 37
14 38
11 39
9 40
25 41
33 42
4 43
6 44
42 45
22 46
34 47
43 48
34 49
18 50
4 51
42 52
38 53
28 54
5 55
35 56
27 57
16 58
46 59
47 60
56 61
31 62
48 63
28 64
5 65
0 66
1 67
7 68
14 69
6 70
53 71
46 72
47 73
46 74
49 75
54 76
42 77
36 78
63 79
26 80
65 81
24 82
57 83
40 84
25 85
44 86
19 87
56 88
73 89
10 90
81 91
87 92
39 93
14 94
42 95
56 96
63 97
47 98
44 99
9 85
20 85
13 64
27 71
70 71
24 94
0 46
41 96
46 94
97 99
29 82
25 84
54 75
21 95
23 45
80 95
50 72
41 67
25 78
6 66
45 48
11 74
52 93
2 48
58 65
54 62
4 25
6 49
14 66
24 56
26 44
41 85
26 69
23 77
7 81
73 83
64 74
53 86
26 96
41 98
52 67
44 57
69 82
5 18
7 96
62 91
8 58
22 49
2 38
10 16
24 96
83 84
34 89
25 80
10 39
56 73
54 65
31 32
49 52
41 70
12 55
33 44
31 55
49 69
41 92
8 28
33 50
16 70
53 66
1 36
34 69
80 99
33 45
37 91
0 9
13 25
23 76
36 74
75 88
41 97
11 17
17 47
58 98
38 65
28 56
2 96
33 79
50 86
11 66
22 69
10 20
35 90
28 90
26 38
17 74
25 95
73 79
50 87
22 96
0 34
19 82
6 15
38 86
52 66
15 71
61 84
69 83
32 90
44 49
26 71
21 40
64 91
50 79
57 79
34 80
7 61
54 70
34 44
9 22
35 83
4 47
40 62
52 57
25 87
23 65
11 36
16 82
51 53
24 53
44 97
19 28
79 81
72 98
57 96
68 79
38 51
37 64
41 83
15 93
0 25
20 74
58 76
29 37
8 90
33 72
53 78
1 2
25 44
7 34
25 26
20 51
57 67
67 91
42 60
61 91
40 80
30 56
72 76
68 74
67 86
3 73
3 22
1 57
19 49
51 62
62 99
20 98
40 68
26 33
62 83
2 23
5 6
79 91
47 55
31 33
42 92
42 44
26 87
27 75
32 51
52 60
18 55
0 38
7 29
14 57
29 60
53 70
77 87
33 88
63 70
17 96
8 74
21 42
25 51
6 56
28 68
71 75
48 75
16 68
66 97
3 84
67 92
25 62
8 19
22 57
12 40
4 82
6 42
1 3
47 99
61 62
52 54
48 76
22 84
75 94
16 92
29 33
24 48
2 75
18 33
64 97
61 92
44 64
57 95
14 39
1 25
27 49
27 79
1 66
41 43
42 69
43 74
59 85
46 52
26 55
59 99
79 97
24 80
34 86
58 73
39 91
60 76
17 56
83 88
53 57
55 81
12 85
48 79
41 93
40 58
7 98
56 93
28 65
39 72
26 99
14 45
18 70
64 83
45 66
15 64
22 64
43 81
14 90
8 60
48 99
49 59
27 67
11 71
10 50
61 82
40 67
20 42
7 52
90 92
0 74
27 98
44 51
66 84
71 76
1 86
14 88
3 12
50 81
22 89
42 84
15 22
10 18
83 93
36 47
25 97
45 57
9 57
82 92
38 82
69 99
7 24
71 78
29 95
30 80
28 45
14 74
42 73
18 45
48 95
15 67
42 62
16 62
24 50
42 75
31 44
43 85
28 96
53 84
28 35
25 54
17 88
37 73
83 86
19 94
42 64
11 79
13 71
49 62
3 80
28 82
36 39
18 20
10 45
30 69
62 89
38 54
56 71
34 98
22 72
8 52
11 37
33 47
67 73
32 86
61 66
27 72
41 66
51 68
2 59
37 88
9 82
11 77
0 40
27 30
3 43
44 98
5 31
17 98
15 46
6 50
0 91
19 97
73 90
10 96
73 88
86 99
30 35
23 25
37 53
41 86
12 61
55 77
10 60
69 70
30 89
69 92
34 56
43 57
45 81
34 85
34 99
33 83
57 77
27 85
9 64
8 92
10 79
5 23
23 66
57 74
57 65
26 45
11 40
11 64
40 52
2 5
86 94
23 47
9 54
40 95
33 59
6 86
47 54
36 60
33 67
1 24
23 49
8 78
55 60
57 88
36 50
23 57
48 72
58 69
11 18
8 99
80 84
41 49
10 43
33 61
1 58
55 92
9 56
18 39
70 85
10 22
17 71
16 72
5 43
32 42
36 66
55 76
43 95
9 49
22 44
28 39
11 15
58 72
43 80
29 64
43 70
42 93
34 39
75 93
12 76
20 59
0 79
11 48
50 53
32 34
60 91
34 60
21 35
13 39
25 34
31 45
64 78
1 26
1 30
58 59
10 72
80 92
12 63
88 92
54 82
24 66
43 77
21 48
51 87
24 58
86 88
56 98
22 88
17 38
4 60
40 50
34 36
24 60
50 73
51 71
10 34
32 59
79 94
22 85
72 86
37 82
20 52
45 63
89 94
77 92
36 82
11 67
19 77
55 85
18 30
3 40
36 58
21 38
69 93
14 21
24 73
6 51
9 96
66 88
19 78
60 79
69 89
60 74
64 81
16 49
72 87
54 73
28 46
34 81
59 88
66 91
21 75
47 72
27 95
26 64
47 88
3 42
8 88
34 83
87 90
41 52
43 93
13 40
14 59
4 68
32 94
41 64
67 75
13 37
9 97
31 79
59 71
38 49
33 64
32 69
26 47
8 43
6 30
4 54
55 80
31 94
71 97
35 69
37 85
41 65
16 78
5 81
59 75
45 95
12 87
88 97
71 93
40 66
31 98
76 91
31 64
44 46
67 76
68 87
26 95
71 79
47 50
65 82
17 45
42 54
39 71
12 45
31 89
29 38
9 18
27 36
42 86
22 58
11 44
4 24
6 61
1 84
61 67
56 84
11 63
17 85
0 47
16 43
23 35
49 72
21 39
20 69
29 91
82 84
45 87
81 86
42 79
60 65
67 97
34 57
27 48
19 62
59 86
26 94
0 30
64 80
26 74
18 26
29 79
56 62
0 88
8 72
4 56
30 73
19 73
11 54
63 67
17 86
38 48
23 27
14 62
52 72
44 74
66 74
12 68
48 77
10 75
37 41
29 67
3 16
5 98
3 28
5 25
26 43
59 67
9 34
30 46
13 90
45 99
38 67
12 83
34 88
70 76
29 50
1 54
44 79
78 82
35 46
37 63
7 49
9 87
4 71
30 98
56 58
7 97
51 59
23 52
21 74
13 89
7 9
62 95
28 78
7 94
25 57
48 49
7 78
2 89
74 76
11 69
45 61
33 51
3 33
50 99
45 75
8 30
11 20
36 96
40 78
88 99
24 39
12 92
41 75
49 83
84 98
43 52
12 98
80 98
58 82
29 94
39 44
58 81
10 44
1 51
66 78
6 94
6 19
50 61
6 75
21 99
34 65
33 98
75 96
94 98
5 27
6 24
52 58
15 60
9 55
43 87
33 82
10 25
19 26
74 99
34 46
50 75
0 8
31 40
47 85
43 66
44 63
27 77
35 64
74 82
28 31
24 27
28 62
36 79
22 47
28 55
6 57
11 56
83 92
15 50
46 69
60 85
18 87
7 86
7 41
53 99
31 37
20 82
44 95
5 26
21 96
30 97
38 94
28 57
2 76
33 66
85 95
8 23
7 72
44 91
24 42
32 89
33 68
14 60
15 89
13 63
90 99
2 66
29 65
8 59
13 49
6 40
1 75
70 86
10 23
53 83
44 82
47 82
5 15
4 5
14 16
56 78
32 54
60 88
37 51
16 61
8 89
12 34
89 91
58 80
0 63
24 32
20 57
47 58
85 93
50 58
78 84
45 86
36 69
18 98
4 94
10 54
40 71
15 31
25 74
29 45
11 58
86 92
22 91
73 76
35 73
14 95
49 80
16 91
41 84
35 84
64 95
79 82
35 53
64 73
30 95
83 91
38 44
38 71
7 23
76 87
8 50
58 84
25 55
37 81
6 59
54 64
84 92
92 93
4 69
48 59
25 72
78 85
56 75
32 35
50 82
25 93
17 57
42 78
41 71
7 58
18 54
36 89
17 26
44 59
7 14
92 94
20 21
75 91
31 96
73 80
14 47
11 95
29 43
9 67
81 98
14 75
29 84
50 97
14 41
68 75
17 34
32 79
2 27
19 21
35 47
58 94
55 58
3 55
48 51
11 27
27 33
43 51
17 97
0 59
31 87
14 48
39 66
25 64
13 31
49 78
52 97
14 70
74 89
33 46
34 59
36 52
9 79
29 56
23 97
67 78
70 99
67 80
72 99
24 63
86 97
9 78
25 56
