0 1
0 2
0 3
2 4
1 5
5 6
3 7
7 8
4 9
8 10
1 11
9 12
11 13
11 14
4 15
13 16
6 17
0 18
4 19
18 20
3 21
3 22
5 23
11 24
21 25
18 26
26 27
17 28
22 29
15 30
18 31
13 32
21 33
6 34
0 35
11 36
15 37
7 38
14 39
9 40
6 41
30 42
8 43
42 44
34 45
7 46
27 47
40 48
0 49
26 50
13 51
43 52
44 53
40 54
30 55
10 56
20 57
20 58
48 59
43 60
16 61
27 62
16 63
22 64
41 65
38 66
26 67
20 68
10 69
28 70
15 71
34 72
63 73
39 74
44 75
1 76
54 77
25 78
45 79
72 80
24 81
6 82
78 83
38 84
18 85
7 86
54 87
35 88
82 89
59 90
62 91
47 92
17 93
34 94
33 95
58 96
85 97
71 98
81 99
37 58
11 22
87 91
28 57
16 83
88 92
17 98
93 94
2 43
10 58
76 77
55 99
27 71
13 70
50 92
31 85
3 73
66 93
20 53
75 84
74 90
17 86
24 64
57 75
57 69
29 57
39 88
29 94
35 39
32 80
2 6
48 62
1 73
16 76
56 58
51 66
4 85
41 98
34 79
6 77
4 47
14 87
7 44
41 50
22 65
43 85
55 88
10 77
56 86
9 27
23 31
41 64
22 82
18 94
45 95
21 45
35 81
71 95
51 79
28 58
44 89
52 73
4 7
55 62
1 66
38 59
12 81
29 38
57 74
2 74
5 17
27 92
22 78
40 81
25 93
9 65
39 54
34 55
26 58
86 89
42 91
6 31
14 32
5 92
2 69
3 75
39 99
18 84
3 72
45 58
0 30
31 92
8 41
31 49
22 51
77 81
61 85
68 94
70 91
37 81
74 76
79 86
20 43
3 71
68 90
24 77
7 23
18 54
23 88
57 86
31 41
31 96
13 36
70 95
31 78
10 84
20 41
77 90
68 84
0 6
12 23
2 55
65 85
30 89
76 81
17 84
46 63
12 59
45 83
96 98
30 74
9 20
71 91
62 68
61 83
7 49
23 35
3 11
15 87
39 98
45 52
20 50
16 26
2 96
39 97
37 52
39 75
11 90
62 95
18 89
47 72
64 70
1 72
22 77
4 26
15 42
21 98
14 65
37 95
27 82
54 89
29 67
43 66
27 51
79 89
32 68
56 85
7 99
48 71
26 42
3 41
25 83
27 80
46 95
37 41
8 71
17 72
19 67
1 27
37 89
21 70
20 84
55 66
36 47
20 88
57 67
24 54
31 32
75 93
3 93
42 53
30 97
6 54
21 67
62 64
0 34
5 86
0 70
6 57
8 19
53 77
43 44
7 19
7 63
64 84
30 66
66 81
52 59
8 40
48 81
71 75
21 23
36 41
67 70
7 88
59 96
22 84
84 92
33 69
74 99
89 91
44 72
50 60
87 88
64 65
29 93
31 51
5 82
62 65
21 79
34 98
4 62
32 73
57 64
4 49
61 82
68 97
41 86
20 82
23 95
22 41
53 65
11 75
1 81
29 56
15 49
28 59
32 81
45 72
53 68
5 34
30 52
11 44
74 91
40 86
47 56
37 91
15 20
6 65
62 88
4 78
31 58
36 98
44 87
32 93
10 88
8 94
1 39
58 68
23 86
10 87
5 59
35 60
56 75
70 97
78 97
67 78
56 70
4 64
41 52
13 22
53 97
49 77
24 70
89 94
17 61
5 42
41 45
60 63
2 59
17 76
42 89
23 60
15 33
57 88
10 55
28 39
91 99
12 36
34 68
40 65
61 98
65 91
59 95
43 72
32 45
5 7
15 50
29 96
58 75
46 47
41 75
35 52
9 82
50 96
9 47
77 99
70 82
36 68
85 88
14 99
3 87
4 6
22 32
30 46
88 94
51 60
33 74
22 42
30 90
1 3
46 64
34 70
46 70
23 56
57 72
11 98
15 34
22 91
56 96
41 68
46 91
29 86
7 29
77 94
20 64
41 84
52 60
8 57
88 97
30 36
6 86
67 98
34 41
13 99
57 98
25 96
12 48
35 70
51 61
19 97
16 37
26 81
62 89
55 70
16 56
41 83
34 93
80 90
44 54
44 46
42 52
10 18
58 63
60 62
38 92
10 52
28 37
89 93
51 99
83 94
49 66
26 41
18 59
77 96
3 27
46 56
88 93
38 69
41 70
7 27
1 30
24 56
25 65
19 60
52 96
40 55
20 67
56 90
1 58
62 73
31 79
46 52
17 44
4 76
15 96
1 83
4 63
13 58
30 75
72 81
26 63
15 53
13 19
7 75
1 70
91 98
17 29
15 95
51 71
33 41
60 75
41 53
5 96
30 98
29 71
18 79
8 15
58 76
17 36
60 73
28 92
59 66
2 47
3 91
34 99
22 40
21 94
48 85
39 61
2 45
43 88
34 66
4 36
59 64
24 85
29 62
1 87
68 80
43 45
55 76
42 62
84 93
44 56
70 71
71 90
16 62
28 56
59 82
0 41
80 81
39 46
9 78
8 95
3 30
63 99
45 78
4 24
3 42
14 67
70 76
34 84
49 75
8 51
4 68
28 95
21 74
27 61
63 98
83 96
8 78
13 64
2 10
87 89
41 90
21 95
23 94
76 92
27 84
17 62
50 55
80 83
14 25
8 74
24 31
0 13
15 26
32 74
57 95
67 74
79 81
8 93
46 74
23 72
50 70
44 64
31 70
67 73
12 75
12 46
66 72
10 31
24 50
78 92
23 36
34 35
66 73
61 96
27 72
75 96
37 42
66 83
12 98
24 43
25 97
85 90
68 99
37 70
32 41
31 43
14 80
63 67
31 76
23 70
6 39
4 30
20 99
9 15
12 79
85 96
42 65
48 79
18 21
56 65
7 47
40 76
12 96
8 73
25 67
16 60
18 69
20 37
19 50
11 57
34 54
22 52
0 68
4 23
86 90
49 70
3 20
42 66
31 33
64 96
6 68
35 55
16 55
72 96
40 47
32 69
42 78
5 64
43 91
22 75
8 37
43 77
42 96
31 59
15 48
45 49
30 94
13 44
27 57
1 80
24 49
46 48
9 38
25 56
2 24
71 83
84 97
22 96
67 93
46 76
11 29
6 38
2 27
36 48
46 99
13 76
58 97
37 61
21 37
40 58
3 69
3 12
21 60
17 45
66 99
33 83
4 13
44 91
17 83
7 82
53 88
55 87
30 58
16 43
38 94
31 44
53 76
20 83
50 51
28 35
19 22
75 76
57 90
20 65
12 18
53 82
41 44
43 69
41 43
58 67
6 80
3 58
84 88
18 60
43 67
31 74
46 92
27 95
3 98
54 78
73 97
12 63
5 87
2 38
8 79
58 80
14 79
71 89
20 96
59 73
9 85
3 47
47 55
22 54
23 74
81 93
53 57
12 58
42 86
32 43
63 93
52 98
18 96
39 67
0 96
18 27
18 57
9 69
36 57
10 26
65 83
78 82
30 77
45 81
2 67
14 50
17 23
32 37
23 78
37 69
67 80
0 14
56 72
59 76
72 95
0 90
11 84
49 81
0 74
14 76
53 73
18 37
17 49
60 86
62 93
47 52
32 36
34 77
50 71
10 61
7 32
6 84
27 42
76 80
36 40
20 60
8 42
50 65
9 93
10 45
43 55
0 60
0 55
74 94
27 89
6 79
73 93
48 87
24 40
26 92
46 81
11 42
38 96
32 75
17 88
67 79
8 56
0 62
55 91
31 64
16 57
60 67
53 59
4 54
25 62
44 61
43 94
35 64
15 74
29 58
48 57
19 69
1 9
33 72
51 90
41 59
9 42
19 45
11 78
81 96
76 93
82 85
50 97
30 65
0 84
20 85
22 46
56 73
20 77
29 90
44 49
90 95
23 46
24 36
30 86
20 22
4 96
82 87
36 61
23 99
18 80
15 45
42 92
35 87
38 41
48 69
33 59
17 38
14 64
52 89
24 72
40 98
30 64
24 98
69 91
17 34
50 77
42 90
51 65
54 69
4 81
46 90
22 53
77 87
23 25
47 78
85 91
75 79
9 11
49 98
26 34
66 67
1 84
28 30
57 58
5 53
64 77
29 59
45 84
21 87
50 59
25 87
20 46
71 80
16 47
18 72
3 80
64 81
4 61
17 27
35 85
33 79
43 68
58 82
3 24
87 96
8 25
56 80
18 86
12 40
35 74
2 70
42 76
44 45
4 70
15 94
38 90
12 51
36 90
89 96
9 31
7 20
22 28
51 82
48 99
23 51
3 16
3 4
17 65
17 96
57 99
49 83
51 53
36 37
53 83
69 74
15 19
1 22
24 32
8 62
55 77
27 43
0 85
36 44
37 97
30 70
14 88
9 44
7 18
26 43
80 85
0 11
45 94
76 85
37 86
84 96
59 86
75 97
66 68
1 61
6 30
13 54
48 83
27 48
74 80
48 67
2 66
19 55
42 74
39 92
75 87
25 61
24 39
36 79
36 43
74 92
41 79
8 60
35 63
59 81
24 93
11 61
31 87
64 94
71 82
42 59
52 87
33 58
66 78
41 55
15 66
19 87
16 35
80 99
73 86
25 31
25 85
71 76
56 81
50 76
26 73
47 63
8 81
55 80
7 11
36 55
42 81
62 85
17 30
23 85
57 63
6 7
5 22
15 83
51 91
39 63
2 11
14 30
15 60
16 44
17 92
69 70
12 72
73 76
10 30
5 75
79 84
41 73
76 94
48 56
14 78
49 50
48 76
48 89
32 98
64 71
23 93
0 73
39 48
52 86
34 47
8 23
27 97
3 96
20 56
42 99
14 33
24 59
10 40
31 80
8 46
41 82
57 89
33 36
12 19
13 47
13 89
59 85
29 87
53 66
26 52
9 89
54 75
23 26
46 71
20 32
9 16
17 55
5 36
0 56
39 96
54 93
36 75
0 5
65 72
16 33
6 69
12 54
9 34
18 75
23 62
6 22
12 25
30 82
31 69
47 93
36 92
25 94
18 46
51 93
39 53
37 98
13 87
75 91
83 99
22 31
12 92
12 60
5 44
9 86
21 84
25 49
15 54
32 78
77 82
5 88
89 97
30 92
27 85
9 28
31 48
68 98
12 99
10 60
43 53
16 70
29 66
31 55
14 18
86 88
21 32
36 84
47 65
40 91
9 46
43 90
65 73
18 51
34 78
26 49
91 94
9 39
10 94
63 68
64 78
66 87
33 78
9 55
3 46
30 60
28 80
74 95
0 94
12 41
6 83
20 51
18 66
37 39
31 84
71 74
0 19
73 85
39 95
28 52
10 22
59 92
61 93
63 86
45 98
50 78
4 44
19 81
2 14
41 47
7 73
15 97
12 93
64 75
51 58
10 20
23 59
10 33
52 76
9 35
53 84
12 56
74 81
47 69
2 97
28 66
8 67
65 92
11 37
49 68
85 95
20 38
35 96
10 75
39 71
62 96
45 74
30 44
39 83
21 62
35 76
23 58
15 62
34 56
74 98
25 54
45 80
61 86
29 77
19 38
47 67
63 65
65 94
13 62
20 87
15 16
28 33
49 92
14 85
84 89
12 14
8 65
25 47
20 97
8 99
82 99
85 92
65 77
12 16
32 57
55 65
24 75
45 56
50 95
1 38
19 57
42 83
1 37
8 97
5 33
74 79
40 74
8 50
24 86
49 85
28 77
0 37
4 45
65 89
71 92
5 41
73 91
65 93
10 19
25 79
3 45
63 87
8 20
42 61
24 63
87 92
6 8
12 57
12 33
34 95
53 72
3 17
6 85
49 64
31 52
50 56
63 74
14 26
0 27
28 50
61 84
9 67
47 79
24 62
7 83
0 95
17 18
35 75
13 38
8 92
3 31
54 99
34 44
52 81
43 99
34 60
34 50
17 19
27 33
9 76
15 89
35 41
17 43
60 82
43 49
52 97
12 68
7 84
39 89
26 30
44 65
82 88
2 17
31 94
15 76
34 81
3 28
5 93
9 77
52 82
7 62
46 77
24 47
1 53
30 49
48 63
42 56
46 94
25 84
60 66
58 85
43 58
43 64
47 50
34 38
33 70
0 50
31 63
92 98
9 96
55 74
18 22
32 86
7 9
37 93
93 99
33 68
69 82
54 74
68 81
18 83
16 93
18 39
7 37
19 47
65 88
9 91
51 89
82 94
11 45
40 85
92 96
68 86
0 80
0 7
1 34
28 54
0 47
27 67
44 63
10 50
33 62
22 44
51 94
6 21
15 63
9 72
47 99
13 24
88 95
40 88
11 27
73 90
24 67
65 80
59 69
77 79
11 79
69 86
5 83
46 65
59 97
18 58
24 95
1 45
5 19
12 70
25 88
4 35
23 64
28 88
25 72
19 33
10 98
12 29
16 21
8 16
1 42
19 71
4 71
2 8
66 98
88 99
69 97
36 88
34 75
42 67
80 91
11 93
3 37
60 83
75 86
3 9
67 99
1 48
29 46
65 67
80 84
38 64
73 81
3 5
13 50
13 72
31 89
62 98
2 12
64 90
38 82
15 98
43 86
95 99
82 97
81 90
35 62
20 90
8 76
41 42
24 35
26 46
32 38
46 50
46 67
14 16
28 75
25 46
6 47
27 87
21 76
90 91
61 95
11 87
3 49
30 51
1 31
16 88
23 82
70 99
31 54
81 89
5 99
17 94
67 86
59 75
13 33
29 73
40 79
23 81
7 50
43 98
28 47
19 40
65 98
13 34
17 64
64 76
25 26
7 34
39 58
14 55
46 53
66 71
34 51
63 72
68 95
36 71
68 76
73 88
5 79
57 97
22 33
14 34
19 29
69 79
14 23
34 67
18 33
22 97
22 69
22 62
5 45
34 46
40 72
7 31
48 77
19 95
43 54
86 94
85 99
60 92
20 45
50 91
35 99
14 77
63 88
27 66
23 24
63 82
74 86
9 75
11 49
9 10
70 79
11 68
88 98
66 92
86 99
84 90
55 98
22 59
47 64
11 55
15 93
11 73
70 72
28 78
67 81
70 84
9 94
29 75
40 82
79 99
31 53
9 61
75 77
13 17
39 64
52 72
5 91
37 40
11 43
42 79
26 71
21 43
61 65
57 73
6 99
16 72
33 54
58 94
23 32
0 43
0 54
4 42
24 26
38 80
74 83
1 95
52 69
15 39
56 94
32 85
71 94
53 74
55 82
31 93
4 60
8 27
60 79
66 80
28 81
48 54
5 8
58 81
22 92
66 75
20 66
12 87
18 64
25 38
77 89
62 69
29 63
60 93
3 6
42 88
7 96
37 67
72 74
29 80
7 48
48 70
97 99
92 95
44 85
43 83
52 88
18 61
40 49
55 79
22 26
76 96
38 44
76 90
31 82
21 24
17 81
67 82
7 89
17 20
59 74
44 50
53 91
9 33
46 62
47 97
9 23
13 96
26 99
27 99
67 72
32 55
0 32
18 53
67 97
11 81
2 9
13 63
45 70
33 44
6 43
33 65
58 74
48 53
0 48
70 80
40 97
70 75
20 80
26 62
34 37
50 62
24 25
36 95
75 88
15 92
4 99
16 36
50 86
7 81
95 97
20 69
33 99
37 65
90 97
22 66
3 14
81 82
24 34
54 64
41 57
2 30
61 66
4 87
8 54
3 10
21 26
62 82
37 60
28 31
29 49
31 90
51 84
30 31
77 93
39 50
45 47
36 96
12 64
45 62
20 26
3 62
10 14
25 64
13 27
70 93
23 77
51 64
75 85
73 75
17 77
62 97
44 66
23 39
11 23
32 47
4 17
68 92
0 61
31 61
12 85
9 36
16 58
17 33
6 78
79 93
5 62
34 58
1 67
13 95
8 18
72 90
10 89
40 42
16 24
57 61
21 85
71 88
24 82
73 80
0 39
11 97
33 61
61 62
24 74
12 77
44 57
52 56
30 91
23 27
13 25
22 56
6 58
12 42
40 99
34 74
61 89
28 86
26 84
10 95
73 84
29 98
4 79
66 97
49 58
3 53
4 25
20 61
36 39
78 98
10 29
26 88
60 91
19 20
28 98
12 47
64 73
75 83
7 41
1 13
2 54
9 92
15 46
61 77
4 88
45 63
23 61
31 86
3 68
64 89
68 88
26 39
19 59
9 97
38 47
26 90
71 86
0 25
2 39
53 75
33 66
70 74
12 20
26 86
85 86
20 95
88 90
35 86
14 15
10 53
87 97
62 99
11 96
38 62
58 59
14 31
3 78
13 43
76 98
5 66
50 99
2 93
57 71
59 84
39 40
3 84
1 54
26 33
15 36
78 81
33 43
52 99
21 83
19 61
3 65
21 97
8 48
69 89
38 42
6 75
7 57
52 67
37 57
51 57
24 84
71 87
35 73
27 86
55 58
81 98
8 55
20 86
72 78
67 89
51 54
42 98
83 90
21 38
1 75
32 71
21 86
16 28
49 76
58 65
2 52
46 51
50 75
17 89
42 84
7 28
11 60
72 93
10 90
37 54
14 57
23 76
34 90
59 63
3 25
22 37
29 64
10 44
27 59
11 16
34 86
71 81
44 48
8 53
5 43
21 27
6 36
9 63
32 39
50 88
31 77
30 41
59 60
68 83
35 38
68 69
6 95
68 74
7 72
35 45
42 43
12 83
32 76
83 91
26 61
55 57
5 29
13 52
74 82
51 83
19 44
18 25
52 64
29 92
39 47
82 83
21 99
60 61
22 60
88 89
31 65
69 76
1 92
13 94
20 55
14 19
68 78
24 79
59 71
77 84
58 84
76 88
13 97
1 94
61 73
7 17
11 41
56 62
1 77
9 60
65 90
46 49
30 72
78 91
49 74
5 15
17 51
26 97
33 97
45 66
35 95
19 30
79 96
40 84
44 70
83 93
3 33
76 84
35 47
11 32
47 73
61 78
39 69
74 85
64 86
35 68
17 25
2 28
38 71
33 42
16 69
28 55
22 87
49 87
40 94
23 66
24 42
9 95
54 59
13 30
45 77
18 65
18 47
37 78
35 97
33 64
58 90
64 91
38 93
67 87
59 94
90 98
68 79
0 98
54 84
57 92
28 89
0 45
26 95
3 50
49 84
77 98
28 85
58 62
47 77
33 86
11 19
10 66
14 73
41 69
11 47
11 89
32 59
6 89
19 35
54 72
26 36
1 4
34 43
42 95
17 99
22 85
14 51
37 88
43 96
52 85
49 82
47 66
67 77
18 23
9 90
21 75
54 96
53 98
24 52
23 48
6 51
36 69
90 93
49 97
19 98
55 69
25 27
42 54
21 48
48 97
80 96
8 34
43 48
43 89
7 22
50 89
62 66
53 63
4 73
28 40
44 83
26 45
10 76
26 77
62 80
6 32
28 36
14 81
0 28
1 85
19 99
34 63
45 88
25 35
58 69
45 51
51 95
63 97
0 64
31 45
25 77
29 54
6 48
53 92
59 91
5 76
1 56
26 94
54 85
49 79
9 13
41 56
38 83
71 78
35 72
28 49
75 95
35 57
44 96
82 90
40 93
63 66
46 79
26 28
50 69
1 12
9 68
32 84
45 54
55 94
2 19
10 27
43 63
7 69
13 40
9 29
41 89
44 58
18 73
53 99
19 34
59 70
37 64
40 61
0 58
54 86
7 13
2 37
23 49
1 91
56 84
59 80
30 85
78 79
59 88
12 50
43 62
16 77
50 80
51 75
25 55
35 91
20 29
84 91
68 70
38 81
3 19
52 53
16 19
23 96
33 80
14 66
40 44
24 83
57 65
20 34
4 83
5 74
53 85
78 90
35 90
28 64
31 34
56 88
79 83
52 78
36 85
40 75
26 64
27 68
30 68
76 78
49 69
53 55
45 90
88 96
39 72
44 67
22 93
22 35
32 51
28 96
54 61
14 96
72 83
3 92
36 51
3 90
28 90
15 17
7 65
8 21
20 47
10 62
19 70
73 92
3 23
93 95
13 18
50 82
25 99
37 47
13 49
20 63
81 94
22 90
45 82
54 71
44 69
9 64
23 57
27 79
52 68
33 71
69 95
15 73
26 40
30 35
0 79
45 55
52 90
55 92
89 90
37 87
57 68
66 90
47 96
76 83
8 96
37 73
49 95
10 12
2 41
2 33
10 68
2 20
6 37
46 60
56 98
1 99
56 64
14 36
5 28
4 98
23 33
20 70
37 80
11 12
47 57
12 66
13 48
53 79
4 53
34 49
11 31
11 35
2 68
27 53
43 51
22 45
59 72
43 97
1 26
51 86
26 72
32 66
53 90
36 63
2 34
11 94
50 54
84 94
47 91
56 60
16 46
65 74
27 69
3 36
33 37
63 96
17 68
41 71
2 82
13 28
70 90
52 95
35 58
47 71
16 34
32 64
4 91
55 63
41 74
5 10
48 93
29 85
27 29
79 91
46 55
87 98
56 87
55 90
38 43
16 84
54 94
34 64
0 20
16 87
22 24
37 51
0 46
20 91
28 71
8 58
34 87
0 81
16 64
61 94
41 66
69 99
0 24
42 80
24 88
8 61
8 26
83 85
16 50
56 66
36 42
4 90
67 88
70 87
36 91
19 73
4 46
60 85
48 78
44 92
19 90
69 93
57 66
63 85
59 78
30 81
45 61
15 40
4 11
18 95
18 38
8 33
22 55
11 88
19 54
26 65
11 77
0 26
21 22
12 69
5 80
27 74
56 95
53 62
63 79
2 89
3 77
11 30
73 99
59 62
36 62
38 40
40 77
47 62
11 72
47 48
32 35
16 38
35 56
56 83
45 64
8 98
1 74
15 58
69 83
78 95
38 79
37 49
20 23
47 76
10 92
42 75
21 71
19 85
31 60
31 42
22 67
63 90
0 42
54 82
7 45
8 17
20 33
17 22
22 30
36 94
26 48
80 92
28 73
48 98
1 7
15 52
72 79
51 52
63 70
51 56
46 54
20 79
18 50
11 20
42 71
23 30
16 22
5 69
54 83
25 45
7 60
41 81
51 67
34 71
23 84
11 53
32 46
23 37
36 52
1 29
47 53
40 67
1 62
61 91
33 47
0 36
15 70
47 70
41 94
10 42
41 77
29 83
49 65
78 96
65 95
23 47
19 39
5 55
21 41
6 59
55 89
13 59
35 71
40 69
17 85
16 71
83 86
43 46
7 97
16 42
5 90
16 94
92 94
10 91
18 76
48 68
39 81
10 48
73 82
50 74
6 18
62 87
28 79
3 57
11 54
53 69
9 98
4 84
64 69
44 81
55 72
51 80
13 41
4 93
29 60
53 96
6 92
19 63
4 48
64 79
2 80
62 84
54 97
44 86
6 20
77 78
25 33
56 93
22 86
35 77
29 68
16 90
14 53
14 38
54 68
41 96
18 81
13 98
66 74
10 64
60 98
19 52
53 86
59 99
24 65
7 55
30 45
54 73
85 94
0 57
25 58
45 76
4 37
19 46
33 76
17 54
64 87
66 85
34 59
0 97
45 96
66 69
17 70
34 76
58 86
5 57
79 95
48 55
28 32
12 73
27 94
31 47
33 96
8 84
43 56
17 39
14 43
16 89
47 58
48 84
34 62
51 63
19 82
49 63
70 78
1 41
61 74
36 73
13 65
25 28
6 35
49 99
22 89
5 73
21 81
34 69
46 75
11 67
19 23
11 82
73 77
6 67
9 79
17 78
60 70
17 31
74 75
85 98
28 29
14 69
92 93
29 78
31 98
19 56
42 51
44 97
45 93
8 70
35 79
41 58
48 90
63 69
0 51
12 82
38 55
41 72
26 38
30 95
25 98
67 85
6 91
1 21
39 68
54 66
68 93
60 65
19 42
12 94
47 84
59 67
40 50
42 68
75 99
33 49
17 32
37 63
63 77
61 64
58 77
6 56
18 67
64 99
29 99
35 66
7 64
73 78
21 52
22 43
58 95
19 51
18 40
8 59
15 25
21 78
80 98
29 51
13 26
58 88
46 83
80 88
5 68
27 73
13 78
54 88
49 86
4 40
27 49
33 50
53 89
39 90
29 45
76 97
1 10
12 22
13 73
60 87
29 61
42 46
10 85
40 87
39 70
34 96
13 42
9 50
3 40
47 54
60 64
30 33
2 44
25 76
49 94
50 93
12 67
40 46
34 39
42 64
69 88
12 74
13 82
17 97
29 35
52 91
17 95
37 62
31 62
11 74
11 76
17 91
44 71
0 52
18 52
19 43
18 70
1 68
5 71
60 77
72 94
62 70
51 76
75 90
77 88
72 99
66 88
74 78
36 78
13 74
31 66
42 58
11 62
61 90
35 80
67 68
31 39
14 61
22 48
47 83
8 29
6 96
4 86
83 87
23 75
26 44
6 73
9 87
46 97
24 27
1 6
61 67
29 97
8 75
15 22
43 78
14 54
60 99
65 79
13 69
62 74
3 89
53 93
12 91
60 76
11 66
5 31
61 79
1 8
32 58
36 81
21 47
9 22
77 80
5 21
5 58
25 74
34 85
16 99
39 60
10 23
3 39
16 18
86 96
43 71
31 57
2 56
41 88
48 92
31 95
31 46
22 95
27 28
13 75
17 42
45 67
13 80
12 27
22 94
10 59
15 57
61 92
19 64
47 59
26 53
38 75
19 65
51 73
9 99
27 90
28 84
34 89
39 94
49 57
3 66
61 76
58 78
6 64
73 87
11 91
28 42
49 90
5 54
22 34
3 8
32 65
47 89
80 97
11 46
15 90
44 79
36 87
25 91
7 61
15 72
66 89
18 19
2 77
3 38
52 75
28 97
81 92
42 82
15 65
18 82
4 38
68 73
27 78
39 65
17 57
28 45
75 94
37 38
27 30
48 86
22 49
49 60
27 60
2 63
33 84
3 51
50 67
29 79
1 40
42 70
18 44
20 27
51 62
39 82
10 93
49 78
23 92
24 29
39 91
35 43
60 89
35 50
17 46
85 87
4 12
38 88
65 87
80 93
10 65
16 54
15 61
13 61
1 78
50 81
40 89
19 78
14 49
0 23
32 62
36 49
16 32
63 91
50 90
36 99
13 39
20 93
80 89
15 31
48 72
12 37
19 66
60 84
14 60
39 45
9 59
13 84
19 77
51 96
41 87
40 60
16 23
4 94
4 28
54 98
53 78
10 83
26 91
2 79
22 80
3 56
14 52
96 97
19 75
48 49
16 82
2 75
48 91
19 80
76 79
23 29
1 25
85 93
43 81
16 68
54 65
54 81
81 86
15 43
14 84
69 78
39 44
15 56
15 23
77 86
34 61
86 95
92 99
15 44
55 83
40 70
33 87
35 78
29 39
0 63
79 90
32 96
32 88
2 29
8 66
16 91
21 46
53 58
6 10
25 69
86 91
33 81
51 97
5 84
26 55
26 87
44 80
39 76
70 85
60 78
