0 1
0 2
2 3
1 4
0 5
5 6
2 7
0 8
2 9
2 10
4 11
1 12
5 13
0 14
6 15
4 16
16 17
17 18
0 19
15 20
0 21
2 22
14 23
3 24
10 25
15 26
25 27
7 28
1 29
7 30
20 31
21 32
32 33
22 34
10 35
3 36
16 37
24 38
34 39
26 40
27 41
37 42
9 43
15 44
25 45
6 46
31 47
29 48
4 49
4 50
5 51
35 52
1 53
35 54
1 55
4 56
28 57
28 58
51 59
27 60
12 61
57 62
15 63
58 64
47 65
32 66
24 67
57 68
33 69
24 70
11 71
20 72
18 73
2 74
0 75
7 76
63 77
39 78
57 79
14 80
66 81
49 82
1 83
33 84
17 85
72 86
72 87
23 88
0 89
59 90
35 91
13 92
36 93
10 94
17 95
85 96
23 97
3 98
82 99
53 100
27 101
56 102
30 103
100 104
96 105
35 106
45 107
54 108
88 109
36 110
24 111
68 112
106 113
19 114
50 115
98 116
63 117
64 118
113 119
83 120
102 121
31 122
7 123
12 124
88 125
49 126
37 127
121 128
34 129
69 130
64 131
62 132
19 133
33 134
112 135
106 136
103 137
58 138
83 139
68 140
122 141
64 142
3 143
77 144
128 145
48 146
118 147
79 148
65 149
16 150
79 151
136 152
56 153
130 154
34 155
1 156
17 157
107 158
7 159
154 160
134 161
57 162
78 163
76 164
39 165
162 166
51 167
74 168
49 169
132 170
60 171
55 172
44 173
99 174
7 175
124 176
155 177
22 178
133 179
135 180
134 181
127 182
83 183
47 184
16 185
32 186
181 187
99 188
19 189
65 190
106 191
1 192
166 193
123 194
107 195
9 196
108 197
164 198
120 199
153 176
171 182
14 56
3 161
151 186
77 186
148 175
9 176
35 126
4 124
122 137
121 179
60 102
45 133
33 151
122 134
132 140
30 178
11 178
94 149
3 172
137 192
85 160
71 103
157 188
51 121
63 145
97 174
0 96
38 169
122 129
6 194
129 174
38 182
165 171
153 162
107 165
81 100
23 145
18 43
27 189
30 196
82 148
114 182
16 161
125 147
7 74
4 176
0 111
6 171
66 123
102 149
74 98
1 27
50 105
119 187
6 81
28 46
99 102
43 72
110 137
92 155
103 125
21 79
74 159
129 181
67 145
26 164
11 143
90 96
19 83
62 65
90 109
133 186
103 110
161 183
45 80
68 85
52 65
86 152
19 113
82 88
168 187
134 141
169 193
48 139
1 105
29 141
35 170
82 197
126 178
83 193
20 121
72 119
38 174
8 73
82 170
20 120
62 188
63 113
22 118
61 173
22 47
13 189
66 92
39 172
169 199
114 140
100 155
69 194
89 117
112 121
3 29
19 33
59 110
126 147
9 90
30 66
99 163
6 84
14 180
90 158
184 190
79 122
75 102
8 102
65 153
0 117
24 130
5 110
21 130
51 74
78 176
23 197
41 167
34 48
47 106
17 199
106 143
21 135
35 109
15 127
81 159
68 168
22 157
80 99
51 188
65 171
66 111
82 94
0 124
38 75
1 50
67 139
39 108
3 31
4 21
102 138
74 158
168 178
30 165
130 172
78 159
92 126
88 160
80 87
31 176
9 162
85 173
97 124
87 198
23 188
31 125
7 35
36 51
35 100
41 121
13 169
86 93
6 23
5 103
171 194
2 176
28 158
30 177
14 155
50 147
23 93
39 138
70 130
9 106
114 126
80 139
36 123
5 165
75 124
27 65
141 163
155 159
63 98
145 196
142 185
68 84
42 118
130 176
15 177
22 194
76 158
117 134
154 169
31 54
101 122
71 99
8 76
48 160
90 128
96 123
15 151
66 191
26 103
18 107
53 87
105 138
40 73
136 142
55 196
18 139
150 175
104 181
8 116
41 104
50 170
87 118
18 111
124 136
57 151
40 123
76 83
3 91
72 129
126 188
43 191
122 167
103 136
46 130
103 188
52 70
145 190
64 164
112 166
29 34
81 149
138 186
153 154
93 186
7 164
50 129
151 173
3 184
14 93
80 147
100 178
50 163
18 151
93 184
72 160
5 147
11 161
37 183
177 187
113 125
28 63
170 183
40 103
41 146
49 58
89 125
14 115
182 183
43 163
160 195
20 103
113 142
110 183
36 39
98 139
14 104
167 170
0 97
158 199
62 74
24 63
89 159
12 199
90 171
115 136
67 192
61 82
168 174
53 138
121 153
22 83
15 59
104 187
114 132
7 24
115 130
70 105
119 133
10 197
68 115
134 190
68 87
138 142
2 38
112 193
35 162
41 56
44 158
74 84
53 155
2 118
84 178
132 176
35 82
151 156
127 147
11 146
158 196
37 43
107 199
80 96
0 183
91 162
6 127
37 193
150 194
28 185
51 159
33 47
31 49
57 185
79 168
40 67
64 159
65 81
70 183
78 167
1 104
48 91
59 126
82 161
56 132
75 78
17 83
83 102
68 146
45 94
145 165
14 84
96 109
1 21
7 10
159 185
15 47
166 168
18 118
100 153
34 145
6 119
32 126
90 105
8 119
72 103
20 139
11 44
132 159
39 85
17 111
42 77
52 105
107 184
32 143
3 37
146 153
38 146
35 136
80 137
67 136
3 153
29 140
183 191
12 69
58 75
7 166
65 97
128 166
7 86
23 141
63 190
120 138
151 187
98 177
77 118
44 191
49 125
76 108
80 133
22 93
118 184
34 96
154 199
17 192
10 69
113 197
104 110
86 193
5 44
0 198
31 139
77 122
47 56
4 61
87 149
39 185
18 90
39 59
110 119
19 175
114 174
131 135
79 167
28 104
83 130
115 160
122 189
133 176
5 156
13 52
19 66
59 148
9 26
95 146
3 70
114 137
79 145
18 131
113 163
103 120
31 142
158 169
8 98
21 66
137 188
173 199
116 119
2 192
37 60
157 194
88 168
188 192
102 108
53 73
170 172
89 196
6 99
38 115
78 170
124 152
79 102
35 169
30 85
79 128
101 106
95 192
22 163
90 112
128 196
47 120
107 161
77 163
76 145
62 103
11 164
81 110
126 151
90 187
12 89
4 113
20 73
25 197
117 185
44 174
108 173
2 91
28 112
7 100
65 83
86 177
5 27
77 111
123 148
32 39
93 176
11 51
24 198
44 110
173 193
1 22
49 110
110 186
77 199
13 77
5 139
42 192
9 158
13 96
18 112
34 106
33 174
76 160
143 165
63 124
142 183
47 180
85 193
17 135
80 111
43 48
55 132
4 54
87 117
92 135
56 98
95 157
74 152
15 130
111 132
7 150
10 135
94 155
46 136
90 174
116 136
75 169
41 123
72 165
7 88
108 159
19 65
35 167
143 178
37 142
70 135
77 154
14 125
47 89
18 142
28 164
91 95
162 181
133 188
84 100
131 167
1 87
59 172
75 126
47 166
53 125
179 194
43 119
10 111
13 89
10 62
34 120
88 151
47 174
146 189
10 142
72 191
83 98
4 60
14 166
9 189
81 170
19 151
41 196
74 79
62 158
41 183
138 189
151 183
59 100
62 114
20 192
20 36
63 153
4 112
35 94
107 166
52 163
74 77
152 186
75 88
126 164
87 103
54 93
97 108
103 198
10 88
45 168
21 161
5 120
61 97
80 149
83 135
10 156
97 195
55 98
6 184
187 188
18 179
12 101
19 173
40 52
40 116
24 195
125 150
54 156
103 147
34 138
49 176
67 197
70 99
8 101
25 199
18 165
142 170
45 169
154 163
2 72
140 163
137 143
43 169
4 87
19 63
61 190
125 194
63 108
177 196
24 182
8 178
70 86
82 106
154 189
18 100
69 143
23 198
70 93
17 163
112 182
7 48
91 159
133 178
59 115
0 86
36 68
40 98
29 45
7 163
7 147
169 174
25 34
21 105
88 123
9 173
32 131
14 154
4 156
34 178
26 41
53 116
117 159
43 83
63 70
41 75
49 164
10 52
28 42
19 79
16 29
72 96
60 187
81 136
186 198
46 104
113 164
66 73
43 93
125 185
92 144
91 187
37 131
182 194
109 126
87 126
50 165
7 182
24 32
171 195
50 131
50 133
16 90
3 127
158 187
7 25
95 177
65 131
12 110
20 46
94 199
8 96
9 194
91 103
0 148
65 92
78 169
68 176
61 196
25 38
79 108
119 135
104 148
27 161
161 178
172 177
12 91
11 199
171 198
129 139
128 154
169 179
80 109
31 53
102 171
0 10
24 146
1 166
134 155
51 177
47 123
74 149
15 25
111 128
70 189
3 166
14 187
104 195
145 175
5 54
49 127
148 189
48 85
4 130
2 151
3 35
36 94
14 189
139 198
63 142
115 118
98 165
10 102
147 157
32 35
58 83
94 184
39 133
85 159
52 143
51 191
107 141
57 73
64 82
136 170
142 188
9 147
137 141
12 141
0 52
23 125
125 191
150 170
9 66
77 126
125 141
131 140
7 93
2 25
49 94
94 124
68 77
13 65
56 151
4 5
165 194
84 164
74 171
20 143
58 109
9 92
136 161
42 152
39 68
25 43
16 187
133 173
39 178
16 89
157 164
9 125
79 139
23 95
117 172
9 62
34 77
55 116
5 127
120 150
36 171
40 109
141 193
60 105
111 135
111 137
40 48
84 177
25 159
56 103
1 75
148 193
110 141
16 22
37 91
44 51
18 92
72 188
113 161
62 153
136 145
11 93
88 134
123 134
49 161
79 93
50 99
118 176
25 178
9 111
91 140
64 66
38 176
30 40
15 76
87 119
42 159
167 193
14 65
97 166
92 134
22 174
155 158
32 169
55 143
47 161
19 166
78 110
83 165
34 168
82 91
22 170
36 95
36 139
48 184
16 176
67 83
104 175
46 174
58 147
29 43
170 182
117 161
2 95
15 180
36 103
35 62
71 93
67 161
143 175
23 98
126 195
55 169
52 194
147 190
89 127
47 126
108 166
115 170
30 74
21 58
35 143
22 110
63 139
119 179
11 144
130 178
140 157
67 74
143 187
62 146
20 81
117 164
72 102
50 70
45 66
119 143
183 197
22 42
23 78
175 182
33 182
93 116
8 185
110 195
185 197
161 163
0 179
87 153
144 165
149 182
51 131
32 149
67 134
62 133
138 145
98 180
174 193
55 139
97 190
107 181
41 173
75 149
116 199
49 83
61 96
65 196
47 137
53 139
5 130
189 190
3 163
110 135
62 110
37 132
53 165
15 77
15 52
132 133
7 145
5 167
5 38
109 156
41 144
39 176
58 76
111 165
59 101
118 144
96 101
9 131
105 177
108 181
101 102
107 136
64 175
52 102
8 52
136 191
15 24
58 61
140 145
7 97
55 192
43 151
155 164
5 133
60 112
3 11
55 148
125 145
83 87
40 62
7 176
138 147
33 76
10 37
1 42
70 149
75 140
36 92
27 33
111 160
41 68
31 130
178 199
149 160
141 185
7 152
98 185
57 133
39 184
117 196
70 142
11 36
102 142
19 140
148 177
38 103
27 121
38 59
65 111
113 150
52 99
19 160
31 153
131 152
93 153
157 176
60 154
25 188
8 164
28 101
32 76
5 8
36 178
78 154
128 177
39 66
90 108
35 185
119 191
83 113
19 76
5 137
58 78
95 174
55 74
41 145
19 96
59 196
173 176
57 149
63 188
52 172
46 138
22 94
81 194
46 60
101 181
32 187
126 183
32 193
11 137
10 13
13 125
91 157
103 191
151 160
117 169
11 136
12 168
70 155
2 141
59 159
47 107
52 94
105 144
133 153
91 152
92 149
0 77
111 147
93 156
37 49
6 153
100 110
2 155
2 86
35 42
35 107
2 49
152 157
130 149
119 127
12 181
141 159
124 185
62 119
38 62
4 65
10 70
112 175
36 134
116 188
19 57
65 169
126 157
5 151
104 119
0 170
135 139
156 198
115 124
139 166
36 38
5 107
106 192
82 100
23 106
57 63
81 117
164 175
44 106
87 199
72 198
67 142
85 161
52 184
12 70
43 69
74 187
27 171
55 145
27 37
92 124
67 89
24 59
97 134
82 84
85 134
133 196
70 79
125 195
57 139
104 165
150 174
38 199
49 77
38 136
178 188
129 170
44 82
14 85
82 176
64 134
39 64
61 156
10 58
1 195
71 78
42 162
11 109
33 106
59 67
61 65
65 188
15 56
38 41
83 110
107 151
57 138
54 88
67 149
71 180
33 59
50 162
57 167
54 95
38 152
73 77
97 129
170 197
1 65
11 112
91 147
148 197
47 101
0 71
76 187
53 118
45 140
146 194
49 84
8 172
17 108
113 171
1 57
149 159
45 121
27 106
89 116
30 56
26 85
75 194
10 180
47 132
56 145
80 144
85 172
46 128
133 164
32 199
39 41
81 93
91 198
112 179
63 183
120 152
18 102
40 57
31 141
66 161
109 193
127 140
71 171
133 134
140 150
66 163
39 103
8 139
75 90
123 139
38 79
9 103
62 92
154 164
27 58
85 148
124 190
176 179
44 178
4 45
59 185
75 104
86 186
68 180
25 143
53 143
120 148
54 85
145 183
40 85
0 188
25 72
31 40
31 91
35 79
152 173
37 194
98 108
107 172
39 51
24 100
97 152
5 71
32 192
55 102
18 56
106 116
52 188
14 193
123 184
149 166
20 60
76 125
181 195
111 180
17 107
159 177
109 117
43 76
76 151
92 105
110 165
37 100
62 77
20 48
87 106
49 153
73 132
62 86
185 198
85 153
62 73
105 167
40 144
82 110
18 169
83 180
176 185
3 71
119 124
105 143
4 59
8 179
152 189
34 94
109 153
49 64
49 119
29 166
13 106
23 31
108 179
134 171
11 88
155 169
103 164
33 77
37 68
78 144
22 119
88 169
18 164
150 169
93 155
41 53
147 158
188 195
59 81
12 54
33 165
64 150
66 183
106 114
122 158
71 85
3 56
8 70
20 114
42 164
69 133
172 193
13 111
129 154
100 191
103 197
29 188
11 189
7 23
12 127
69 193
32 133
84 108
56 169
51 152
62 118
83 160
104 193
76 93
54 151
39 100
33 191
10 140
17 48
28 48
58 108
27 68
127 162
188 191
16 50
124 198
37 73
114 150
122 143
109 148
62 194
136 155
93 168
48 51
14 95
40 158
119 163
68 119
52 68
124 125
44 171
0 66
133 190
20 166
46 102
131 144
114 186
74 182
53 67
145 169
10 87
80 198
118 197
67 103
128 188
121 174
1 77
24 126
38 116
38 179
141 169
128 152
93 196
11 12
115 152
60 144
50 137
2 71
120 193
119 149
35 48
45 184
167 177
9 181
39 183
76 148
1 61
125 161
26 156
64 96
93 106
40 58
27 190
102 156
57 119
92 143
114 179
122 177
11 187
20 47
58 102
34 97
0 194
59 194
78 121
33 103
122 182
48 125
64 194
79 189
25 79
167 186
152 187
90 102
75 94
77 81
100 101
15 57
58 144
78 186
8 36
51 130
1 126
0 105
164 177
69 101
46 178
58 158
2 92
122 164
24 101
47 93
167 188
140 169
33 42
21 156
70 123
99 172
141 181
15 66
95 185
140 156
87 90
43 138
64 196
2 56
57 191
33 173
81 166
73 136
55 167
180 192
164 167
10 181
93 136
143 189
47 183
145 149
104 170
111 124
101 134
18 125
143 148
36 190
27 116
103 121
89 92
12 198
64 102
24 90
115 139
95 129
172 197
2 57
52 180
41 58
16 73
59 174
64 97
23 33
163 194
10 114
32 159
47 118
55 115
4 111
168 183
162 179
90 157
99 153
23 117
2 134
22 121
76 138
7 9
14 128
40 195
33 53
20 140
147 196
18 156
3 66
27 91
0 197
58 126
114 133
71 191
6 162
88 180
119 155
96 158
115 131
48 163
100 136
57 76
10 169
15 122
41 113
80 186
125 158
3 121
37 109
87 183
67 118
34 132
56 117
50 106
112 129
37 54
20 84
163 172
65 197
156 184
103 184
93 113
32 142
49 103
76 162
35 116
61 127
83 94
18 133
88 115
69 90
83 191
23 90
24 31
34 111
182 199
23 134
66 173
124 195
85 97
172 196
20 182
70 88
92 93
66 128
43 149
69 86
75 129
135 182
37 135
33 48
49 135
74 150
30 42
11 98
178 189
24 89
78 165
28 75
80 106
42 78
72 122
29 55
25 154
169 173
106 155
48 133
107 128
36 164
8 128
9 191
172 183
78 171
8 121
5 30
57 199
63 122
7 173
34 89
83 132
99 125
54 197
99 161
54 86
72 131
33 92
38 101
23 185
7 196
38 82
100 137
120 181
86 161
67 187
94 129
102 198
70 108
20 90
75 76
31 37
65 107
73 131
25 87
23 47
45 103
2 112
21 169
89 109
36 177
171 188
46 65
46 185
16 173
5 84
16 65
18 21
27 140
59 177
48 157
113 157
26 139
47 87
48 128
44 53
3 177
2 34
71 101
122 193
1 193
63 107
16 25
32 119
162 176
28 76
71 84
104 124
188 196
7 160
95 110
34 72
93 138
45 174
39 58
94 114
62 155
22 138
127 180
52 170
30 158
48 199
109 120
82 196
34 190
69 129
113 114
28 31
60 76
16 80
47 114
45 81
26 167
100 141
32 38
64 192
51 164
69 180
12 93
128 173
150 164
16 175
42 187
37 47
179 188
36 71
16 127
33 70
9 146
4 136
28 169
6 167
8 68
95 136
41 180
57 97
32 83
174 191
42 163
18 99
24 135
145 148
0 62
112 117
23 175
39 60
119 195
97 177
169 197
64 73
78 83
96 114
177 194
8 111
38 186
8 150
6 139
49 118
139 143
45 113
35 61
168 197
94 115
49 71
6 187
60 65
65 174
77 178
94 107
38 49
182 193
73 116
99 194
3 160
105 186
171 177
101 114
42 91
11 132
128 189
103 154
67 154
17 102
142 180
129 141
37 92
156 186
96 132
134 138
47 100
96 147
142 172
22 43
40 96
50 127
34 154
45 137
7 198
44 112
143 149
89 112
38 110
162 168
91 166
84 92
122 170
78 93
33 60
1 8
176 190
54 185
94 100
27 59
82 160
30 115
21 43
23 49
149 199
75 158
62 171
101 164
36 57
19 103
175 190
15 107
7 43
14 75
121 189
176 183
41 47
107 163
23 76
95 101
48 74
45 165
13 76
92 139
77 143
73 85
3 129
23 36
109 196
101 133
75 148
23 181
73 182
2 8
151 185
40 153
59 170
56 164
63 186
130 169
80 162
21 83
124 155
79 171
62 122
31 110
9 79
1 157
12 143
158 168
184 194
42 129
146 196
115 187
35 171
22 165
185 190
164 186
175 183
3 93
112 130
121 176
42 193
140 151
27 130
43 101
91 127
17 68
157 161
13 113
62 186
87 162
181 184
190 198
56 140
83 167
17 195
1 68
62 102
141 142
129 180
22 122
11 20
28 180
51 83
44 98
46 74
56 159
83 198
101 123
72 173
118 142
92 163
111 196
36 159
76 186
20 98
2 33
41 105
68 70
22 73
29 80
162 198
78 179
51 91
35 92
31 196
17 44
7 59
106 142
47 88
78 156
109 121
134 173
24 91
105 165
17 81
20 23
20 70
56 118
136 156
86 154
5 153
96 155
89 135
6 72
70 196
112 173
128 135
25 56
95 184
169 192
7 161
0 102
73 188
50 86
43 66
38 138
20 173
146 180
32 166
34 56
57 159
147 152
59 63
51 143
64 149
109 130
124 159
1 109
61 108
126 171
106 109
136 148
160 190
25 122
42 95
157 159
78 197
152 156
37 81
52 100
7 140
118 151
7 111
82 129
64 122
55 190
72 196
38 97
122 180
1 197
20 169
92 108
45 47
45 98
72 168
46 172
45 189
19 77
62 174
156 173
90 129
15 17
51 100
154 155
17 132
25 123
24 188
65 91
23 164
69 171
27 123
90 110
130 148
10 47
79 149
62 124
70 74
9 31
110 132
76 77
41 133
12 67
101 126
105 142
116 190
139 190
24 136
37 67
26 129
73 158
2 164
6 150
21 82
39 106
8 158
77 129
69 172
4 71
87 138
107 126
46 48
33 159
71 116
71 167
11 61
70 96
45 93
47 158
11 91
67 132
38 67
21 30
15 141
91 163
48 71
63 144
21 191
24 162
54 162
82 178
91 124
36 173
87 167
46 156
30 62
98 122
66 71
109 152
27 80
121 164
123 169
18 168
69 164
125 180
17 67
15 138
139 162
102 159
63 66
86 163
2 80
74 107
88 192
15 150
20 198
32 191
62 190
12 32
16 108
23 35
47 61
102 104
32 49
11 75
166 191
119 154
86 94
27 42
137 182
157 173
125 179
76 146
104 137
101 146
29 127
38 142
135 149
10 119
12 129
3 165
3 39
97 154
73 75
90 173
100 173
54 74
125 146
113 145
32 158
86 174
3 38
11 180
60 61
67 108
140 160
32 196
112 170
124 135
26 170
106 177
23 111
17 82
197 199
63 176
84 130
89 152
49 133
10 57
35 72
11 94
15 131
113 168
22 134
102 164
118 145
0 118
99 182
4 171
65 164
179 189
152 158
52 81
0 45
25 121
50 61
81 147
41 61
144 191
108 131
39 109
86 98
5 143
111 177
59 125
39 118
115 195
55 197
65 151
30 161
31 63
6 87
37 48
1 113
92 147
8 134
15 124
10 54
5 128
35 152
77 198
61 193
90 143
9 174
116 155
145 193
67 150
81 113
30 181
87 95
109 142
32 105
11 45
45 50
60 118
72 128
57 161
82 113
30 59
129 187
169 172
1 134
43 118
86 158
79 99
8 105
109 119
24 77
109 134
52 146
144 161
51 125
6 178
44 58
125 193
66 86
23 169
39 154
134 154
37 95
64 145
51 89
100 142
35 63
24 160
6 158
64 165
24 150
2 138
144 156
118 126
37 159
55 129
95 179
60 192
90 197
102 127
34 109
25 110
32 91
34 54
6 70
115 190
27 39
29 191
75 154
89 174
80 127
21 123
164 196
87 148
124 129
80 117
2 31
131 197
89 136
99 147
78 145
159 161
42 104
67 141
5 152
51 156
43 140
23 191
97 167
103 173
89 108
92 199
104 168
11 111
35 194
120 162
85 135
30 195
40 137
135 198
94 128
38 78
108 160
82 168
103 145
84 122
177 191
90 148
129 172
41 110
116 128
57 177
89 126
67 188
128 161
90 141
45 112
137 150
41 131
98 127
113 158
135 188
95 114
105 141
65 86
2 44
164 168
46 50
95 100
21 38
11 197
57 170
14 146
43 186
15 119
111 115
24 161
19 191
61 130
12 172
91 150
8 51
32 137
118 155
145 180
152 170
94 105
22 139
15 94
131 168
125 163
67 186
26 77
144 159
99 132
18 161
143 146
13 160
7 45
5 67
47 151
40 190
141 184
90 151
89 148
40 120
59 188
3 41
56 177
85 115
12 21
21 91
20 52
19 172
35 90
101 156
9 150
30 78
116 180
48 49
136 162
139 171
44 148
17 178
62 66
112 181
152 182
13 30
38 160
3 118
14 69
4 9
72 161
145 199
70 100
98 103
44 85
65 76
22 23
22 59
14 165
4 127
14 58
102 145
62 160
133 151
19 126
16 174
93 160
138 156
8 21
53 77
24 107
64 191
87 151
95 148
33 152
14 132
99 199
40 91
127 158
4 183
16 46
51 141
116 151
24 192
138 179
74 122
8 61
2 62
63 111
67 87
87 171
108 171
196 198
9 184
26 155
128 150
87 102
34 71
39 180
105 193
131 142
17 52
20 153
136 185
118 174
42 172
31 92
6 60
11 196
172 189
83 90
7 73
55 108
71 163
143 179
23 148
43 87
47 167
18 132
127 187
17 180
54 145
61 71
155 167
114 164
27 47
95 124
28 130
75 119
55 156
67 121
107 191
82 140
13 191
160 196
29 128
13 54
146 175
51 122
43 105
56 90
41 159
60 78
81 86
129 188
105 118
86 111
27 183
131 179
24 103
134 137
6 56
76 191
59 83
76 95
65 89
96 172
59 117
51 111
30 132
102 133
73 193
47 97
23 65
21 63
52 171
20 68
80 141
71 89
30 169
89 164
104 184
162 171
113 159
129 190
101 129
85 174
3 68
57 146
125 130
71 187
98 167
93 148
47 102
47 115
36 113
93 112
56 136
39 186
154 172
146 156
74 175
38 122
90 98
45 125
62 184
146 169
14 46
10 24
71 82
16 109
83 84
52 154
125 199
27 74
2 181
54 113
103 124
67 166
50 180
3 59
15 159
62 97
139 184
47 186
44 60
48 65
88 157
42 181
57 67
66 143
12 100
5 25
78 173
20 161
40 51
107 131
23 132
33 156
150 182
46 168
14 123
88 181
71 95
91 178
51 146
138 181
47 173
34 42
101 187
152 195
9 135
158 175
73 124
8 42
50 156
26 42
137 155
103 135
87 194
53 173
45 154
100 105
102 191
75 186
4 25
11 53
80 120
7 78
128 163
39 107
57 152
72 124
15 104
5 178
52 157
129 134
31 64
88 104
26 126
52 177
52 135
55 199
115 123
126 177
79 162
69 142
174 186
173 182
171 196
22 31
2 140
61 126
115 172
153 196
46 90
29 161
101 155
134 158
54 71
12 118
97 141
132 190
51 94
22 159
3 48
129 144
158 198
29 31
122 192
108 170
2 59
143 147
124 179
61 117
30 146
53 184
114 136
35 71
9 60
13 56
134 180
113 121
66 196
76 99
91 119
52 134
121 183
114 116
13 37
46 154
13 95
21 88
135 169
34 57
26 31
14 43
164 170
4 88
38 52
52 118
0 153
23 55
21 87
9 25
59 130
18 113
22 104
111 156
100 167
106 131
100 195
18 52
6 124
58 182
47 81
24 41
73 171
10 146
150 153
17 20
29 154
168 190
84 153
154 198
82 132
103 132
86 104
58 148
6 181
26 45
7 71
99 152
138 149
95 127
60 148
33 164
26 127
19 120
27 179
189 193
9 197
102 107
39 197
88 102
57 65
68 167
132 193
51 70
89 111
23 156
38 198
102 178
9 192
34 76
16 43
51 157
84 156
5 76
58 159
28 167
146 192
99 193
64 113
30 80
82 93
103 169
64 72
73 89
97 182
161 173
86 145
87 100
146 168
55 188
33 186
14 28
4 95
23 86
20 189
32 110
96 160
60 116
9 169
63 119
132 174
57 198
14 81
18 79
33 97
72 166
90 166
6 138
26 66
85 175
52 178
24 186
128 183
23 154
104 164
29 164
88 178
91 155
88 171
13 57
8 43
43 68
92 98
93 117
123 176
143 152
76 142
46 177
127 171
135 155
153 165
60 88
139 194
7 13
76 103
82 167
136 164
23 159
17 90
76 181
5 118
56 175
65 195
109 167
83 91
48 76
125 190
85 116
8 28
140 193
99 150
73 144
4 119
101 112
10 67
12 154
10 120
113 172
114 175
98 135
12 109
41 118
137 198
85 133
109 143
1 80
45 71
79 88
123 157
122 150
67 97
55 198
4 41
3 144
99 181
78 187
69 149
3 8
107 114
50 112
121 135
87 125
65 137
81 115
74 119
138 184
21 129
68 165
40 191
47 77
92 146
0 181
13 195
26 182
14 72
64 144
138 162
192 199
53 113
64 110
113 167
36 132
44 142
36 157
0 28
166 172
71 199
36 112
76 109
13 27
146 183
61 102
23 118
116 158
31 66
126 160
102 111
3 174
115 164
80 156
27 137
36 145
124 197
83 195
43 104
3 7
119 120
21 57
18 78
53 177
11 40
83 190
18 70
167 171
126 130
59 165
29 97
40 99
53 130
42 130
47 124
88 111
75 141
127 174
84 106
38 121
1 155
131 192
60 91
119 169
21 177
53 79
65 192
0 74
74 157
0 154
31 77
123 144
70 169
35 123
30 123
53 154
76 153
36 168
5 79
143 161
129 160
27 51
101 165
16 195
31 155
48 101
0 129
28 74
48 121
123 133
107 164
109 175
138 177
36 176
59 140
41 137
17 190
32 92
40 111
75 82
118 163
148 166
7 84
107 185
34 104
14 102
10 55
39 67
89 147
28 68
168 193
34 182
20 119
54 173
99 124
141 145
76 183
151 166
37 69
53 111
119 141
70 82
13 121
83 153
91 176
29 115
67 73
43 181
54 114
1 175
53 189
124 153
71 76
82 95
124 191
53 78
2 195
109 166
79 81
77 175
134 135
17 126
145 188
89 129
150 196
43 154
49 69
62 167
142 162
14 107
49 128
27 176
46 54
114 139
22 99
152 172
1 144
59 182
2 121
91 199
127 141
69 152
12 51
1 64
24 52
26 192
31 51
41 49
65 128
51 123
9 119
27 120
126 133
79 153
25 133
117 168
62 185
34 153
118 154
153 199
42 64
41 188
29 187
106 115
55 95
128 162
95 135
54 181
93 161
10 171
43 44
22 98
48 89
95 195
84 195
21 106
0 7
127 157
153 161
60 197
83 100
48 53
91 122
8 143
33 71
68 185
139 172
114 143
9 37
32 128
52 149
61 91
6 123
164 166
113 165
100 156
39 189
96 168
56 60
24 35
177 195
128 171
32 148
55 170
92 113
116 171
79 179
80 150
8 127
15 38
20 56
115 169
9 17
99 169
25 145
13 176
62 112
21 28
83 126
151 195
68 75
53 56
29 195
6 134
134 172
8 199
0 33
45 167
77 91
106 153
120 196
12 186
9 123
79 126
42 178
144 148
27 151
62 72
186 194
149 176
71 172
112 114
105 194
13 134
10 76
71 118
48 150
26 102
37 152
173 185
56 127
117 166
17 185
156 179
148 182
60 169
75 147
24 61
65 102
70 147
66 180
20 109
136 183
28 190
73 82
28 128
20 102
115 156
29 168
104 149
55 154
39 84
48 131
123 188
15 175
72 78
112 164
71 136
35 67
73 142
0 61
39 121
143 196
47 69
91 130
10 78
117 152
44 116
86 192
5 18
76 134
126 138
88 94
132 180
68 166
28 87
128 143
0 87
28 139
65 73
4 132
28 170
82 174
49 91
66 103
88 156
12 144
6 192
113 139
59 105
98 190
42 52
135 156
25 97
90 139
72 164
60 166
84 138
26 35
67 163
104 126
3 88
34 45
119 194
9 51
8 177
47 159
82 139
82 118
49 70
17 75
130 147
13 159
6 115
96 134
15 168
102 196
127 172
9 39
15 154
19 185
101 160
115 138
146 165
80 83
2 16
39 166
104 141
155 180
14 44
10 109
29 162
37 45
106 126
0 152
61 141
3 90
6 154
25 86
66 87
49 185
34 142
27 34
97 165
3 175
167 199
66 188
133 163
50 103
148 151
89 100
29 116
136 196
111 199
110 128
43 152
13 115
105 109
160 175
5 81
49 173
50 198
86 96
37 153
168 182
138 193
134 199
172 185
137 189
73 84
155 191
31 166
96 181
79 140
14 34
70 185
6 67
147 168
43 173
102 115
23 177
51 107
124 199
78 175
85 162
138 146
23 114
73 95
39 69
58 132
72 84
73 105
28 173
108 151
168 191
159 178
79 124
82 166
35 51
40 83
21 64
51 158
22 167
53 188
174 180
108 130
149 154
87 131
76 81
75 107
145 159
75 87
21 44
41 154
0 17
97 132
126 145
61 182
72 170
35 134
93 134
37 150
137 161
1 149
73 168
121 140
41 119
24 174
24 50
116 122
97 144
134 186
106 148
175 179
31 84
72 141
116 195
97 163
4 12
28 189
58 103
6 97
48 183
82 173
116 177
51 129
116 167
6 30
51 99
109 138
65 147
59 61
115 191
38 137
57 183
2 28
114 167
23 155
111 152
17 27
35 87
68 71
132 160
184 198
3 64
159 172
2 97
175 188
99 109
55 171
39 150
49 105
43 100
47 164
62 187
3 5
57 153
138 154
56 115
106 183
144 169
4 14
175 177
83 119
8 95
133 174
21 143
36 73
108 198
131 173
51 76
16 172
171 189
91 184
112 185
73 118
85 92
80 161
72 183
7 92
10 137
15 182
3 50
28 141
77 158
82 191
4 178
56 176
32 47
22 33
132 152
98 147
77 188
135 138
124 150
72 137
57 90
141 176
45 65
114 118
44 134
101 118
57 122
62 85
67 71
159 186
138 155
156 157
36 147
68 110
64 89
0 189
82 152
23 80
19 54
20 65
81 195
7 128
59 96
12 155
109 149
54 73
0 134
11 169
14 105
142 168
125 148
9 68
8 15
3 40
81 127
75 139
23 68
31 174
77 87
13 151
35 65
45 108
134 169
30 175
92 96
50 152
103 158
116 150
80 126
12 19
6 95
14 121
42 153
44 198
77 177
157 193
13 117
110 185
27 53
25 66
50 150
75 199
47 198
170 189
37 83
69 156
49 141
72 193
1 153
0 59
69 126
123 137
31 128
11 14
68 135
135 191
108 156
100 127
3 45
93 191
64 186
85 198
133 171
139 147
46 190
192 195
0 67
103 182
16 138
42 59
88 197
110 149
14 87
31 73
42 109
72 91
192 196
91 106
28 97
115 122
17 71
74 169
111 192
36 142
2 173
21 103
121 163
2 83
75 106
123 140
160 162
16 146
34 122
54 112
91 151
49 148
24 47
36 158
27 118
71 83
65 194
108 187
2 115
54 58
124 193
58 134
3 169
15 169
47 79
4 140
145 153
117 183
126 167
86 100
32 52
113 126
63 95
3 15
64 95
92 172
154 168
16 136
87 141
113 134
62 140
67 80
0 46
109 133
68 94
36 60
97 142
72 180
3 78
165 195
2 144
42 131
38 111
44 141
135 166
8 170
42 184
89 102
7 167
92 117
93 96
134 165
100 145
9 33
66 124
80 165
119 196
112 160
105 161
55 87
109 168
82 172
104 120
44 155
79 82
174 187
109 129
69 150
101 150
79 188
172 178
15 93
51 115
98 138
3 89
98 142
30 53
35 154
36 180
25 63
105 114
75 120
23 195
2 39
118 134
5 53
15 125
41 177
84 98
29 122
32 113
46 158
103 167
87 134
29 51
119 125
46 96
87 139
44 129
36 47
97 109
60 137
154 193
112 123
38 85
56 150
12 108
105 130
76 157
1 81
2 60
141 147
58 192
96 115
98 102
119 131
139 193
44 101
24 147
154 176
112 118
25 41
171 191
51 57
29 63
62 93
41 134
19 187
47 154
57 144
39 92
84 154
156 199
68 113
39 86
52 62
122 146
126 154
97 178
0 81
30 135
96 196
82 109
191 196
35 60
30 57
99 168
22 158
61 93
90 104
124 154
107 117
94 170
137 142
68 179
83 145
141 170
12 23
6 169
63 189
34 180
40 64
93 121
83 173
52 131
145 182
29 172
145 151
130 196
53 108
72 116
100 117
36 154
4 75
40 55
74 189
73 110
125 134
55 93
52 54
28 103
39 93
1 183
84 151
16 179
103 130
43 82
73 138
81 90
17 105
54 135
69 132
71 141
92 112
29 134
30 49
12 174
75 79
94 103
94 159
8 86
32 174
15 39
6 199
36 58
14 66
6 180
76 150
45 75
5 26
142 195
7 89
12 48
28 168
77 160
20 91
104 198
141 195
96 108
42 185
89 195
78 147
60 121
21 49
60 178
35 165
50 171
150 151
90 94
35 66
30 104
161 188
59 190
18 174
11 172
30 76
44 138
105 187
120 133
4 166
57 77
113 146
143 167
77 190
86 190
39 182
30 164
155 176
16 102
159 165
99 112
79 180
18 34
32 177
117 146
11 183
72 80
23 166
61 104
26 131
95 156
137 178
151 181
82 185
13 104
1 72
65 96
108 155
118 193
43 71
67 116
6 197
172 184
108 161
130 198
9 193
62 87
134 159
0 136
32 134
94 147
39 132
133 146
41 114
136 195
17 186
60 167
101 144
1 98
9 28
102 157
36 140
71 195
64 130
67 79
64 106
78 100
43 52
11 145
96 129
56 182
149 167
9 177
79 132
103 108
10 167
61 172
100 114
79 161
3 156
124 139
98 175
21 173
23 79
65 158
96 171
16 69
52 75
77 95
71 98
170 194
153 163
40 122
94 108
58 131
1 97
12 56
72 92
135 195
93 159
17 166
0 196
140 195
38 153
64 90
29 133
41 89
90 188
68 74
63 123
66 100
46 67
38 96
18 31
30 154
52 156
28 140
50 76
52 96
62 149
80 143
58 77
10 46
60 149
86 198
46 165
46 153
2 61
109 199
91 96
88 146
2 78
42 179
56 106
130 132
71 174
23 139
17 155
80 153
54 79
99 122
45 78
85 195
12 190
2 88
14 106
35 150
128 158
106 107
163 168
13 68
98 121
18 95
41 156
84 125
19 193
67 135
17 162
65 157
45 135
6 175
33 96
118 152
35 163
90 125
23 192
114 184
5 198
4 174
37 144
1 16
81 155
132 191
60 104
39 95
180 191
126 168
22 132
23 115
13 34
115 154
10 176
70 139
51 169
7 56
16 104
114 128
55 150
108 128
72 153
54 152
96 159
8 47
33 185
90 93
14 49
7 127
32 156
3 109
32 69
108 178
52 113
82 114
34 148
98 124
59 171
148 187
54 174
139 180
154 156
16 170
40 132
40 78
135 142
81 107
19 93
0 135
71 190
44 73
13 32
110 171
59 192
31 132
19 169
58 164
16 71
119 161
129 142
104 163
28 120
133 181
55 181
68 117
63 171
38 51
6 80
51 199
18 177
39 71
3 100
9 82
42 62
11 192
76 128
25 53
8 99
98 159
46 121
41 51
79 95
40 182
33 81
34 124
109 197
11 115
135 140
34 121
115 174
49 147
58 162
159 181
27 112
54 92
133 159
81 151
47 156
42 188
56 180
136 199
1 23
60 162
59 144
28 77
77 145
55 67
10 172
21 147
58 65
38 98
45 198
0 37
1 45
124 151
76 135
6 12
29 89
7 46
85 130
86 176
138 199
62 130
57 125
42 191
6 135
110 117
89 140
142 144
32 154
144 166
27 157
176 191
81 143
82 143
45 87
27 75
132 199
53 142
93 193
17 62
16 120
180 187
49 79
55 144
84 140
127 129
49 175
26 53
31 114
127 183
39 155
104 140
126 161
33 110
46 51
134 163
73 127
37 139
45 150
141 179
160 168
23 52
41 63
77 136
98 109
22 74
28 95
133 158
121 146
116 120
70 78
22 128
109 132
52 166
50 83
143 180
16 76
64 108
62 179
108 184
92 138
24 193
5 155
78 195
8 22
3 97
160 197
134 177
81 124
2 73
95 126
19 97
178 198
158 190
8 80
44 63
7 39
99 100
112 141
100 102
32 183
114 191
35 97
39 179
125 171
54 150
173 187
46 95
70 119
2 76
30 46
114 185
16 84
91 169
50 79
120 157
146 155
106 125
94 162
22 92
59 184
86 178
16 147
45 152
126 184
61 121
40 121
141 182
58 120
125 149
29 71
9 54
121 186
1 59
53 160
74 104
108 185
79 143
113 183
124 166
50 166
80 193
51 132
63 92
61 148
105 170
13 123
28 156
86 196
149 169
37 55
63 148
52 147
96 167
5 164
132 150
85 191
155 156
45 192
64 133
42 167
36 130
72 143
49 124
68 148
116 176
3 164
121 141
117 176
98 123
56 134
174 198
2 194
8 104
68 178
81 85
64 112
99 107
119 153
9 117
23 173
57 176
41 43
86 167
0 173
3 55
52 106
92 154
138 183
23 38
0 41
64 123
160 179
83 150
85 158
67 111
26 169
37 125
22 184
138 182
105 195
78 87
40 71
18 35
65 112
37 58
59 133
78 198
94 96
10 147
81 82
149 151
2 87
72 93
108 114
41 170
19 94
19 129
93 144
55 133
149 175
44 55
159 164
37 196
24 84
49 114
30 58
85 131
99 170
39 115
51 68
125 126
60 109
112 138
100 103
11 27
58 135
12 123
120 129
89 194
82 89
42 79
2 36
98 101
120 124
30 83
34 165
0 20
11 129
26 44
107 115
2 183
75 188
163 171
74 105
88 155
57 116
138 190
34 157
13 194
77 125
2 37
36 49
63 121
127 130
31 39
7 26
4 42
46 112
3 57
53 126
53 68
112 119
81 158
75 109
175 180
80 154
46 126
73 181
108 132
118 172
99 160
160 198
89 103
5 34
146 187
78 184
29 57
111 157
44 189
0 42
30 114
23 165
16 163
144 160
2 130
31 52
9 19
123 132
79 112
50 57
21 146
93 165
54 65
7 58
103 115
60 107
36 121
83 131
105 160
55 177
122 151
42 125
61 197
32 75
123 174
90 195
166 181
29 130
28 175
16 100
43 164
40 97
55 127
26 74
67 181
9 129
57 105
10 21
87 112
22 185
89 180
7 53
8 27
30 130
119 145
147 165
76 78
81 157
41 79
15 152
89 122
84 157
126 128
96 130
5 175
26 147
23 56
42 151
22 125
63 81
108 180
41 86
129 193
45 139
97 121
86 108
55 57
14 16
162 184
57 192
57 92
128 156
59 131
77 139
2 68
17 179
6 151
131 178
116 140
110 169
52 121
65 198
155 179
4 104
102 182
91 93
120 127
54 199
6 131
104 118
51 173
26 99
72 163
44 71
8 91
50 183
71 79
80 123
53 144
2 131
47 192
186 189
67 101
133 139
5 50
38 94
34 99
61 66
11 67
35 138
176 187
145 187
32 99
33 167
23 61
80 89
2 127
49 187
62 128
65 166
68 155
92 176
59 92
95 162
110 124
0 91
138 198
103 105
52 89
117 160
45 74
4 15
25 59
49 143
109 136
89 186
113 127
50 72
2 190
139 159
27 104
53 66
58 184
55 166
2 160
6 170
101 140
90 193
22 71
139 167
92 173
72 110
82 192
155 175
141 192
33 111
36 48
83 123
130 182
30 100
105 108
57 123
76 166
27 81
42 150
56 142
25 29
150 172
14 30
1 63
55 155
80 134
20 64
50 119
124 158
60 132
64 91
109 169
104 196
75 96
60 122
97 197
128 136
149 173
77 149
78 157
33 99
9 94
52 138
94 139
63 104
85 87
43 187
26 152
170 173
81 142
65 189
17 51
33 166
136 194
118 166
47 162
117 126
6 94
99 116
44 161
74 93
49 192
123 177
151 189
96 111
87 175
85 186
164 184
34 46
87 191
159 171
30 82
26 146
105 106
10 28
22 60
140 197
89 158
48 138
99 167
59 160
16 114
48 158
23 63
28 50
29 54
138 185
28 159
88 117
23 186
9 27
17 55
16 21
7 136
95 193
10 20
64 125
4 89
47 55
6 173
20 108
71 183
122 127
69 168
91 197
56 171
142 198
21 193
35 184
28 176
6 35
61 144
13 177
19 106
63 172
86 135
112 157
131 183
105 116
80 124
105 127
107 110
9 107
13 196
30 166
11 139
10 110
32 53
51 140
23 43
2 189
38 77
38 177
62 113
101 111
32 162
31 179
48 168
112 158
80 168
71 74
34 152
44 65
85 184
21 166
84 185
93 105
102 116
69 183
59 162
79 117
1 172
105 125
88 96
141 160
25 172
183 193
60 195
92 182
41 147
63 76
1 135
76 96
85 124
101 184
26 121
4 107
10 132
69 111
48 152
138 148
148 181
34 161
83 133
10 98
62 135
103 123
96 133
71 196
30 73
24 109
118 195
41 176
130 187
35 130
12 113
66 107
114 142
15 42
60 172
94 165
4 102
112 124
109 122
73 119
123 192
38 183
40 133
14 178
5 119
90 147
111 195
6 110
126 153
170 175
133 194
73 99
22 169
4 180
37 149
84 115
7 37
42 175
42 49
15 155
6 17
43 60
3 62
23 83
109 128
103 126
48 191
18 20
74 106
142 154
10 116
51 187
68 182
40 127
49 171
160 189
30 149
152 183
42 75
41 143
135 153
119 164
118 119
20 171
65 70
48 195
17 103
24 98
97 102
186 190
36 183
164 181
85 101
82 101
156 161
4 69
104 131
27 105
5 11
34 167
146 190
162 174
6 69
15 129
68 161
103 127
96 126
54 187
122 171
57 136
42 117
123 172
21 128
47 130
41 163
37 199
21 115
19 37
69 190
29 92
110 163
19 134
1 184
71 112
34 160
50 179
87 152
143 174
116 157
131 170
84 135
7 99
162 170
104 159
30 68
71 139
81 97
97 127
68 197
82 124
12 45
120 194
42 195
93 171
61 134
14 114
21 132
4 116
32 155
69 93
49 97
12 104
44 95
50 154
178 193
50 194
9 118
89 172
130 140
117 137
130 141
57 137
92 168
19 123
180 184
45 48
30 147
77 171
14 129
83 179
123 182
29 46
6 126
100 146
170 181
109 110
46 193
22 135
153 185
73 159
0 122
16 140
24 45
49 121
10 91
138 171
80 97
62 63
182 192
73 90
14 161
94 152
5 148
44 183
64 78
30 197
59 109
88 148
0 138
29 146
19 85
32 64
0 48
115 162
41 93
167 169
50 181
107 168
3 196
69 135
31 187
146 181
32 136
31 58
49 198
17 69
81 167
50 184
82 126
132 143
103 172
120 141
146 176
149 188
49 55
119 152
92 125
155 182
44 86
24 54
35 142
157 181
95 171
76 117
25 109
36 56
150 198
78 128
15 164
109 154
3 157
31 199
88 194
39 112
56 131
102 180
36 69
161 179
7 171
150 179
33 188
36 72
28 165
35 49
75 167
14 117
65 139
44 96
82 179
37 130
159 198
41 125
158 162
154 185
74 198
76 154
84 173
53 171
47 177
28 41
41 197
19 68
131 139
181 193
43 54
64 189
166 186
14 40
93 146
10 81
106 139
150 158
86 188
103 171
86 90
131 164
48 127
11 123
80 197
21 42
98 130
56 184
100 113
83 114
103 128
116 194
96 176
73 155
184 199
47 147
24 189
5 144
24 124
115 125
38 150
4 159
5 22
29 33
8 132
4 77
38 171
62 198
142 158
23 101
46 142
183 188
150 176
58 101
55 173
165 172
124 164
166 173
83 104
74 121
36 106
13 135
16 74
42 156
63 86
15 96
61 192
45 193
128 178
65 106
36 66
70 150
50 73
2 179
12 25
13 186
106 124
27 184
123 162
149 190
84 199
26 132
142 161
31 57
40 92
50 178
70 191
73 152
123 129
12 53
36 78
153 179
127 159
38 106
146 162
140 173
72 121
78 122
167 173
119 158
17 193
68 126
53 96
139 169
39 91
34 70
40 107
27 49
45 110
90 155
76 144
39 88
10 101
49 99
177 188
27 111
111 186
50 109
68 139
180 195
65 93
131 199
126 181
39 120
152 197
163 191
127 167
14 133
40 106
127 177
94 161
104 151
44 91
36 107
51 197
94 183
18 103
73 91
128 165
5 20
51 133
84 126
8 191
1 35
63 65
66 114
7 51
31 171
85 127
105 115
18 171
44 83
39 54
118 122
54 99
48 111
120 130
60 66
67 183
153 178
84 110
30 109
18 36
133 172
64 152
48 82
8 146
94 169
53 149
45 102
68 187
8 181
88 191
34 60
88 101
98 119
35 135
65 136
2 143
55 131
51 58
95 164
20 57
4 91
39 152
165 178
77 132
104 160
33 146
121 181
19 117
104 134
107 167
18 25
108 147
77 181
21 61
34 52
51 186
75 103
34 186
7 114
1 69
22 78
44 113
71 197
65 84
79 107
94 179
153 187
111 163
97 99
177 179
62 129
108 188
167 172
92 127
114 153
180 199
4 19
51 109
16 79
75 118
59 173
61 76
81 183
70 85
56 65
75 166
59 116
109 188
81 141
8 131
80 84
71 87
115 182
45 99
45 138
43 158
93 124
89 142
99 177
5 150
140 178
120 164
107 179
163 187
39 167
102 190
41 92
24 197
46 113
32 172
19 179
18 195
105 111
44 92
57 165
69 198
40 189
118 129
135 168
35 96
75 163
5 134
38 88
36 119
139 187
116 156
59 60
35 192
23 54
37 124
25 106
23 75
96 135
40 41
22 130
154 182
108 150
4 8
7 151
144 162
32 84
101 127
3 128
87 165
11 74
31 135
6 65
116 146
29 104
13 20
14 188
118 148
1 138
27 138
6 130
8 114
119 193
16 19
46 55
30 137
176 178
73 195
160 187
11 175
81 182
154 159
29 184
30 37
22 86
158 171
53 153
117 142
48 112
98 168
73 160
171 192
26 37
61 131
124 145
115 183
34 69
52 159
49 87
145 168
110 148
73 197
146 177
88 90
74 151
0 68
130 199
43 127
52 182
94 185
11 186
14 134
161 166
112 151
122 197
43 160
24 166
176 194
56 139
45 126
67 82
27 188
52 83
123 142
1 17
32 123
122 140
62 166
40 164
28 88
37 99
30 188
17 37
7 183
113 117
59 85
126 192
12 142
66 80
22 57
98 199
17 124
58 197
142 189
68 98
56 57
20 79
172 175
112 125
31 168
62 182
122 178
130 190
43 47
46 83
12 97
132 153
18 158
146 198
99 157
3 51
29 109
81 137
62 108
78 148
191 198
185 192
10 163
40 84
50 193
45 179
83 92
11 37
29 70
40 69
14 181
159 162
42 189
86 157
12 15
65 82
132 142
39 96
123 168
17 138
158 179
43 89
81 120
98 115
75 89
85 190
50 182
58 123
59 68
102 163
2 69
101 109
30 170
124 130
81 91
3 192
44 45
30 111
72 74
53 124
95 109
33 36
46 181
57 129
4 57
19 100
118 192
123 161
132 179
133 148
36 141
41 95
26 154
113 148
99 131
74 102
42 113
150 159
38 191
32 139
20 43
65 104
24 81
85 137
19 74
67 174
1 194
151 174
93 180
120 171
22 82
76 127
83 124
174 181
65 134
18 175
66 182
122 172
62 115
36 126
170 184
110 152
17 173
28 177
70 156
60 70
156 159
10 138
76 88
21 118
92 156
73 87
18 146
81 112
4 101
47 182
151 168
49 74
94 196
34 115
39 153
163 182
40 104
34 127
7 179
27 84
37 84
81 102
81 161
52 91
27 155
144 150
148 159
32 124
168 185
92 179
123 155
2 48
73 184
82 87
14 20
65 154
35 80
39 42
58 190
36 143
34 98
42 93
38 185
85 151
26 63
22 160
140 155
12 116
92 183
81 184
60 193
56 179
82 125
129 156
58 133
111 123
170 192
25 181
8 113
72 113
114 156
25 185
27 165
3 112
40 188
43 139
133 165
3 42
13 48
28 92
119 132
68 162
151 190
65 98
91 102
171 176
58 59
5 123
66 142
56 74
124 161
21 96
67 146
2 129
72 89
89 157
30 139
45 195
52 141
74 95
66 141
123 158
39 143
79 152
7 16
145 194
43 108
66 78
88 170
129 166
150 185
19 71
87 195
6 39
84 167
3 132
21 48
24 76
69 89
6 136
127 195
170 193
44 99
113 132
118 133
86 156
15 45
96 156
13 181
142 182
30 86
165 179
58 191
27 38
14 198
96 136
85 152
148 163
2 13
33 125
31 36
44 78
0 26
90 136
36 120
1 51
38 71
160 171
69 107
92 169
61 67
141 191
147 191
45 116
110 140
129 137
26 49
68 73
52 124
24 40
37 98
132 138
80 86
114 177
112 137
74 184
29 94
63 154
46 133
73 189
142 186
90 130
124 169
42 123
14 55
54 121
41 138
62 104
63 99
103 140
14 70
152 199
131 166
34 117
104 158
101 154
40 146
10 95
81 175
47 143
96 122
17 154
103 157
52 155
76 197
54 122
87 173
122 132
133 169
1 46
65 180
92 181
13 162
29 114
94 188
88 114
42 198
69 151
45 145
68 198
40 90
45 62
12 71
102 192
25 158
62 71
166 182
6 54
79 150
101 135
42 139
161 192
22 75
38 133
145 179
110 156
102 189
28 32
0 160
81 177
65 85
92 184
87 163
106 154
10 117
19 26
3 131
147 179
56 116
27 172
24 29
20 37
30 136
19 180
56 173
47 176
133 143
141 186
35 179
137 147
52 87
63 127
39 72
38 151
101 182
24 117
111 172
19 132
76 185
29 111
158 193
25 115
72 194
41 122
118 170
172 173
87 107
89 90
58 195
30 131
30 93
38 107
20 94
123 190
41 162
150 166
17 23
161 193
67 75
94 178
34 114
9 178
162 178
5 37
19 40
17 112
9 63
87 147
6 73
22 103
104 167
134 197
17 128
77 97
5 24
46 120
162 169
63 140
130 137
31 150
7 75
30 31
1 70
55 117
13 124
96 143
69 158
169 188
49 168
8 63
78 131
41 192
43 88
155 161
28 65
164 192
146 149
128 140
93 197
0 145
84 174
60 188
57 102
36 162
94 163
120 180
36 187
110 121
69 179
39 148
21 67
42 174
63 109
19 102
22 81
189 191
109 116
77 90
144 149
5 78
21 71
184 191
47 96
88 112
22 56
129 138
34 87
64 80
138 180
8 166
13 90
82 153
10 65
59 71
83 85
29 39
21 125
54 70
137 187
105 168
9 15
78 152
51 77
41 193
21 74
28 60
55 89
119 129
21 50
71 137
49 107
43 197
20 49
53 136
99 123
16 192
157 187
115 117
127 189
122 147
92 187
12 193
136 193
153 160
71 189
40 95
43 135
65 156
158 194
66 171
125 181
128 180
78 146
40 101
24 88
8 160
2 116
13 197
88 164
154 158
111 126
132 192
161 172
15 97
133 136
13 50
6 37
130 164
50 89
182 189
15 50
53 60
20 115
72 145
16 101
6 43
131 141
132 182
103 176
31 181
97 149
17 161
136 159
49 108
26 50
85 192
23 45
69 147
54 76
9 16
82 144
151 162
126 191
10 150
68 118
130 174
46 170
81 92
140 154
50 71
107 142
37 116
130 144
97 162
28 70
114 181
83 155
34 86
32 100
80 167
77 167
89 118
103 111
93 147
42 115
144 153
27 135
16 18
2 41
11 128
23 174
61 129
46 127
83 169
29 149
68 175
108 122
95 165
48 149
19 34
87 122
103 114
95 183
153 169
59 82
39 94
40 82
138 152
35 53
63 100
50 190
18 190
28 86
79 178
29 177
43 193
145 184
21 41
129 157
25 83
90 156
41 175
40 76
131 188
53 159
53 157
25 129
59 104
23 94
140 168
79 146
28 99
139 176
13 164
90 116
110 122
164 180
37 177
55 58
65 103
7 36
98 194
90 107
42 84
110 175
74 172
23 176
127 165
66 130
34 159
103 156
136 181
74 82
78 108
1 74
106 187
36 188
120 123
77 127
58 84
121 150
170 171
95 170
37 40
47 117
44 68
10 178
55 182
18 51
16 33
37 188
60 106
45 106
10 195
60 115
128 144
29 107
137 162
20 160
54 149
18 45
70 161
45 132
21 110
113 187
58 150
99 142
59 149
11 62
27 82
4 155
75 111
77 134
24 112
49 98
13 31
67 137
35 89
143 185
154 184
179 184
3 81
79 130
61 78
114 192
159 188
105 174
66 69
103 144
50 108
36 181
55 76
119 172
7 133
18 81
12 171
59 193
55 62
165 166
105 175
161 181
76 198
144 182
26 112
117 144
100 140
2 113
28 73
46 122
91 117
98 198
175 185
14 164
105 188
159 197
21 185
61 164
140 196
108 158
6 91
88 196
119 189
42 43
13 22
48 56
20 24
23 30
90 186
37 162
8 165
65 140
17 91
153 159
8 34
42 141
64 190
59 186
126 194
79 127
38 53
29 66
84 91
81 131
92 153
5 121
52 136
162 186
61 142
105 159
31 76
4 90
76 91
0 119
140 188
122 174
96 102
15 179
79 101
45 160
37 155
47 80
12 96
97 130
161 198
54 153
16 134
83 186
128 147
44 190
118 169
0 162
62 100
181 189
56 112
95 105
91 129
30 35
19 69
73 169
1 181
110 164
11 156
13 43
17 143
104 127
23 124
117 153
151 171
53 110
3 101
76 196
14 167
12 52
157 189
45 146
12 173
59 72
56 113
35 183
79 156
74 114
21 81
159 163
127 190
105 184
9 120
45 183
129 153
157 178
73 199
25 165
68 108
48 90
80 166
27 180
17 187
100 181
57 69
86 127
40 151
155 171
9 73
1 99
4 51
124 146
111 142
192 197
159 160
59 189
73 141
31 106
90 153
94 134
189 197
68 134
15 48
58 92
128 164
58 88
80 132
53 117
34 144
6 164
5 10
78 102
141 148
11 190
164 169
80 91
33 75
3 148
22 25
71 154
127 144
151 182
8 50
48 173
59 107
61 191
93 123
45 109
16 128
121 184
111 171
130 157
134 183
116 121
129 185
96 170
25 37
48 134
14 62
18 167
82 199
173 179
54 115
44 107
22 65
112 196
2 6
84 181
26 83
22 168
89 163
65 160
128 153
63 80
68 72
93 98
111 139
31 89
82 195
86 120
172 195
62 90
45 92
132 196
5 180
5 99
44 103
27 52
137 168
34 183
25 35
91 167
15 134
58 99
0 125
167 183
12 84
21 109
1 44
28 67
10 148
96 180
112 133
10 190
14 191
45 166
116 160
98 107
22 66
75 197
134 149
89 151
69 127
31 34
100 160
54 110
17 127
59 88
87 123
72 152
73 191
135 174
25 164
33 64
25 139
56 126
1 159
48 92
91 144
54 172
54 190
123 166
31 99
4 152
117 119
129 152
68 131
36 127
82 127
116 144
91 132
11 181
18 138
143 194
89 145
28 134
80 157
157 182
59 135
44 196
118 180
14 35
65 165
134 194
28 35
72 90
48 192
76 171
2 35
146 185
35 174
37 93
166 189
120 195
22 155
156 188
86 134
110 198
174 196
133 197
145 166
110 157
15 185
7 40
23 193
41 149
2 75
118 139
71 122
59 156
113 178
2 19
57 131
102 184
71 111
87 187
37 167
11 70
38 149
3 187
160 167
168 195
51 114
60 199
13 161
25 48
74 174
30 120
44 81
40 184
72 81
118 178
166 187
127 161
90 164
53 97
66 126
33 181
31 177
98 117
18 58
9 116
14 82
21 86
22 113
6 190
140 174
24 185
145 154
73 145
50 191
103 189
98 197
45 117
132 194
17 142
132 169
148 185
35 160
24 73
106 196
26 62
36 170
17 145
72 199
27 194
86 105
16 162
145 178
106 137
7 165
53 198
81 181
22 193
75 161
35 85
133 138
95 97
6 28
114 115
46 146
25 103
120 172
28 157
68 111
195 197
57 130
11 64
4 43
33 113
80 94
70 97
21 174
64 174
120 197
50 186
129 135
1 146
78 158
144 154
113 122
47 71
128 198
117 138
171 184
62 150
43 182
23 108
95 134
9 12
57 180
55 97
42 111
61 99
104 128
32 72
33 58
24 190
145 198
58 129
42 177
79 119
30 160
94 195
114 127
47 99
182 196
167 182
2 124
42 135
139 199
112 131
64 120
17 76
5 17
127 168
166 190
27 73
81 126
24 65
0 161
23 89
135 184
173 174
100 186
43 107
3 67
107 182
98 99
27 152
16 67
165 193
160 185
48 80
32 57
44 143
16 93
92 94
66 184
171 180
3 152
102 153
73 122
38 126
52 119
73 134
31 79
121 149
2 70
101 178
54 147
126 155
51 139
111 191
26 101
42 87
37 175
58 170
49 146
54 161
107 196
161 194
91 98
72 126
87 188
30 65
169 196
31 116
156 167
36 102
107 111
88 129
80 145
71 142
58 193
161 191
87 113
11 141
78 109
26 196
48 178
42 121
84 117
9 21
185 196
65 74
96 103
19 82
36 184
110 192
12 105
20 176
47 111
136 154
159 187
175 186
46 82
74 163
23 87
66 146
68 95
71 177
15 160
169 171
20 144
8 46
69 145
83 127
91 160
128 176
49 155
16 36
58 141
21 155
44 67
98 178
106 133
58 68
56 61
9 185
125 127
41 59
52 133
179 198
27 158
1 102
20 129
86 132
183 196
143 171
86 153
113 140
13 80
182 187
142 150
85 88
148 172
59 112
11 170
59 76
48 198
59 94
115 168
67 160
57 127
7 77
163 186
84 131
32 97
44 124
148 184
64 109
12 27
10 103
153 158
102 129
165 180
38 147
67 138
154 167
25 78
21 107
80 181
187 193
53 86
135 154
36 151
120 192
32 171
63 106
159 173
54 98
48 122
117 191
60 82
44 88
8 129
12 76
164 199
21 102
43 113
23 77
31 133
127 178
14 92
72 192
22 116
15 181
23 171
118 167
57 188
99 158
73 172
11 30
1 13
30 90
43 51
20 21
88 188
33 115
166 180
56 186
107 153
41 80
66 94
15 109
166 177
39 102
9 89
13 138
157 160
34 123
24 79
9 93
42 88
60 175
52 168
85 136
20 124
11 63
170 188
169 185
111 148
86 180
75 192
6 118
67 109
4 70
73 86
43 112
29 189
60 117
38 139
21 73
53 148
91 180
21 90
39 135
22 70
51 81
17 57
66 168
48 55
39 123
2 40
26 178
12 158
67 125
34 163
120 153
9 57
117 141
10 18
40 93
4 129
34 192
96 121
153 172
118 138
43 180
109 114
67 185
73 161
129 186
131 185
61 84
67 90
48 59
3 170
33 123
55 194
94 176
31 43
28 129
23 58
112 153
31 118
81 104
109 186
58 71
41 153
87 160
68 69
90 124
74 190
40 141
75 77
31 83
110 153
16 24
15 73
181 182
83 134
79 176
94 164
59 64
54 84
90 181
13 86
56 154
12 92
94 137
28 45
64 184
111 140
32 188
118 177
92 151
0 60
4 81
27 48
111 114
93 185
77 101
90 91
78 192
59 187
51 183
128 172
29 194
69 195
156 197
93 142
58 196
12 50
14 48
139 186
32 118
61 147
89 162
90 103
54 140
148 153
1 71
47 138
154 181
4 30
1 198
106 179
89 120
64 76
28 178
15 188
108 149
53 105
48 136
106 128
65 172
35 64
145 157
39 160
16 168
130 180
19 22
36 199
67 193
9 144
43 115
33 57
52 60
46 117
74 110
15 70
83 118
14 57
47 103
72 112
18 193
68 92
84 163
98 152
165 167
24 172
3 114
86 129
58 93
12 44
52 112
37 46
42 67
69 92
70 152
109 177
139 173
152 177
90 152
16 152
41 135
14 54
49 117
13 64
48 106
30 63
133 150
34 102
133 155
42 90
60 186
138 187
17 87
4 46
81 101
32 101
75 80
93 151
57 171
112 149
167 178
65 118
50 66
62 83
63 79
33 122
143 145
55 113
78 90
115 197
15 162
5 109
33 104
14 21
70 117
17 151
83 129
96 104
171 199
52 95
45 49
163 180
120 198
159 191
116 185
12 62
81 99
50 139
95 176
17 79
145 186
144 172
49 86
46 124
17 125
22 48
32 122
88 198
6 52
94 118
53 145
79 135
6 186
34 91
136 182
108 169
62 181
10 105
90 115
17 94
39 125
11 120
31 35
37 87
4 29
1 43
135 194
26 94
69 119
39 114
23 119
61 195
142 169
104 129
67 130
12 16
27 77
20 197
96 139
46 134
144 184
75 165
137 173
128 146
33 148
122 173
26 80
18 173
164 194
67 70
8 66
1 62
143 156
144 171
130 143
111 122
104 166
86 89
62 123
128 191
73 198
10 164
34 172
33 91
38 65
24 104
58 151
81 103
148 149
27 168
0 128
10 159
2 153
9 142
37 160
21 153
43 57
31 45
124 174
53 122
24 36
140 184
24 80
12 40
76 110
19 177
8 171
0 126
144 151
152 178
84 184
9 35
144 188
115 126
24 128
31 158
78 115
47 165
9 138
8 41
73 126
97 183
89 197
63 199
89 156
129 161
112 134
36 122
73 103
15 30
147 178
136 175
144 186
110 118
4 100
35 104
98 184
22 106
88 195
84 180
40 145
18 155
37 103
118 160
15 157
20 45
111 175
11 116
44 144
11 69
86 130
12 138
73 162
168 198
18 86
98 145
116 181
177 197
6 34
9 69
104 152
1 96
143 190
128 141
98 154
6 96
43 196
92 101
23 107
46 159
9 153
149 198
34 187
159 166
12 170
85 145
97 171
150 187
34 184
85 111
131 176
45 115
10 139
151 157
125 138
25 52
11 73
99 121
149 162
44 194
18 98
138 192
11 168
21 154
42 68
55 75
37 171
85 171
16 20
2 105
161 195
60 67
103 116
47 121
30 91
120 187
134 176
19 45
61 125
42 51
52 160
62 175
18 163
157 191
27 115
70 188
80 88
116 179
12 136
82 147
14 111
71 192
79 89
49 137
91 100
32 197
13 120
69 141
2 110
29 82
136 172
78 174
135 186
22 144
70 186
4 97
22 112
150 161
1 116
13 91
71 75
13 83
4 179
54 160
63 181
11 97
4 10
5 14
41 148
68 151
32 157
118 188
29 60
26 138
134 157
54 184
51 106
11 90
29 121
108 112
17 156
41 166
147 156
170 185
74 148
47 50
68 144
24 133
17 92
74 165
14 169
2 148
90 165
29 36
22 36
9 32
72 162
41 46
39 53
11 152
19 48
93 102
71 164
15 163
59 118
152 188
19 107
75 117
155 184
18 170
119 148
28 122
106 118
101 143
101 104
5 62
17 144
68 137
116 135
77 196
68 127
28 49
73 97
126 139
58 165
102 119
16 30
96 166
131 132
53 168
106 135
45 86
56 84
30 157
10 133
3 173
94 167
44 177
79 80
84 148
9 80
16 63
84 187
41 74
67 85
61 124
34 176
84 193
18 185
79 94
15 118
30 38
95 154
49 138
22 175
26 106
100 193
119 183
49 130
87 89
48 63
8 48
67 165
10 100
36 118
140 198
168 181
96 141
78 135
99 146
98 161
47 82
15 84
42 72
59 197
70 138
25 117
60 119
162 164
78 94
125 175
19 110
65 99
6 125
21 45
115 121
29 179
129 159
100 138
66 178
25 135
70 84
187 197
99 165
87 186
27 142
11 130
24 53
34 174
107 198
176 189
108 117
3 136
12 179
63 159
73 100
153 173
5 195
50 77
98 143
70 176
38 167
156 183
163 185
22 124
21 139
96 187
70 177
4 187
63 146
121 129
76 147
101 107
61 123
21 46
157 177
32 63
125 142
18 186
22 177
149 193
120 160
26 69
20 111
101 149
80 140
131 191
140 170
0 139
55 101
1 5
24 129
137 175
11 87
55 185
62 68
31 94
53 179
48 126
99 127
152 163
33 137
71 135
6 64
75 146
80 155
15 85
52 80
21 92
87 146
100 133
35 149
60 89
34 169
24 75
98 174
2 46
106 138
19 101
89 171
75 175
36 133
117 139
46 77
83 108
20 174
60 142
8 198
180 189
136 184
18 75
18 24
82 136
95 196
42 126
50 173
13 146
62 134
55 161
3 76
6 188
63 133
55 125
32 98
19 178
22 52
31 71
174 179
73 109
139 153
93 154
121 166
89 149
137 196
63 143
37 44
36 185
16 111
70 187
1 163
9 56
31 48
17 159
81 133
25 49
104 191
8 151
29 147
23 153
143 144
98 153
114 122
6 40
78 99
96 173
63 102
171 175
20 26
55 183
59 146
2 64
6 145
22 61
49 199
166 196
77 131
166 184
34 177
2 101
3 17
148 165
14 52
130 160
37 190
135 189
62 111
106 112
94 157
71 73
163 173
76 105
171 179
133 152
25 191
113 177
72 108
163 197
69 102
14 157
110 178
99 111
78 107
13 142
12 99
19 130
20 180
131 193
132 177
62 131
78 81
58 125
69 105
17 197
44 102
35 88
120 139
52 150
34 58
133 157
100 139
18 26
7 113
9 180
5 56
111 117
151 198
87 180
10 19
79 118
9 99
72 100
160 178
70 98
118 132
33 142
110 136
3 126
31 111
46 89
36 165
22 58
82 121
17 160
89 141
13 24
113 193
79 125
61 68
39 140
34 81
55 114
90 135
126 132
115 155
20 101
159 199
35 121
45 119
24 187
165 176
129 184
3 199
98 131
78 141
25 101
95 158
65 199
146 157
25 81
113 135
105 151
116 125
144 193
16 99
59 179
173 186
61 81
14 144
26 33
25 39
0 187
51 194
133 175
88 95
163 196
147 149
40 176
120 154
8 14
29 160
43 175
113 136
44 75
84 191
2 89
140 182
69 131
82 171
16 92
48 186
103 109
67 91
54 189
146 151
88 119
93 128
89 121
161 164
65 127
135 196
64 71
63 73
45 120
80 164
18 63
36 189
21 160
28 166
79 177
39 193
30 70
96 154
67 76
89 173
17 123
52 173
43 170
37 86
124 162
120 121
96 148
82 122
149 157
82 189
30 39
94 97
82 187
64 104
165 173
31 80
93 166
30 162
69 173
10 82
39 117
99 140
156 158
61 179
18 60
52 108
38 48
130 181
0 12
14 29
106 152
9 36
51 67
4 191
34 47
68 88
81 98
73 74
44 132
37 148
107 143
156 177
114 135
85 188
123 127
19 115
66 91
37 120
81 114
91 181
2 98
128 129
86 124
24 134
43 77
76 178
42 180
8 175
129 175
29 165
131 195
73 104
100 120
170 198
139 149
74 192
96 199
76 84
36 105
49 123
84 194
84 186
111 181
36 111
81 146
14 199
71 146
93 143
91 193
92 188
50 199
48 154
84 176
116 154
142 171
53 65
15 192
54 183
16 199
7 104
139 192
51 98
134 167
117 156
44 84
12 197
88 153
12 86
86 101
48 161
76 118
28 117
134 191
20 165
29 103
175 199
162 163
191 199
41 130
18 153
149 191
37 77
140 171
97 150
75 178
8 197
29 64
41 82
79 186
11 99
35 131
117 131
7 29
177 189
125 166
102 194
85 179
85 112
21 120
7 101
28 151
48 72
74 141
26 61
37 63
142 193
126 187
75 92
2 165
96 125
18 54
18 22
20 76
7 138
3 84
83 156
120 175
3 182
46 63
37 51
16 123
104 107
18 49
51 71
134 147
14 119
1 124
31 101
126 131
115 140
68 122
84 171
83 148
8 162
15 69
68 191
39 188
135 193
6 14
103 117
173 184
39 145
39 124
96 128
88 136
26 104
11 125
124 177
76 159
73 176
45 188
136 157
7 177
109 144
34 118
149 197
14 86
44 195
14 153
24 199
132 155
21 26
95 151
74 116
10 90
72 179
161 167
117 184
108 136
82 131
15 95
93 183
20 99
52 92
19 29
123 130
112 126
147 188
58 181
54 141
71 120
94 98
73 139
166 170
76 100
55 163
71 131
64 185
119 199
44 120
16 132
10 121
28 36
88 162
31 185
123 165
25 162
8 161
7 118
80 194
56 170
142 149
111 113
125 137
63 82
71 102
61 100
48 156
97 158
40 139
48 135
51 87
40 117
33 141
108 189
46 173
64 153
97 115
5 112
177 190
106 108
135 147
79 120
124 163
11 157
64 83
16 130
54 97
30 117
16 154
4 53
37 180
86 162
54 60
1 115
92 157
54 77
29 42
140 191
117 198
82 138
143 199
57 101
43 147
76 123
181 190
66 97
40 175
144 185
37 168
115 147
36 82
82 137
141 178
88 122
20 126
89 179
26 135
81 192
53 197
7 135
6 177
9 20
136 140
47 157
36 65
122 184
112 183
158 183
71 186
162 190
54 55
22 145
158 189
41 101
81 153
123 124
4 147
11 165
81 111
28 174
53 161
48 171
10 26
36 196
131 143
67 144
173 190
23 143
71 182
52 82
10 33
57 195
71 86
121 142
63 128
10 115
15 171
5 124
35 59
79 142
38 166
114 151
65 143
20 105
78 162
35 46
49 167
118 198
107 188
2 30
131 175
70 95
135 148
24 114
144 163
39 70
23 103
18 85
31 46
66 89
48 54
82 119
24 121
64 81
54 166
41 94
95 181
57 87
26 153
138 163
18 87
97 170
85 132
69 155
89 167
24 42
16 129
8 169
15 117
19 159
37 189
73 92
