0 1
0 2
0 3
2 4
4 5
3 6
4 7
1 8
1 9
5 10
9 11
11 12
1 13
4 14
12 15
9 16
6 17
15 18
0 19
5 20
3 21
0 22
14 23
10 24
5 25
16 26
0 27
23 28
0 29
28 30
30 31
8 32
21 33
27 34
0 35
24 36
6 37
9 38
34 39
37 40
0 41
5 42
3 43
12 44
17 45
39 46
35 47
47 48
42 49
36 50
32 51
23 52
4 53
26 54
50 55
49 56
22 57
47 58
50 59
30 60
39 61
33 62
9 63
35 64
29 65
54 66
45 67
27 68
54 69
51 70
49 71
32 72
19 73
32 74
28 75
24 76
2 77
38 78
23 79
55 80
77 81
71 82
6 83
59 84
57 85
10 86
67 87
10 88
11 89
80 90
19 91
70 92
31 93
18 94
91 95
38 96
86 97
64 98
10 99
80 100
49 101
81 102
80 103
30 104
67 105
58 106
75 107
85 108
1 109
107 110
95 111
86 112
111 113
45 114
8 115
7 116
53 117
100 118
69 119
110 120
93 121
22 122
26 123
114 124
12 125
41 126
34 127
102 128
84 129
32 130
2 131
101 132
38 133
19 134
26 135
100 136
12 137
132 138
24 139
116 140
118 141
6 142
79 143
131 144
79 145
54 146
82 147
85 148
47 149
43 150
128 151
38 152
18 153
50 154
94 155
96 156
152 157
82 158
117 159
91 160
108 161
23 162
146 163
58 164
35 165
99 166
81 167
125 168
89 169
67 170
139 171
126 172
89 173
147 174
33 175
95 176
164 177
41 178
164 179
57 180
154 181
88 182
48 183
105 184
95 185
50 186
111 187
55 188
12 189
76 190
57 191
107 192
126 193
59 194
66 195
97 196
40 197
196 198
38 199
77 200
137 201
66 202
30 203
118 204
4 205
97 206
2 207
182 208
120 209
183 210
0 211
109 212
1 213
172 214
3 215
50 216
42 217
154 218
76 219
11 220
102 221
54 222
90 223
24 224
136 225
172 226
77 227
174 228
76 229
63 230
171 231
146 232
208 233
233 234
114 235
172 236
12 237
5 238
106 239
233 240
129 241
144 242
76 243
22 244
164 245
80 246
10 247
159 248
36 249
218 250
194 251
7 252
146 253
233 254
109 255
249 256
165 257
157 258
212 259
231 260
68 261
236 262
93 263
188 264
239 265
55 266
171 267
72 268
198 269
47 270
27 271
134 272
147 273
129 274
131 275
121 276
92 277
17 278
18 279
96 280
27 281
179 282
123 283
11 284
114 285
15 286
122 287
24 288
261 289
287 290
264 291
258 292
47 293
68 294
267 295
258 296
55 297
71 298
197 299
73 178
113 141
136 253
84 273
82 224
71 141
94 270
63 218
61 245
61 263
31 35
185 196
72 165
98 271
36 142
160 211
90 201
194 206
141 160
80 110
35 129
15 250
75 250
44 155
143 286
117 121
26 295
112 299
76 142
10 94
79 133
194 212
274 283
30 82
12 126
40 239
105 215
156 213
233 252
65 127
13 288
173 197
177 272
236 288
144 146
115 139
28 134
187 214
159 267
36 282
85 154
177 210
14 279
69 181
146 271
81 229
221 253
17 48
210 217
126 228
120 193
7 167
146 263
98 184
227 244
185 243
89 161
63 158
106 220
181 235
25 37
48 103
266 270
71 208
146 260
6 156
84 261
106 276
54 143
257 266
138 277
71 291
79 153
44 84
136 163
3 191
146 252
43 62
156 298
210 243
4 103
132 238
133 293
203 285
124 277
196 281
157 262
19 170
232 252
61 109
20 113
94 118
268 275
111 116
101 151
249 281
27 61
100 255
48 75
132 136
28 164
133 206
139 239
178 184
166 296
177 245
82 176
88 212
35 296
35 198
133 143
59 240
84 158
101 106
136 228
245 298
99 281
62 83
181 195
122 187
204 290
184 191
92 281
36 75
51 139
193 247
219 248
73 243
83 288
194 287
172 299
54 163
123 291
97 122
43 129
245 287
17 154
36 215
216 275
66 174
161 246
118 198
91 235
101 182
169 274
86 294
106 221
102 183
56 161
83 97
55 195
204 254
77 272
12 66
141 203
116 265
230 267
44 63
50 173
88 178
61 138
14 22
135 235
123 164
43 261
83 211
205 215
57 246
229 232
125 149
36 80
144 290
47 63
94 281
60 167
0 8
60 231
26 81
26 53
36 240
40 41
43 69
40 112
101 204
50 117
58 289
267 299
131 295
32 99
36 127
25 29
124 253
244 253
124 167
125 186
141 176
51 243
161 211
92 280
24 215
45 83
289 296
117 239
4 283
1 299
20 160
236 268
121 259
63 195
227 271
53 79
124 161
38 285
177 227
140 229
20 135
65 134
155 253
26 244
154 228
49 260
24 59
222 259
85 153
67 96
54 75
54 288
25 185
150 201
10 199
83 228
182 233
60 164
88 122
12 91
200 247
11 58
17 53
155 214
8 267
77 292
89 204
92 122
122 168
125 266
4 166
32 49
35 235
18 112
52 157
9 218
59 139
193 197
140 235
61 222
15 297
249 267
61 279
6 256
23 54
55 70
156 199
6 208
20 141
54 74
256 290
62 131
236 289
21 192
248 256
108 219
95 237
48 136
5 260
78 123
98 237
134 241
78 225
26 286
154 155
231 246
146 241
80 266
28 204
169 263
29 119
78 89
15 142
216 277
176 283
150 222
100 288
37 67
124 211
41 129
68 273
142 167
98 109
176 252
67 283
246 270
74 183
87 278
25 279
60 186
266 281
154 277
33 90
101 230
85 282
65 173
88 274
198 208
75 101
78 172
254 269
230 274
64 92
83 279
211 214
54 212
52 263
35 55
132 252
167 235
30 275
151 237
57 136
234 249
201 297
128 267
208 253
254 272
20 195
26 285
80 181
0 271
24 297
34 268
5 62
82 222
226 233
145 171
113 292
98 145
233 269
103 276
119 244
207 266
227 268
49 185
231 282
28 205
141 261
246 249
63 74
65 141
35 234
109 266
27 195
59 68
122 268
76 125
74 101
8 29
8 282
48 88
79 233
217 220
140 178
6 51
137 182
231 280
102 104
166 289
2 108
65 158
11 287
276 279
23 48
137 158
234 241
136 155
98 179
58 137
82 191
3 234
60 106
90 110
46 266
66 180
226 299
93 214
32 88
14 233
77 290
240 282
56 268
34 189
23 173
55 249
84 112
138 149
9 51
140 299
4 271
92 167
114 194
114 184
44 295
23 51
73 260
15 107
100 279
43 253
38 298
57 114
207 246
218 287
35 104
71 167
119 273
0 74
95 155
119 225
48 260
33 239
172 188
119 274
137 254
5 102
67 134
203 271
181 190
79 212
162 289
88 288
65 266
144 152
51 136
8 67
59 298
141 227
96 265
41 64
72 177
281 298
1 35
8 136
4 93
118 127
237 267
173 232
193 216
72 183
12 79
128 135
70 200
83 101
154 297
126 285
76 96
168 225
50 81
68 248
199 297
29 85
179 202
25 258
35 110
31 297
37 158
87 156
126 236
65 133
200 296
7 10
55 263
2 258
73 277
90 299
116 247
233 236
138 141
40 274
131 161
283 299
15 294
194 248
217 221
17 279
66 158
165 200
13 101
7 103
56 192
82 109
229 240
119 194
70 94
76 145
12 254
51 232
9 22
23 97
67 273
12 185
39 243
51 164
123 127
85 270
73 246
108 142
5 185
143 231
1 11
177 215
156 272
120 260
94 164
67 173
61 210
50 179
210 215
65 98
47 99
57 223
134 147
83 127
56 140
235 284
15 186
261 294
14 122
24 74
78 221
219 224
17 191
218 247
177 246
4 222
48 192
150 271
50 147
225 269
29 268
193 252
131 286
141 172
160 222
123 256
79 214
186 238
53 158
33 164
52 96
138 225
92 175
110 191
5 132
6 261
31 82
105 283
24 171
124 208
9 126
29 281
84 144
36 152
51 134
169 194
115 248
87 161
36 124
235 250
50 95
60 225
73 88
197 224
174 177
100 150
119 223
12 163
37 115
103 197
4 146
146 153
52 247
263 270
58 188
85 106
22 159
26 30
12 192
257 280
3 159
161 251
7 286
1 99
56 188
141 295
76 262
131 239
205 257
76 296
78 85
177 256
109 249
17 253
67 110
202 248
49 82
138 145
119 206
187 258
85 168
59 156
142 287
60 90
175 244
80 277
120 151
135 163
162 177
43 117
23 260
45 187
107 139
135 180
11 123
44 115
40 131
108 244
162 170
66 175
218 295
242 277
216 224
156 292
234 248
229 286
125 222
76 225
114 219
68 297
41 270
243 255
143 145
63 295
77 297
109 138
51 186
84 275
186 288
16 224
115 257
79 213
37 260
106 219
106 140
97 219
221 252
0 124
84 166
207 227
25 55
276 278
19 98
103 194
297 299
72 140
3 211
61 161
194 236
140 207
11 134
41 152
77 103
197 291
185 299
283 298
128 231
115 203
73 103
13 113
37 122
109 129
42 205
179 297
130 167
169 295
43 48
166 257
198 235
5 273
127 284
98 186
236 281
35 239
14 162
265 296
15 176
101 165
119 289
108 146
137 180
65 251
186 198
74 84
165 295
90 167
243 297
103 275
55 106
39 79
47 54
164 246
86 169
1 146
141 202
199 230
177 289
160 218
66 89
130 214
1 289
85 235
38 166
123 152
40 222
66 268
87 148
131 163
7 86
69 299
17 134
85 89
115 232
83 133
36 219
38 258
237 259
143 246
73 167
259 292
110 287
210 269
175 219
132 255
129 184
39 110
230 261
230 285
31 273
217 232
59 280
70 260
286 287
38 198
176 194
27 81
123 295
27 202
86 267
99 211
48 154
132 236
110 252
85 278
21 53
156 244
53 138
71 244
124 203
234 257
161 205
39 164
211 212
186 280
235 282
56 200
151 280
35 106
93 206
222 281
90 265
17 287
175 207
120 291
196 261
26 222
99 213
101 162
37 52
197 221
24 133
24 44
262 281
78 175
94 127
23 83
83 267
177 208
36 293
97 269
92 105
86 187
38 56
79 155
113 241
55 247
131 152
31 45
82 90
69 172
165 260
85 194
88 174
108 208
252 255
8 89
79 169
193 261
102 267
143 293
131 243
121 222
48 96
49 278
6 205
50 193
20 93
204 277
94 216
158 261
17 177
1 4
131 215
84 146
45 149
4 252
21 220
141 225
4 44
60 262
96 142
198 282
123 173
37 290
67 125
3 25
41 277
104 246
56 208
160 280
22 101
77 89
90 283
32 106
152 258
44 291
60 253
144 259
0 32
9 155
4 214
221 263
10 210
58 277
89 231
20 224
15 53
121 238
54 186
114 258
56 209
52 269
41 147
13 116
277 293
30 278
192 258
113 204
1 155
108 144
45 277
119 282
9 148
218 256
263 299
25 30
190 295
189 234
81 188
66 146
26 179
219 296
79 110
8 162
62 200
83 247
189 270
78 119
231 261
153 269
3 4
165 276
31 148
84 252
0 279
125 257
80 269
180 241
2 10
88 290
40 143
190 258
74 233
8 188
6 155
160 243
85 109
232 289
49 81
128 134
163 290
182 242
142 202
194 203
15 83
31 116
0 241
68 238
115 197
229 264
259 295
55 234
34 173
85 113
83 126
4 233
113 153
142 204
9 276
59 220
186 275
5 267
41 251
150 154
79 196
16 271
144 256
64 228
111 158
40 172
34 56
79 157
62 89
87 133
58 294
221 285
150 203
163 202
24 53
17 269
106 126
24 101
68 285
159 224
81 114
82 123
115 273
44 54
16 175
48 145
96 240
70 112
19 88
170 264
140 148
19 114
134 244
48 122
26 136
90 227
178 190
192 203
30 199
21 63
24 94
72 145
67 168
124 145
54 265
84 118
15 290
96 192
13 274
8 194
12 124
185 220
143 235
160 196
219 291
189 212
121 289
35 118
4 276
4 210
138 286
228 287
257 286
69 114
58 120
26 238
39 162
45 137
225 264
130 153
293 299
4 239
3 292
96 139
24 140
40 291
14 158
229 261
11 46
83 114
31 87
202 203
17 59
38 149
96 172
65 216
3 64
40 153
131 212
38 238
93 139
54 155
27 132
32 148
60 113
267 271
64 147
89 103
29 235
199 262
4 257
70 186
27 49
89 268
82 184
170 195
18 186
66 298
73 183
45 111
146 174
223 230
158 160
183 257
216 218
13 297
90 182
84 94
36 55
194 277
16 255
58 269
233 266
17 264
60 97
1 271
23 165
46 163
45 52
79 298
149 220
145 213
36 74
113 193
128 259
21 26
111 287
46 209
71 160
17 77
112 173
116 223
17 66
47 210
106 148
43 271
63 123
19 59
198 242
3 77
201 206
224 233
175 254
260 278
74 163
20 30
26 217
64 262
68 222
71 235
146 272
93 228
23 184
78 141
19 224
68 236
259 260
112 129
175 200
189 238
180 211
31 43
101 299
29 62
244 296
13 93
59 296
14 218
85 265
138 169
8 68
155 260
86 100
134 166
3 147
35 183
56 67
3 126
64 87
179 272
216 255
199 240
65 145
269 283
66 170
10 173
206 237
4 19
29 256
103 148
5 86
74 80
84 215
124 237
234 287
92 269
35 166
169 283
1 256
26 88
25 187
137 249
134 157
182 274
79 267
82 150
180 270
136 264
202 210
45 219
69 72
166 245
29 257
160 263
44 89
46 204
93 204
225 287
224 260
115 254
76 171
99 183
17 40
88 267
243 291
150 261
10 184
43 122
131 167
3 114
151 278
147 230
169 193
14 298
92 178
78 149
56 271
91 176
133 288
10 290
100 167
234 262
85 245
50 183
129 201
44 257
48 143
138 222
60 83
0 293
76 249
218 242
69 245
189 252
207 242
18 85
232 258
185 248
207 256
157 237
51 209
209 228
86 157
134 176
113 293
23 143
163 279
82 128
184 293
123 261
109 198
183 202
96 292
6 104
32 246
237 263
42 158
99 275
12 107
163 259
160 171
81 242
128 232
188 280
187 241
47 253
34 63
69 285
13 95
38 63
16 215
71 131
181 258
128 184
63 216
62 241
108 291
30 205
175 179
111 210
89 217
38 292
12 94
65 206
31 85
68 252
202 236
217 272
168 293
97 291
128 214
50 101
200 265
15 40
108 163
227 283
58 262
42 122
123 215
144 207
136 218
25 277
161 181
182 234
30 253
22 288
136 269
102 229
156 174
63 254
141 178
247 290
239 282
160 240
186 279
157 167
29 57
75 118
226 284
82 105
33 289
115 193
83 137
95 96
9 278
38 46
12 104
96 144
32 240
149 232
126 177
93 149
86 223
213 214
49 171
107 263
218 291
51 288
81 278
87 262
93 255
10 151
32 126
10 223
175 249
151 240
49 111
116 210
123 285
206 219
194 226
46 239
259 278
20 203
152 216
62 115
101 135
22 128
109 140
125 143
236 293
66 275
121 137
93 211
60 276
74 206
182 251
104 277
87 271
189 291
166 170
57 126
206 291
82 197
52 164
0 40
51 72
166 179
24 80
174 229
2 153
3 229
175 190
170 232
69 209
32 164
104 262
46 191
124 151
44 240
199 214
170 235
25 211
54 251
80 102
23 36
91 195
135 290
106 262
53 182
51 168
160 266
101 254
72 197
149 212
181 297
135 231
19 190
77 153
17 227
153 225
79 117
92 146
52 212
244 281
120 147
1 286
84 201
31 291
238 274
184 251
142 212
218 269
142 216
150 169
4 16
79 259
40 220
171 215
162 239
221 298
92 158
119 144
2 223
6 243
17 234
197 253
150 262
55 254
28 296
22 157
0 276
161 197
112 127
57 254
68 169
61 266
240 248
1 186
28 180
7 139
38 178
211 261
120 126
53 193
62 195
150 155
27 58
159 187
206 231
28 198
110 260
191 279
90 174
80 245
115 283
6 279
7 89
49 76
9 113
30 149
268 274
155 240
70 153
84 103
31 233
93 247
164 196
58 215
15 29
31 165
5 292
40 259
59 162
61 201
25 273
105 157
160 289
193 210
196 298
14 291
196 290
252 284
125 237
111 179
44 252
63 208
125 129
27 188
126 179
5 228
52 113
79 178
85 173
74 134
13 251
125 265
131 283
118 245
101 125
166 244
259 269
66 67
14 58
143 195
117 154
103 216
15 143
18 78
97 174
48 267
96 243
186 272
89 176
37 53
30 247
105 155
93 267
9 26
57 69
36 164
122 279
85 216
152 252
166 274
34 278
136 179
32 52
150 172
151 236
14 250
150 157
289 294
33 86
51 269
264 297
83 266
17 249
4 131
174 255
24 39
171 222
46 215
36 83
60 235
174 277
152 230
192 223
34 134
122 274
251 282
1 192
30 236
190 212
45 274
8 257
13 298
64 203
237 244
35 68
99 137
5 7
0 288
45 63
17 22
10 248
113 263
122 228
112 214
23 284
159 169
68 257
96 195
46 257
9 290
25 166
190 206
71 109
78 151
17 187
238 264
62 70
25 172
24 214
6 16
10 260
75 284
143 215
48 167
70 159
156 285
73 270
216 284
97 232
81 125
239 274
36 161
147 217
76 251
188 241
99 170
90 194
3 23
135 232
120 158
16 161
2 70
140 258
59 249
94 279
81 124
41 219
146 254
76 205
65 192
8 276
127 270
56 129
19 210
18 178
101 263
118 270
231 290
156 253
13 18
136 278
224 277
251 264
81 151
122 204
185 206
118 199
219 285
1 203
16 80
76 169
237 265
39 92
81 246
88 167
56 237
138 260
81 85
164 178
149 276
219 243
228 244
175 198
234 253
111 138
232 248
100 227
114 290
59 161
17 111
23 192
118 150
11 282
15 275
94 163
155 221
73 206
80 188
59 277
65 226
181 273
24 190
93 265
64 209
9 177
82 208
8 142
82 236
117 274
26 226
23 180
122 180
82 289
15 253
240 291
80 173
57 122
32 34
140 157
66 276
142 289
190 297
91 183
41 112
176 276
51 82
14 41
73 182
18 175
93 244
103 159
183 286
58 284
228 283
78 270
25 177
15 189
125 209
173 247
15 31
16 246
6 182
106 244
166 252
31 110
154 259
100 146
73 223
1 2
149 288
72 90
93 112
6 80
126 235
56 185
213 283
58 221
48 134
133 229
137 266
61 273
96 184
57 146
195 257
23 134
285 292
89 282
262 289
234 240
83 174
140 218
53 135
43 273
44 293
34 226
219 295
71 194
172 268
15 117
29 252
110 164
89 137
242 290
210 274
76 159
264 276
262 278
41 121
69 224
2 240
142 254
151 174
57 228
60 165
48 281
45 104
261 266
217 290
34 233
101 214
68 198
73 118
78 150
35 127
78 262
52 226
55 109
152 296
191 193
18 260
176 228
148 265
119 239
135 258
52 285
32 215
95 166
116 155
55 116
220 230
133 261
5 161
159 243
34 214
121 252
39 99
76 150
131 234
0 85
105 109
132 274
9 149
19 186
127 209
48 156
39 275
74 219
206 254
197 243
162 167
86 164
125 259
218 271
215 222
182 210
200 284
70 250
172 211
56 104
61 198
74 287
25 204
222 227
198 292
66 167
101 215
122 224
26 175
218 255
16 156
7 65
18 250
200 228
190 227
60 252
34 40
63 145
26 173
237 278
81 296
188 254
181 186
100 196
286 293
26 281
5 285
124 127
57 113
27 212
236 299
176 261
175 183
177 199
138 270
181 209
32 196
182 224
114 268
2 51
229 260
103 115
74 263
284 285
18 84
87 226
101 244
49 195
228 279
24 69
11 204
33 280
123 214
122 227
25 269
84 239
9 150
70 155
91 244
69 194
6 84
47 115
40 54
215 227
2 292
179 277
12 240
14 198
5 266
92 253
33 153
0 183
213 286
80 150
65 85
57 249
89 140
97 273
36 274
67 217
164 187
85 224
88 146
247 253
124 169
68 82
45 107
12 70
225 281
106 193
270 275
155 163
43 70
174 243
180 293
223 258
14 221
43 102
205 264
25 190
250 290
87 162
48 299
239 294
1 221
115 182
255 260
125 267
52 90
256 278
196 232
13 85
37 72
4 236
101 175
138 228
6 53
24 152
62 116
30 189
7 178
262 264
25 259
139 148
0 278
83 122
126 164
51 169
40 162
118 258
4 169
186 245
244 295
64 178
124 156
152 236
0 71
67 157
127 181
169 209
33 138
68 109
27 154
134 207
0 239
14 187
57 209
182 261
173 227
41 282
114 250
37 240
23 131
30 148
43 145
223 268
153 184
139 256
127 131
156 198
94 157
43 266
62 287
21 47
153 196
60 67
38 110
54 149
140 249
48 180
230 245
18 27
194 245
229 290
148 274
29 90
244 265
86 109
133 191
184 207
26 235
1 97
12 132
79 230
158 247
81 217
72 249
36 247
220 241
183 289
78 167
191 240
145 281
150 297
163 224
14 100
7 254
108 285
123 125
87 110
130 258
42 139
3 32
63 197
46 91
73 149
134 215
73 234
42 87
264 278
97 193
208 280
59 272
63 255
82 167
16 124
47 161
64 66
10 46
70 136
69 243
36 49
129 222
44 160
143 208
10 50
129 189
34 148
250 283
50 259
34 276
192 289
141 182
58 222
180 198
49 232
72 77
6 61
16 239
181 183
127 204
119 204
42 94
82 278
129 203
4 18
145 269
69 273
214 237
111 225
95 231
4 100
81 108
216 217
71 159
5 8
97 182
239 257
184 277
1 164
0 229
155 233
171 249
267 288
30 238
207 299
68 203
147 218
106 161
44 103
58 63
142 225
281 284
114 243
71 284
230 279
90 171
46 243
26 257
94 235
163 181
264 274
158 225
49 286
16 166
269 290
56 295
26 67
230 241
242 278
145 282
12 93
214 284
96 277
100 144
26 62
86 137
146 228
3 117
80 118
99 256
118 163
15 235
30 48
129 289
148 157
62 276
76 211
73 264
42 181
196 273
115 127
211 236
183 267
158 233
14 179
166 299
29 190
90 276
114 153
131 195
216 262
41 48
122 241
96 118
54 254
180 185
93 145
82 122
241 285
194 285
63 106
12 187
212 226
105 236
108 183
69 261
16 221
52 194
190 219
124 184
98 293
133 234
45 157
81 155
101 105
30 243
156 171
56 81
259 277
74 115
157 257
6 59
52 93
107 131
46 245
127 137
134 226
21 207
30 229
222 286
67 123
249 288
273 293
18 297
41 77
247 276
29 136
46 274
91 108
59 153
31 156
72 112
74 103
130 253
64 122
93 217
170 253
97 143
260 273
91 163
19 121
114 200
43 51
149 284
50 218
273 284
248 250
108 207
70 71
133 217
53 257
9 200
101 288
219 256
10 267
226 263
6 273
63 245
75 203
99 188
130 168
170 269
70 187
117 175
171 259
82 110
29 195
7 80
36 113
118 158
227 281
55 284
20 258
25 213
90 228
21 44
112 187
9 267
14 174
71 124
96 126
71 228
171 293
235 290
17 147
71 218
53 170
99 158
7 275
17 151
228 286
210 294
162 181
107 292
74 239
183 191
67 80
110 268
95 194
88 102
89 211
133 177
74 111
91 260
170 258
105 262
228 278
251 272
14 105
47 170
97 138
7 244
173 174
35 140
55 71
193 244
2 67
32 98
92 141
54 121
224 251
126 189
12 140
191 275
8 201
54 107
109 134
11 194
9 12
162 171
127 231
224 272
106 278
223 264
285 286
113 246
92 259
215 255
260 264
81 183
111 196
37 254
111 255
12 219
126 221
2 249
39 261
102 265
81 112
83 255
153 251
253 268
41 153
29 152
160 173
89 227
188 247
18 267
151 167
169 172
241 295
45 136
68 136
37 133
56 270
214 232
61 135
153 248
132 294
143 209
112 238
73 169
11 61
25 246
219 260
140 273
190 236
257 262
76 286
219 277
2 27
5 74
152 167
159 166
88 184
223 248
252 271
72 114
142 272
58 286
226 244
0 207
15 136
219 287
77 96
225 239
139 199
158 293
91 251
55 262
94 162
7 104
251 280
223 237
20 191
111 189
22 75
52 216
2 186
30 184
76 114
30 269
74 117
109 139
98 280
236 259
250 272
167 284
0 62
60 153
204 231
183 253
37 271
109 297
171 206
81 163
238 254
13 68
33 201
42 234
241 290
117 168
6 73
87 139
118 119
66 145
217 293
100 180
127 238
65 80
189 191
210 268
11 153
16 186
241 264
67 94
57 224
30 81
237 294
7 150
105 226
58 83
28 149
13 196
132 244
160 277
49 115
124 176
56 138
137 184
194 291
231 289
165 265
76 108
22 83
92 268
52 175
72 275
125 151
70 263
154 263
57 185
3 68
32 273
10 133
181 275
97 253
55 255
209 213
42 261
0 36
49 104
52 290
196 238
211 232
63 117
78 202
180 285
27 69
54 63
88 278
136 182
76 255
72 251
3 287
93 243
197 215
126 137
82 299
44 125
17 36
49 158
13 146
118 126
3 122
110 244
257 285
84 163
48 237
34 54
47 232
202 274
271 290
102 134
86 273
123 178
46 258
21 89
64 231
28 224
107 282
168 292
116 214
131 194
66 204
54 169
99 287
124 142
167 180
70 103
64 210
42 97
154 252
209 258
211 259
110 295
4 66
189 222
24 144
28 275
40 194
28 34
50 139
69 74
33 227
14 157
95 243
40 73
39 141
152 156
111 173
40 273
142 159
117 298
51 184
93 150
102 212
217 292
18 125
123 233
200 217
149 177
60 218
7 98
119 127
19 26
153 177
12 227
97 289
171 283
163 255
124 213
143 270
113 218
64 76
96 108
3 70
54 275
121 286
81 86
185 208
16 252
104 187
116 192
58 73
105 259
7 136
90 257
75 227
52 75
151 247
74 99
87 104
147 280
125 253
38 158
16 94
103 286
82 129
166 198
20 297
0 266
119 288
11 23
73 128
113 163
102 173
139 223
230 295
30 55
28 121
77 277
118 286
124 290
173 268
268 285
67 117
121 248
51 148
111 205
55 114
2 19
133 280
109 162
154 267
144 278
47 162
70 231
45 90
12 155
29 244
58 299
106 273
79 80
18 113
14 281
146 157
121 274
19 67
41 273
66 105
57 194
77 99
151 246
172 227
47 114
100 203
37 129
83 239
4 28
114 270
48 226
253 298
156 191
234 244
92 263
47 101
70 217
57 101
145 206
207 212
70 292
27 243
167 197
145 207
87 261
236 294
5 156
154 283
61 156
127 135
79 125
171 174
56 160
157 158
77 245
29 39
64 93
38 101
97 166
29 31
100 257
199 277
221 238
123 189
171 264
32 262
78 196
94 266
45 182
143 152
134 265
227 295
22 200
214 250
195 217
184 185
208 261
16 189
111 163
191 195
181 208
63 177
269 280
0 191
239 249
194 216
128 290
107 153
59 123
99 157
86 262
239 262
223 263
193 291
35 182
8 177
27 276
150 224
93 165
145 180
12 199
12 37
96 244
19 132
39 246
5 197
9 193
4 262
46 113
265 294
275 295
211 279
35 197
158 217
173 253
152 232
26 218
145 298
76 240
0 42
87 274
66 169
75 112
7 204
35 125
9 86
31 70
6 27
138 157
226 283
98 124
146 149
15 166
52 147
16 96
119 208
101 109
168 295
96 147
189 258
1 226
36 213
129 215
3 259
19 69
290 292
26 157
109 219
149 159
19 206
7 78
27 63
22 177
253 274
53 278
73 228
113 226
224 269
149 164
32 283
24 120
100 283
147 256
20 65
79 236
15 225
56 246
125 280
123 147
31 177
245 278
209 221
66 82
97 177
168 218
70 228
103 229
90 191
26 201
55 167
143 297
38 71
27 87
47 74
9 138
237 251
114 280
41 240
81 175
5 83
14 269
57 142
91 147
120 194
98 241
16 148
0 117
66 81
74 299
121 251
105 205
39 72
101 218
28 251
244 258
80 196
13 266
59 121
153 180
167 188
218 270
50 267
99 265
55 231
210 233
193 236
199 210
3 244
42 198
233 246
12 47
14 106
95 125
85 272
206 257
10 20
36 294
236 240
86 249
62 179
80 218
195 230
67 218
39 297
19 80
75 156
86 132
77 204
117 281
139 299
120 242
33 184
74 220
93 198
257 283
77 286
83 106
169 191
243 282
122 299
13 184
94 195
44 173
32 230
101 278
103 267
212 215
149 254
121 270
226 281
128 215
0 70
119 233
140 270
55 102
218 293
79 215
77 205
46 109
42 211
92 94
41 162
141 244
8 271
110 236
57 87
159 180
249 272
164 200
91 104
141 271
113 115
62 285
232 267
167 286
164 203
209 233
152 193
45 243
152 210
22 148
177 225
171 229
59 118
122 280
120 191
47 166
30 143
150 256
133 174
41 76
115 225
202 238
60 279
150 187
223 254
129 165
24 64
137 236
107 206
22 91
163 200
22 162
72 284
115 145
164 244
17 135
141 277
15 115
33 59
51 97
132 152
21 73
12 292
47 226
163 285
215 216
36 69
61 63
100 237
20 269
27 279
194 204
167 178
262 298
60 151
142 219
83 240
155 286
0 255
68 104
29 46
134 260
26 237
78 108
104 268
21 250
38 67
206 272
11 285
191 208
26 168
88 112
99 149
2 44
13 61
76 216
90 103
168 210
79 290
14 214
217 261
125 173
53 292
195 279
121 175
1 166
162 210
169 215
0 215
149 204
180 236
221 267
236 237
40 176
217 276
6 128
122 260
18 204
139 252
16 188
78 201
44 139
98 171
60 224
142 257
109 263
150 184
170 257
243 275
12 222
30 71
148 151
195 220
189 197
53 297
125 215
86 171
112 215
183 190
164 299
66 227
31 186
62 181
13 225
62 186
40 279
64 105
74 295
82 132
158 171
5 247
98 285
94 289
260 269
173 271
14 63
31 64
113 232
242 296
64 185
252 257
178 283
17 200
45 164
40 51
126 205
116 178
200 232
33 115
106 115
169 201
184 268
216 266
110 201
27 185
106 182
68 85
12 73
134 223
89 147
88 139
143 242
133 236
74 298
53 186
55 136
31 159
108 253
54 228
189 254
1 288
225 245
178 262
36 78
99 144
66 98
165 299
15 49
174 194
230 268
89 260
179 228
266 292
26 107
102 155
50 295
28 95
50 72
71 130
66 183
97 197
151 158
109 251
114 244
100 274
150 174
191 220
74 98
24 272
64 173
33 68
258 269
163 274
6 220
222 235
172 287
2 247
88 238
150 264
216 283
33 46
51 71
22 150
136 295
41 125
47 107
44 143
198 231
203 297
100 152
40 184
62 91
66 97
176 215
52 136
69 136
283 286
77 257
122 211
240 256
7 71
35 63
49 262
96 152
5 69
139 257
35 152
179 279
172 187
37 108
15 293
41 93
43 63
43 162
154 249
224 294
39 105
63 282
84 249
160 227
136 267
241 276
103 143
226 288
29 217
47 196
196 247
271 299
110 194
240 276
186 194
62 117
29 263
100 168
47 181
77 206
62 74
94 268
98 264
42 93
64 164
167 270
27 122
3 19
28 237
147 157
22 67
124 209
75 145
10 174
32 290
217 240
140 205
54 185
75 209
108 289
164 280
42 138
2 62
65 76
32 239
67 74
174 287
19 122
178 294
120 164
77 122
267 272
64 101
136 209
124 286
6 39
100 271
33 132
21 157
112 257
62 133
155 209
29 149
27 30
168 280
68 292
36 171
19 20
31 191
103 170
122 245
48 49
18 214
14 139
67 225
90 95
0 101
114 166
14 248
26 124
2 107
113 247
246 283
105 146
189 265
164 240
117 222
39 118
109 121
41 95
21 83
58 152
6 108
36 225
8 285
190 287
295 299
52 183
82 134
174 250
260 294
150 199
39 291
35 228
145 164
25 50
83 293
18 200
90 203
29 189
95 164
120 146
9 244
37 77
150 223
174 226
59 229
18 238
160 284
115 249
77 201
20 175
15 86
21 94
12 274
33 231
78 148
31 62
1 188
33 297
174 176
87 122
32 118
177 190
62 204
190 263
26 211
16 155
52 281
55 200
213 263
75 267
87 186
53 177
99 273
20 33
219 229
231 258
174 202
78 114
23 114
43 93
229 283
169 270
148 253
139 291
143 167
143 182
158 208
82 199
47 129
147 267
39 278
50 177
212 299
88 154
59 289
78 162
53 121
121 188
93 142
3 121
177 267
136 180
76 173
218 262
208 255
32 198
184 214
53 286
49 162
22 247
76 91
139 217
211 284
148 202
33 194
91 272
102 162
38 283
155 238
20 158
112 259
90 256
77 233
145 287
81 250
93 107
26 125
47 75
40 77
139 221
238 290
96 190
188 207
135 230
80 155
82 114
59 63
175 209
46 293
79 146
72 139
86 242
57 137
11 126
30 157
4 83
18 196
132 272
98 140
38 73
17 256
56 297
149 280
195 273
102 218
238 285
45 59
279 282
124 246
259 266
11 68
27 94
100 125
92 195
23 265
46 205
114 232
170 215
2 101
59 152
107 162
87 119
82 294
218 251
117 280
69 70
31 107
104 138
207 261
67 244
98 275
170 234
118 156
171 235
175 223
224 240
22 256
147 213
115 298
8 284
225 276
143 233
54 276
50 125
24 159
112 245
51 235
215 220
103 134
113 137
124 232
56 145
103 107
231 293
13 262
124 157
0 69
35 255
50 275
47 207
110 269
92 127
76 170
69 171
20 39
21 147
124 175
37 70
40 178
7 263
11 263
5 104
133 142
30 194
186 189
172 176
107 188
62 90
179 210
14 192
122 285
9 167
25 228
45 216
45 200
20 105
84 257
291 297
28 261
174 232
12 167
115 174
96 256
44 247
166 188
134 178
140 261
8 260
176 274
7 188
89 223
39 264
3 212
14 113
158 188
59 60
18 136
23 255
162 237
0 92
267 284
73 96
170 190
23 149
156 202
162 256
8 253
130 149
102 172
72 245
50 282
161 186
59 261
8 206
135 279
222 240
26 47
64 65
137 161
220 269
82 218
173 242
221 270
86 218
255 266
12 206
84 242
66 83
108 277
46 84
199 206
170 187
51 227
158 200
217 295
187 252
53 285
98 147
228 265
128 263
82 118
147 291
30 63
274 276
62 122
57 198
117 279
34 298
13 143
51 123
113 121
123 266
210 295
142 184
2 71
36 187
103 145
152 298
227 231
2 26
67 251
94 159
43 155
13 253
53 174
56 287
97 276
69 259
12 186
147 148
196 220
264 290
180 259
8 239
161 226
120 181
38 40
64 205
145 238
167 222
97 224
72 180
95 234
189 287
219 279
225 235
64 176
7 79
73 210
9 77
28 295
7 41
231 257
140 156
42 60
140 277
233 239
142 157
29 273
13 265
173 212
160 172
89 165
24 160
39 130
95 227
258 281
133 183
256 274
65 175
126 273
116 251
28 151
88 225
51 199
161 190
162 189
44 130
184 195
36 77
124 133
21 81
86 158
111 267
208 297
0 252
177 240
34 244
7 145
43 220
58 287
4 25
140 217
80 214
12 26
2 6
45 190
63 71
2 18
197 293
78 103
40 281
6 297
152 276
143 160
15 164
79 200
99 127
105 289
117 221
20 43
2 180
44 238
72 136
41 204
150 202
155 162
119 186
128 225
33 178
72 161
152 187
66 140
88 153
71 294
61 130
44 227
205 255
42 207
114 118
145 272
37 80
146 226
18 148
65 270
64 74
129 267
0 121
41 290
136 198
49 193
157 195
53 125
130 143
19 268
192 208
99 132
266 279
240 255
111 266
70 245
76 182
170 238
35 229
96 149
18 161
287 293
158 273
140 240
199 235
113 210
126 141
92 132
70 225
107 247
161 253
165 270
192 201
261 280
27 151
209 225
51 83
55 115
160 188
126 265
6 14
126 157
207 210
44 98
151 220
64 192
185 275
68 192
173 185
114 261
75 207
195 264
26 178
165 289
33 283
10 110
129 164
6 266
8 121
120 167
189 243
174 236
53 167
39 42
208 257
274 277
9 162
38 83
102 167
152 170
57 152
26 95
63 201
48 233
159 272
7 9
22 273
24 176
85 105
241 269
47 262
140 260
37 157
252 269
10 168
134 190
186 217
231 247
95 291
108 258
38 291
87 196
88 176
48 137
156 162
78 128
199 279
133 162
224 239
21 79
126 134
65 186
126 148
216 231
81 162
8 95
6 162
252 278
83 152
231 284
14 91
12 61
8 198
122 133
185 228
63 246
73 284
32 157
100 244
78 166
49 214
131 297
115 169
12 230
71 192
49 282
93 109
251 284
101 196
227 294
22 77
133 225
149 275
34 96
17 233
51 61
84 149
94 278
196 288
9 215
83 139
88 95
21 197
216 272
110 227
240 284
0 91
10 222
161 204
239 267
78 152
72 213
98 108
36 206
45 48
123 232
119 210
88 260
248 254
79 188
202 208
30 100
153 203
105 129
73 222
87 125
165 288
187 267
70 235
21 35
105 127
170 279
78 260
202 254
192 205
152 226
186 210
133 181
175 216
229 265
152 246
101 171
200 249
143 175
181 266
7 283
0 216
14 268
250 268
83 243
100 156
87 229
158 186
73 111
96 159
97 257
86 212
56 151
62 102
131 265
26 253
128 147
14 67
83 229
28 279
4 176
233 237
138 241
49 266
15 108
22 30
27 288
94 111
238 251
111 243
59 89
263 287
2 121
291 292
155 165
191 260
25 230
112 268
55 192
197 254
221 236
8 238
66 273
95 230
67 148
78 158
87 209
64 202
137 277
76 259
51 296
105 248
191 280
6 290
117 262
50 250
61 152
135 260
150 292
118 175
18 70
8 223
167 267
232 240
80 229
50 149
21 97
112 229
150 190
124 259
30 226
189 214
190 195
4 137
137 142
212 280
79 189
129 150
26 90
180 199
135 175
107 171
54 260
21 99
37 209
43 293
265 276
116 120
208 225
146 222
175 265
59 88
93 118
5 265
216 261
28 136
177 258
77 112
67 90
9 21
24 271
53 262
75 124
30 187
128 177
138 152
93 170
55 204
148 193
29 60
164 180
108 126
47 230
244 249
110 168
68 204
49 270
107 182
109 293
109 226
189 223
48 85
127 206
269 279
78 207
49 180
227 228
8 211
46 118
28 56
36 184
60 156
31 180
86 123
66 80
268 287
158 253
86 172
78 231
54 294
200 223
191 239
258 272
16 173
130 156
9 50
65 93
100 138
22 290
16 33
16 71
154 290
55 270
148 251
128 188
48 250
124 287
209 224
102 297
2 100
242 293
36 157
184 286
158 241
209 283
105 202
185 222
70 221
54 172
117 166
52 289
175 187
132 217
147 192
38 207
234 261
52 240
102 278
132 211
47 95
57 108
150 159
13 283
175 273
205 210
11 14
35 164
41 75
157 287
70 160
222 231
182 198
176 268
51 129
73 123
127 287
98 272
33 210
128 207
89 172
33 148
69 189
45 253
81 166
253 289
287 288
153 296
92 108
118 264
240 273
122 222
72 122
174 274
100 276
139 140
236 269
130 155
23 175
182 293
92 171
52 227
20 34
173 231
137 138
132 289
225 256
81 177
37 217
59 179
13 123
188 251
62 202
170 202
77 184
140 252
168 203
30 166
10 127
28 86
151 282
75 85
46 72
101 251
86 151
99 145
72 276
95 276
206 250
209 256
2 299
118 206
152 227
104 201
41 254
180 194
234 289
98 234
9 219
66 271
20 194
24 222
13 135
133 278
222 277
159 185
5 15
154 281
151 263
34 124
217 263
236 249
75 171
33 245
191 285
48 84
94 212
163 199
6 187
8 70
122 200
152 238
135 240
79 109
202 241
11 102
105 140
216 286
122 150
106 109
18 21
103 294
70 236
149 260
185 288
181 290
18 261
1 270
203 289
14 253
26 143
42 177
122 286
25 48
125 211
91 137
13 70
107 175
146 292
35 180
98 143
74 262
33 110
49 277
34 175
5 274
123 228
214 297
10 139
150 279
140 211
88 200
168 194
14 142
90 198
35 85
116 215
214 239
84 120
45 234
2 92
72 263
170 223
21 269
85 296
72 269
150 265
50 103
54 159
162 284
195 287
185 211
72 287
207 240
2 286
28 181
122 244
264 281
46 75
161 224
192 214
45 51
157 187
168 297
203 209
30 279
278 288
8 9
56 152
179 268
48 293
102 156
203 291
113 166
170 230
56 105
188 223
170 193
14 144
52 204
50 266
175 235
109 144
68 296
9 65
14 132
3 165
1 36
2 151
141 265
212 233
78 157
81 146
88 232
22 40
4 272
51 111
23 105
29 260
181 220
12 39
33 96
141 186
32 277
51 101
117 227
183 219
151 200
60 157
136 140
141 193
54 224
34 50
108 151
122 219
54 67
18 156
100 231
115 217
48 278
132 185
97 171
164 213
40 280
122 207
10 258
93 178
71 90
37 284
183 222
31 242
60 256
67 243
79 171
101 274
51 236
67 219
11 48
8 128
21 133
109 177
137 189
100 174
7 284
140 196
143 153
77 165
162 270
111 236
43 222
5 252
91 100
4 139
152 280
113 225
16 73
155 299
64 249
65 144
35 245
32 107
176 248
6 131
60 296
138 250
88 114
63 122
1 198
114 277
231 286
91 151
229 249
118 229
111 270
105 267
232 285
62 273
234 297
206 261
111 280
98 127
57 296
56 243
157 239
122 129
210 241
171 266
109 250
114 136
116 196
210 298
132 237
272 278
202 290
75 163
4 120
67 97
11 288
23 169
17 138
87 259
10 137
242 288
45 141
190 243
272 281
181 248
44 80
81 119
80 273
144 251
78 199
82 181
49 272
171 240
103 225
32 206
35 282
33 215
37 283
157 190
105 114
37 123
57 229
45 255
100 299
41 292
75 232
62 271
273 274
18 34
149 188
2 176
149 183
10 92
80 168
88 94
154 227
145 263
131 222
102 241
73 138
108 230
232 263
39 167
94 169
3 298
69 107
59 285
190 254
135 162
69 256
12 174
64 68
84 285
62 73
132 159
24 287
59 204
100 155
4 149
1 296
6 283
147 197
235 294
197 286
122 152
56 88
260 293
226 269
128 155
128 235
237 245
96 154
82 203
148 153
55 299
99 150
6 120
42 254
108 266
191 238
17 106
174 288
196 226
206 292
184 264
68 134
141 298
120 122
140 210
179 206
12 82
8 149
156 280
113 173
116 187
135 288
139 283
108 296
161 192
44 100
2 222
41 57
47 144
18 19
138 183
103 241
34 193
70 204
11 217
95 122
158 299
258 277
104 208
33 279
130 284
1 84
136 268
112 292
192 211
168 291
82 133
237 264
129 255
36 101
125 158
52 167
122 221
151 153
170 176
144 177
94 213
156 185
165 258
28 299
73 254
219 232
59 228
65 75
85 141
174 273
111 112
114 267
16 289
97 101
252 260
89 90
152 200
26 249
94 217
45 124
62 270
208 288
68 286
196 197
44 216
85 295
157 254
39 196
141 152
11 219
135 261
253 256
85 210
84 150
252 259
58 268
71 93
100 189
54 193
64 193
77 163
2 233
124 160
130 131
102 152
186 200
41 266
39 109
241 268
106 255
38 80
55 250
292 294
19 55
17 64
53 168
80 145
94 285
203 263
171 196
35 148
12 263
69 280
14 277
220 237
67 246
92 103
51 66
151 189
82 281
9 153
10 209
89 111
198 236
242 258
182 292
206 246
189 260
70 261
11 168
249 258
170 196
94 158
39 187
40 100
61 104
32 278
52 230
38 232
201 250
129 260
21 206
72 277
18 127
14 43
99 176
96 151
30 89
33 177
264 272
193 266
12 164
148 211
43 280
142 229
86 152
82 253
41 256
120 139
83 297
104 216
206 226
168 251
153 220
56 121
4 261
77 106
83 171
106 198
9 67
142 241
106 214
98 107
186 271
87 105
109 142
174 193
21 198
2 160
133 286
111 263
69 135
186 223
132 231
130 191
23 156
133 196
105 195
59 187
57 182
85 138
90 255
271 272
2 280
26 98
127 248
34 236
28 44
252 293
141 296
29 164
43 217
172 247
98 205
138 294
88 292
114 174
159 228
9 173
56 204
3 42
72 278
231 236
2 110
175 245
224 287
34 264
65 101
83 177
130 200
40 111
109 149
30 131
126 144
29 187
22 254
201 229
110 296
97 100
142 233
217 279
28 42
41 215
90 247
192 267
139 230
24 187
19 194
99 162
208 296
157 255
89 184
54 287
161 274
60 266
158 275
76 139
24 282
201 213
69 105
16 130
282 298
94 256
23 59
235 296
63 189
5 34
68 284
128 226
46 230
216 273
35 244
41 87
97 141
66 96
28 287
39 145
114 231
258 295
240 286
73 116
176 266
14 26
150 282
100 290
132 210
72 89
134 287
33 87
43 177
32 63
38 246
28 182
158 268
181 251
235 276
141 283
95 265
85 217
60 290
150 215
49 85
10 170
75 237
102 151
62 188
284 287
56 119
27 99
160 217
59 217
36 220
4 111
70 268
132 134
101 185
26 254
259 290
0 114
81 138
212 287
251 261
140 232
45 198
68 206
54 111
52 78
201 267
71 243
7 107
87 130
16 298
66 79
87 136
17 129
168 170
146 199
48 217
71 232
127 195
86 299
79 122
196 209
18 170
109 228
153 283
37 154
72 143
14 246
135 272
45 214
120 150
211 233
87 288
98 123
81 241
166 275
144 196
65 278
16 144
21 183
210 283
89 257
139 188
49 156
123 282
232 292
2 267
23 121
2 83
27 124
173 190
76 235
254 270
64 238
69 153
182 260
14 159
47 131
12 290
27 259
2 227
63 78
109 181
44 137
289 291
188 283
222 247
132 140
288 293
155 186
167 196
75 251
215 262
199 200
34 269
184 248
177 206
30 36
147 259
100 280
115 204
102 298
46 200
43 287
8 66
147 176
32 172
29 229
93 232
82 138
127 202
77 261
232 296
67 254
65 156
85 90
61 177
7 87
16 114
274 287
27 253
15 270
3 151
162 184
187 283
153 256
11 26
47 157
78 174
152 245
195 199
17 201
44 77
87 279
42 147
188 193
184 263
18 237
20 136
97 298
157 272
51 80
141 258
142 298
13 240
105 113
70 213
10 177
94 177
81 290
76 247
235 268
50 92
112 191
26 260
58 291
188 248
215 240
239 264
146 183
103 193
67 82
46 104
50 253
155 176
50 58
207 281
34 207
5 146
4 230
144 280
218 232
62 290
61 267
28 37
233 275
54 273
137 252
137 282
58 103
218 299
195 240
108 278
20 177
44 135
228 232
97 125
53 128
184 298
25 163
75 152
59 297
42 195
85 124
106 294
101 152
39 124
13 296
208 269
187 230
98 232
9 262
296 298
28 230
134 198
129 223
146 191
79 120
246 257
171 289
17 295
19 256
148 165
117 240
116 246
3 281
16 200
235 287
127 143
76 202
281 299
76 110
142 164
53 199
133 147
85 86
172 244
103 190
49 298
24 28
52 126
177 296
10 17
5 250
80 189
21 27
2 187
142 261
18 144
75 174
85 158
10 122
76 279
140 244
25 231
2 136
66 198
179 274
0 128
74 162
122 272
56 83
183 221
9 19
66 162
129 186
204 278
79 184
113 122
191 283
88 261
77 166
33 209
53 147
0 180
80 250
171 230
24 163
121 257
72 221
25 72
142 277
117 243
58 240
85 285
35 281
67 265
199 227
138 253
119 168
97 170
25 298
13 227
58 275
4 78
111 174
66 217
35 275
84 87
20 206
229 266
31 187
127 297
13 164
1 52
163 282
11 22
106 117
60 159
152 214
108 294
101 142
98 102
113 202
145 224
116 153
120 266
171 297
75 108
151 285
136 237
71 253
118 237
6 69
23 257
82 212
25 203
15 298
6 185
76 237
199 217
106 226
7 43
36 108
121 220
108 154
83 232
196 214
244 273
94 215
163 215
213 282
20 172
120 197
189 278
266 291
44 222
43 167
245 293
80 125
128 280
16 257
67 223
65 188
71 108
57 267
173 282
177 178
19 148
65 296
107 140
6 171
75 189
45 109
47 126
31 227
67 100
138 298
130 151
46 133
154 271
26 44
17 143
50 247
101 264
14 183
108 220
146 236
35 181
113 208
157 201
3 71
36 255
120 131
97 121
16 78
248 280
134 293
5 194
55 196
178 257
83 292
107 136
53 221
2 271
62 233
31 105
22 272
171 280
12 288
39 189
133 182
125 229
139 219
188 219
36 52
76 275
135 148
151 202
161 258
197 206
96 247
15 209
123 255
213 248
212 217
119 235
134 148
117 270
164 209
139 275
165 290
77 254
81 156
138 195
123 242
88 197
109 196
33 55
166 211
8 97
142 249
120 218
61 248
106 295
2 140
48 268
82 245
104 171
81 255
48 270
80 197
29 228
114 193
57 272
181 196
57 153
248 295
102 193
98 159
62 243
111 241
8 281
132 234
224 247
183 209
44 294
242 263
232 269
11 195
64 83
101 167
152 283
219 230
223 239
7 135
107 291
120 220
144 243
198 270
106 174
130 207
5 293
248 279
20 40
183 250
214 222
48 74
17 121
82 171
23 254
94 180
125 136
94 214
101 122
148 299
69 238
187 201
126 162
109 120
0 173
105 168
15 227
35 122
123 137
165 287
13 286
55 288
245 285
175 256
45 222
144 252
123 284
0 205
146 227
69 162
25 160
103 252
49 90
137 255
204 224
59 276
94 124
100 206
169 259
12 258
220 257
161 239
282 288
63 212
49 229
160 245
48 174
15 295
19 226
8 86
134 264
80 107
84 196
168 253
226 265
124 182
114 272
172 260
33 38
66 240
60 100
147 151
77 282
193 211
3 278
26 180
65 150
127 146
127 273
14 84
43 183
58 232
13 117
107 254
195 296
223 246
193 226
116 193
157 206
7 280
270 297
20 147
57 93
17 88
164 190
179 240
188 278
174 286
90 173
171 243
119 133
61 95
57 150
260 287
267 298
59 108
106 260
145 157
262 284
42 295
220 233
161 237
14 70
99 107
7 213
53 277
146 250
190 290
56 180
128 227
231 297
126 173
169 231
114 160
14 188
186 263
10 236
200 245
21 219
248 299
266 284
36 232
13 27
141 148
157 202
152 293
105 266
75 146
33 51
120 201
73 245
106 238
119 179
128 281
160 249
195 234
24 245
165 252
18 91
34 98
95 261
45 97
32 165
154 222
147 258
120 289
44 154
79 276
188 274
109 299
204 275
34 299
12 271
66 74
234 246
62 182
227 257
0 21
37 143
88 135
170 287
31 254
37 117
34 250
26 196
123 274
151 288
99 156
67 127
130 159
271 287
133 255
8 14
12 109
133 256
203 293
201 202
97 117
78 80
52 187
34 237
212 286
78 290
80 297
31 267
47 152
101 112
231 245
5 237
147 257
152 267
17 33
46 240
25 181
15 184
57 188
124 179
13 158
155 156
107 191
42 148
27 260
248 288
137 146
254 292
49 95
41 279
52 277
48 117
121 152
18 155
276 287
248 290
14 69
50 124
249 268
28 168
10 87
223 260
252 290
70 167
65 267
19 158
130 241
149 242
185 218
142 295
210 232
27 155
106 110
136 213
252 282
104 129
15 110
103 142
79 211
272 277
171 190
171 261
97 181
101 157
92 293
225 263
35 268
70 172
152 203
81 148
1 21
11 243
24 212
84 218
61 172
78 109
201 287
118 196
24 226
47 177
26 234
12 138
205 283
139 158
69 156
71 154
234 293
147 233
154 284
38 54
34 240
184 240
263 291
53 282
187 268
108 239
225 285
97 201
126 169
187 245
25 206
78 245
4 203
54 65
13 293
153 163
106 266
15 256
16 116
70 82
127 224
244 294
104 113
41 133
14 220
8 19
13 299
27 48
44 289
240 277
42 204
215 246
26 97
120 258
13 59
62 249
187 212
30 109
0 163
77 243
45 70
10 41
68 232
71 189
159 196
17 125
63 210
196 256
146 170
101 163
6 210
232 297
221 288
187 236
29 66
14 103
79 164
162 206
159 202
106 175
12 211
212 270
275 291
10 299
102 113
134 248
39 236
18 240
14 199
183 248
203 238
3 112
149 271
95 251
42 242
0 285
54 161
23 174
172 208
40 290
83 162
51 195
107 130
178 287
199 223
21 284
237 247
126 234
5 63
281 291
170 274
123 205
12 260
148 264
166 173
79 90
260 292
85 181
166 218
96 128
94 193
59 182
39 158
7 30
32 286
34 141
107 121
102 123
28 246
103 139
262 269
183 273
240 254
74 190
192 194
167 183
40 248
25 38
41 281
3 280
201 216
33 88
133 193
79 238
171 295
102 146
260 274
9 275
213 259
165 216
111 191
6 177
59 98
114 215
129 269
54 129
171 183
75 96
168 273
12 162
164 267
74 182
29 138
24 98
98 210
46 263
134 284
21 244
93 168
99 131
218 228
7 83
241 262
104 124
45 174
144 161
125 178
221 290
91 177
148 280
17 96
207 260
94 172
186 283
31 173
103 205
24 202
110 154
119 192
14 65
66 172
10 93
126 291
77 149
68 150
98 290
78 238
169 199
61 133
225 294
134 266
3 92
193 238
123 227
91 238
77 193
45 241
251 278
23 107
151 227
199 218
53 108
58 228
207 254
19 277
17 232
154 232
141 216
52 58
138 290
136 166
22 63
11 76
95 245
23 76
24 49
53 118
0 9
135 198
103 223
42 265
20 202
9 202
41 46
15 264
5 110
148 225
22 292
122 234
21 161
209 262
18 180
85 116
227 296
148 213
107 166
66 221
103 220
48 138
139 273
94 207
36 70
24 154
157 189
66 127
53 64
8 221
65 253
241 249
9 101
105 106
34 112
225 274
102 107
63 249
70 114
222 232
16 110
53 112
34 273
82 106
136 216
8 78
186 215
44 268
115 128
67 76
35 291
139 248
78 239
219 240
99 113
109 174
92 101
91 205
202 262
78 289
81 198
48 171
270 279
25 245
24 33
32 54
11 110
80 242
28 262
122 291
41 86
121 226
61 96
30 92
59 109
212 219
147 210
166 271
209 230
82 255
34 57
123 258
65 295
86 280
208 277
66 99
53 195
156 289
45 162
56 260
80 260
123 195
89 156
94 181
189 247
28 62
80 187
70 280
157 241
135 277
32 221
45 69
9 237
103 108
195 228
96 145
105 227
112 158
26 216
87 197
14 19
160 291
15 238
71 169
1 19
123 182
280 291
27 297
88 132
129 198
57 145
25 128
83 241
51 238
84 90
48 112
9 17
80 204
15 90
36 231
96 297
240 244
222 267
136 174
158 286
18 105
118 190
225 247
99 130
176 206
272 276
262 273
189 283
143 223
46 132
28 100
96 132
7 28
180 235
183 217
27 203
7 299
149 156
53 75
129 256
158 177
62 87
42 246
114 203
260 285
49 75
30 283
84 130
147 251
127 255
198 280
218 224
260 290
17 204
201 222
110 189
142 246
45 189
36 119
273 281
107 138
64 129
265 292
40 275
103 153
241 298
9 292
139 169
99 161
78 135
90 197
92 229
66 77
221 243
81 212
5 154
41 166
129 156
20 45
63 224
140 180
161 240
4 61
21 236
284 298
25 168
81 245
123 224
181 189
61 154
48 247
9 295
233 295
70 188
35 188
44 192
36 139
58 244
15 239
88 164
7 99
112 156
51 179
58 254
176 192
123 247
15 81
47 198
28 257
7 142
59 130
82 201
22 24
38 297
140 142
259 299
139 154
46 124
270 298
138 229
240 295
75 130
19 42
93 179
27 83
23 244
178 197
22 33
33 265
112 287
138 287
131 198
171 241
141 192
130 249
42 277
178 293
34 163
74 229
84 268
148 181
124 288
233 298
9 72
145 222
165 178
1 199
18 253
17 184
110 129
12 298
102 143
53 88
183 265
8 87
28 156
83 291
41 82
233 256
27 255
1 210
167 219
150 198
159 268
47 251
260 277
27 225
97 110
192 273
26 271
68 186
198 256
48 163
88 243
69 258
67 293
34 230
53 61
173 222
16 275
93 177
29 242
93 166
219 281
80 148
181 216
76 221
125 252
19 222
249 293
16 123
62 81
153 178
17 162
150 250
230 251
50 100
180 279
58 261
24 97
95 248
111 170
110 136
205 262
35 57
8 273
156 223
132 297
227 272
81 248
207 295
70 226
24 299
35 218
143 194
156 293
178 246
285 298
181 250
73 205
44 184
37 223
117 200
25 164
134 146
160 275
28 33
267 289
242 269
179 233
93 159
205 292
46 168
80 228
223 244
121 123
42 145
65 77
55 259
48 216
94 227
80 146
250 285
12 269
80 163
71 203
27 146
2 270
74 174
89 256
13 206
113 248
250 258
76 176
38 237
211 299
15 55
116 276
3 242
65 155
233 248
202 243
69 242
133 223
18 164
63 99
6 60
135 182
43 111
6 239
8 278
147 226
98 197
22 140
170 227
77 85
176 245
196 287
139 295
138 189
77 284
63 89
101 102
88 221
92 174
94 199
53 68
42 220
75 275
33 105
6 102
286 288
264 299
153 228
61 289
110 257
165 230
10 212
50 73
48 127
51 237
80 256
62 65
60 200
7 70
29 55
9 139
37 167
54 59
92 112
36 186
194 227
28 171
37 127
98 164
8 290
68 201
179 226
42 103
240 298
213 296
102 274
18 121
114 294
16 268
75 91
84 272
251 254
1 143
199 269
35 87
4 47
86 125
7 243
132 220
24 259
233 273
30 197
162 291
56 283
294 296
96 205
146 231
271 277
212 267
141 242
3 262
113 131
69 187
17 267
47 191
120 277
56 206
207 285
136 212
165 294
14 196
24 238
12 273
37 203
32 209
6 175
238 266
127 191
62 109
41 123
149 282
67 116
23 81
6 25
50 252
9 56
149 238
172 242
8 297
1 283
41 262
225 259
26 28
106 191
145 167
214 221
89 116
297 298
74 259
141 218
78 258
8 287
90 151
126 194
55 239
11 19
15 113
204 268
16 52
285 295
14 252
12 18
41 91
12 19
30 286
267 286
58 112
29 290
29 53
112 119
188 271
30 74
2 231
118 189
44 276
247 296
1 180
51 244
95 104
105 192
161 241
84 148
124 200
110 158
126 230
144 284
20 155
35 192
45 147
16 299
204 220
38 60
74 201
187 248
16 231
128 202
89 188
175 196
148 244
90 102
166 212
93 100
147 212
247 284
237 268
30 133
141 171
114 253
87 221
255 294
2 150
21 154
202 244
19 54
14 25
260 276
67 118
222 270
185 214
176 296
170 214
44 124
36 89
65 262
27 190
55 181
15 56
14 66
119 250
85 233
162 174
62 242
138 231
202 259
20 42
114 255
122 261
7 162
88 89
238 283
139 244
12 279
19 103
163 193
223 289
0 45
131 156
280 283
6 148
91 167
151 259
73 272
35 196
59 253
218 272
101 268
62 237
255 276
4 104
18 22
145 190
5 297
8 50
16 291
177 274
23 40
17 213
196 244
183 244
27 179
69 191
92 211
149 186
52 135
86 250
241 289
233 281
7 137
77 140
139 260
69 98
62 244
3 75
38 204
19 86
168 215
102 137
7 155
12 277
188 269
152 240
48 219
10 143
36 81
166 199
32 119
101 281
133 192
79 89
7 232
54 247
28 122
33 214
121 204
94 97
36 285
110 192
24 25
42 86
88 108
221 281
154 245
174 199
76 180
49 182
150 254
165 217
16 178
39 156
50 244
204 249
145 254
174 224
70 286
31 198
4 208
16 267
23 133
126 166
150 195
136 263
20 285
158 214
184 210
82 185
20 107
14 118
123 229
33 249
101 121
79 99
67 299
51 144
95 259
13 142
197 281
168 274
2 274
18 128
100 287
81 262
17 149
245 251
250 295
19 99
91 209
65 238
10 172
267 291
241 292
145 209
143 228
76 166
81 276
63 127
95 190
76 92
81 266
68 78
21 245
104 115
263 267
94 134
15 213
157 224
113 277
56 201
170 241
203 240
256 270
67 154
73 86
186 211
106 149
53 203
29 51
100 110
28 166
78 204
51 254
160 250
140 198
127 259
74 198
120 142
82 98
138 219
14 148
171 245
90 285
210 226
33 133
177 223
161 225
58 178
187 273
36 156
144 200
121 176
34 137
152 284
18 207
65 125
41 79
77 197
42 180
72 100
5 87
213 252
148 283
256 293
54 266
53 149
171 202
78 155
71 268
85 299
86 205
199 239
103 174
103 202
192 221
129 199
22 66
22 71
154 294
43 197
20 266
35 50
32 214
66 229
44 272
143 241
113 276
57 276
22 210
29 146
161 275
23 281
8 111
190 268
115 295
19 143
70 78
79 81
274 281
106 179
149 224
69 103
133 237
53 240
112 271
47 286
112 296
111 127
42 88
28 238
96 158
144 285
117 266
30 224
219 289
61 131
43 275
229 245
66 196
185 285
62 144
119 135
51 91
254 277
37 236
43 159
63 120
226 248
195 298
158 285
185 279
155 230
125 194
146 242
15 129
132 183
253 272
183 299
21 117
89 235
15 282
128 194
72 75
34 289
97 237
204 236
51 128
34 217
139 195
211 240
56 99
198 233
18 39
258 293
8 176
25 241
236 256
29 98
101 271
50 138
82 231
7 290
86 93
97 190
91 190
94 242
117 244
145 149
75 223
177 203
87 172
17 169
33 135
113 195
231 268
21 85
10 82
60 287
13 21
120 224
22 126
46 241
48 114
32 125
51 106
198 248
10 221
55 216
171 211
222 282
0 194
133 139
201 245
211 238
196 297
133 292
25 254
158 195
212 232
105 122
212 278
280 296
132 192
12 235
172 294
22 72
174 204
138 282
55 227
105 269
21 76
83 265
2 23
134 191
188 234
253 273
205 227
111 144
198 230
195 246
119 202
83 270
117 297
130 272
65 171
51 102
5 119
96 287
124 285
169 224
71 112
38 143
54 55
14 296
53 228
92 145
135 299
148 288
39 133
31 161
181 226
8 283
3 253
268 289
109 246
25 142
76 208
41 188
204 263
54 108
17 72
129 261
70 178
197 273
57 134
256 291
62 164
111 141
147 170
117 140
29 194
219 283
46 165
63 203
184 249
273 286
142 205
180 265
149 150
149 246
123 299
245 299
234 298
19 281
218 238
95 201
32 146
233 271
95 295
30 213
51 278
13 226
158 265
10 207
205 259
6 252
2 272
17 133
108 275
185 257
75 100
260 299
59 159
104 155
3 20
263 297
180 222
37 170
151 268
17 28
23 153
18 25
155 178
155 275
131 193
163 287
246 280
174 195
2 148
177 202
28 79
227 293
165 185
67 259
109 235
109 191
84 123
24 173
80 94
13 36
21 29
109 147
150 251
7 237
200 276
38 186
140 297
98 206
137 187
20 185
54 252
32 83
34 46
148 227
94 247
127 235
123 183
42 201
12 197
87 215
46 97
131 185
45 203
281 296
194 279
86 173
140 166
23 122
80 99
1 74
97 255
74 234
13 285
103 246
140 143
78 222
56 203
212 294
38 268
2 211
87 236
3 171
80 201
124 256
130 165
6 90
246 256
180 248
226 229
58 255
90 147
45 181
251 273
100 258
225 251
53 65
108 173
176 211
262 263
25 299
86 167
7 195
84 168
115 208
181 282
36 281
91 211
150 266
224 285
43 46
56 235
117 251
70 161
152 202
88 124
60 93
243 292
87 232
16 229
6 107
112 160
27 148
29 77
189 276
32 129
27 237
0 247
84 175
67 215
66 235
92 153
4 133
114 191
24 30
63 241
23 150
126 138
5 226
286 297
101 225
32 212
23 158
49 249
74 167
117 123
44 217
128 264
126 206
253 287
38 181
18 86
145 217
60 245
43 216
136 206
24 40
218 258
50 112
86 176
57 281
7 269
15 157
215 224
130 251
102 176
54 215
65 265
47 73
75 173
150 230
40 252
57 92
82 108
4 207
181 229
239 266
48 147
59 171
202 247
187 196
33 189
150 284
125 258
10 275
137 293
45 248
8 30
72 246
33 197
45 245
48 124
37 188
209 244
274 296
174 295
60 241
12 33
35 269
138 207
101 117
162 275
8 79
263 271
174 281
24 121
65 94
38 214
183 291
205 248
57 124
93 110
93 105
72 200
146 224
13 67
102 233
83 259
67 281
5 223
76 290
80 284
29 88
210 248
236 292
41 51
127 217
196 236
97 239
54 277
192 261
215 248
64 156
11 91
50 201
102 244
162 295
171 218
154 193
178 222
191 236
114 299
109 259
59 110
55 280
129 284
71 212
91 150
274 295
4 59
54 150
104 183
52 190
54 292
114 123
61 162
58 61
38 130
144 172
194 286
33 172
139 258
129 243
45 160
102 124
11 129
126 136
34 106
106 108
15 95
114 229
49 294
71 99
151 292
206 210
153 299
143 202
177 221
93 234
31 194
11 145
107 158
157 191
67 280
107 113
138 281
35 82
292 297
20 174
95 200
63 101
62 222
12 95
108 283
246 247
22 55
185 226
258 274
109 176
11 188
184 275
153 214
129 287
114 187
16 106
39 51
11 75
80 87
80 295
1 223
35 90
225 230
42 161
56 267
194 222
27 131
30 209
146 281
191 237
241 261
191 272
100 222
195 213
15 124
69 112
138 235
6 280
214 259
22 81
45 144
169 236
66 212
51 221
5 181
130 201
127 247
203 204
226 232
223 279
237 295
211 246
134 275
67 179
128 286
10 71
32 152
15 267
21 212
114 192
17 228
18 98
185 284
36 105
148 262
12 115
80 206
164 191
11 163
122 293
138 221
232 262
26 51
33 92
228 271
166 167
30 234
102 263
65 106
112 225
30 124
71 200
10 90
46 178
8 255
50 62
67 174
2 133
97 186
177 228
183 255
219 288
65 157
120 222
60 91
171 265
30 46
132 219
280 293
159 286
41 267
261 269
47 78
185 223
217 286
131 186
74 122
221 293
148 199
79 252
200 227
34 118
73 209
129 136
8 231
146 291
154 296
86 258
52 188
107 137
111 282
111 223
55 148
50 175
140 253
182 288
7 189
236 254
58 91
201 207
44 96
77 265
29 209
168 252
211 265
214 289
113 222
46 54
8 83
200 283
73 136
139 245
62 246
51 233
22 163
216 267
222 228
125 131
125 289
244 292
173 262
55 158
162 258
42 101
79 250
193 224
42 223
12 59
185 224
138 206
65 142
79 123
5 215
56 89
149 265
40 66
3 267
86 104
147 294
158 281
8 219
59 99
92 131
140 283
84 277
46 138
17 113
44 219
18 257
192 298
22 132
104 254
18 282
11 132
185 234
35 49
48 231
136 298
91 259
7 227
126 280
69 176
47 120
6 262
20 100
40 132
148 224
91 142
80 111
166 183
250 257
23 245
160 174
238 288
186 235
179 212
80 156
137 177
185 294
222 299
184 231
108 227
15 254
12 262
199 261
156 227
258 265
10 276
52 98
43 97
157 283
14 267
41 109
13 20
101 236
90 238
109 115
217 288
132 205
65 232
81 294
81 96
7 208
218 286
75 140
43 175
66 126
123 198
33 163
134 171
71 161
4 246
9 187
187 243
130 162
26 252
215 299
18 28
52 162
60 73
26 270
101 124
132 201
8 280
48 89
68 202
201 231
45 170
145 151
30 210
89 216
24 177
186 231
79 209
220 297
275 280
144 260
105 290
38 52
183 237
4 198
117 283
145 267
14 120
25 240
139 226
48 104
152 221
200 230
15 151
85 211
30 135
79 129
192 285
78 274
225 229
23 44
67 108
68 240
110 146
1 139
85 268
104 185
66 184
36 140
3 105
194 267
59 114
65 160
224 252
124 178
43 59
5 246
209 287
52 196
94 221
79 150
18 244
127 192
92 250
83 158
183 234
78 124
77 283
17 31
52 291
85 101
13 244
211 223
177 288
46 172
43 255
211 287
127 142
28 233
49 297
67 132
136 162
37 275
171 221
156 282
240 270
160 236
10 245
212 275
30 186
9 23
114 248
183 232
224 246
108 215
88 104
134 173
68 126
131 251
19 139
73 208
190 246
70 246
83 166
63 108
264 277
80 152
19 101
28 284
131 294
14 285
76 276
241 288
29 213
0 51
34 152
93 258
92 124
222 258
69 89
128 269
72 229
63 154
53 274
10 16
69 111
28 110
17 19
80 151
85 139
155 190
168 248
44 86
4 157
177 242
15 111
66 104
162 213
53 192
36 93
24 210
30 227
125 282
116 205
192 225
176 230
270 273
133 166
121 285
135 266
13 103
210 251
34 139
216 265
124 164
18 38
37 126
43 224
89 95
92 243
105 250
119 221
113 143
154 229
143 274
98 114
33 207
4 102
173 255
81 202
23 25
186 278
110 255
5 14
173 210
49 176
6 57
20 143
147 156
17 217
269 275
120 272
11 201
19 173
26 177
175 276
31 46
221 274
209 215
27 181
180 238
41 118
5 235
42 146
30 246
183 206
66 299
142 283
91 184
94 205
11 268
3 155
110 230
176 217
193 239
103 177
198 201
195 291
94 175
58 140
123 146
16 153
44 119
36 39
125 218
220 235
198 273
89 102
34 203
111 206
32 177
165 250
151 249
121 292
71 100
176 177
272 282
122 128
84 119
190 238
116 225
40 52
157 295
48 56
78 209
26 69
134 280
14 156
96 153
168 244
197 210
162 205
66 209
81 89
98 173
211 215
9 233
4 116
276 293
52 172
119 172
93 104
134 145
153 285
1 131
103 210
0 77
67 205
113 287
184 282
184 241
64 145
21 191
266 268
196 251
255 292
1 95
3 268
8 99
59 151
63 135
121 163
29 279
106 240
173 236
279 292
57 221
13 235
194 217
130 281
64 268
60 117
13 42
66 101
18 219
232 251
36 297
29 246
5 50
134 258
102 225
261 262
61 202
55 261
138 244
150 213
99 229
1 25
160 290
65 97
4 248
79 192
12 244
32 191
11 289
91 283
134 142
15 201
34 231
123 185
132 142
8 44
3 200
136 164
243 281
204 281
93 96
95 140
102 235
89 149
27 238
51 188
133 289
136 137
259 284
200 289
91 294
75 190
75 248
90 254
163 187
1 207
205 214
149 222
117 158
12 25
249 292
74 141
35 231
183 264
52 166
39 273
159 174
108 225
90 132
88 138
180 209
0 256
41 249
39 198
226 286
23 56
178 209
68 193
41 84
175 229
5 108
168 173
65 67
208 236
76 234
20 234
90 121
9 68
10 214
10 28
117 256
101 292
6 250
265 287
146 181
197 274
81 91
192 291
219 280
43 295
243 280
41 181
10 200
11 115
12 217
33 262
60 62
125 238
140 188
38 196
6 95
84 179
23 252
83 225
244 266
205 211
181 274
42 186
166 168
201 226
111 143
96 289
5 286
95 146
194 284
61 292
78 246
275 277
200 295
154 209
51 255
57 138
10 11
56 247
38 127
159 265
73 157
27 129
40 81
152 239
91 123
27 143
64 221
62 280
54 114
56 244
25 158
61 189
165 243
204 252
151 164
190 193
21 110
2 22
1 107
3 178
6 235
11 216
128 294
136 256
126 222
67 187
119 269
74 258
44 97
41 124
181 222
221 282
87 260
197 200
29 97
52 272
90 274
129 192
0 251
42 50
121 198
55 124
96 259
74 151
164 197
58 177
32 35
106 256
127 296
112 153
47 283
170 228
124 125
56 154
33 204
142 224
75 80
84 228
49 181
55 224
11 290
195 277
189 225
20 163
48 151
51 85
186 264
123 217
12 156
166 227
56 147
21 124
44 236
257 284
50 205
60 293
126 260
106 170
73 78
148 260
30 244
95 127
3 84
27 153
201 237
43 84
110 221
61 103
117 233
39 97
37 191
95 235
109 119
59 113
49 132
201 263
51 189
200 224
180 203
51 58
11 117
36 117
89 91
194 255
95 133
20 144
290 294
80 134
104 226
90 211
96 200
4 22
167 265
35 160
139 289
162 203
175 284
220 277
73 156
32 92
5 222
53 74
174 290
1 116
160 242
119 157
164 271
127 249
231 250
125 174
145 204
12 205
147 279
86 122
122 190
93 242
121 185
259 286
184 242
19 70
183 259
19 74
86 114
280 282
76 282
61 163
45 249
166 224
97 293
88 191
78 287
166 196
25 227
46 116
21 213
102 276
105 280
12 195
90 286
24 34
122 251
155 268
54 87
63 288
173 180
76 149
204 274
209 295
11 99
224 226
55 287
192 257
71 231
212 228
157 280
271 291
58 153
105 178
201 210
201 251
14 151
94 209
163 223
19 203
4 229
136 289
161 202
258 262
149 237
128 141
103 203
120 148
22 243
5 271
78 125
219 290
198 297
13 172
74 254
118 281
23 63
184 188
111 180
112 135
161 162
119 295
10 240
82 142
94 133
41 206
212 255
55 264
115 185
21 215
172 241
91 125
168 261
2 238
43 228
99 235
203 226
109 167
251 275
140 296
156 204
15 228
33 54
242 246
214 262
57 132
61 205
239 251
62 198
16 207
2 139
60 191
98 223
55 235
21 238
235 285
133 165
41 89
151 181
218 235
57 214
119 125
115 184
27 130
102 178
36 120
160 259
142 280
18 132
151 239
104 148
11 228
94 104
85 279
166 262
148 209
111 188
181 211
43 147
244 247
96 236
11 200
33 282
186 239
12 83
27 90
122 171
165 233
19 271
125 247
169 233
64 113
185 260
0 281
32 216
128 234
63 93
190 226
104 111
3 33
266 278
21 263
100 266
162 186
130 218
15 196
132 163
219 262
48 256
55 256
87 205
6 88
148 164
249 289
106 279
73 79
75 285
216 232
36 233
110 128
25 235
101 186
145 177
13 259
14 200
89 93
175 241
10 156
182 237
66 186
255 282
142 214
129 282
194 200
57 245
36 112
113 186
34 177
32 257
72 222
43 55
233 257
117 231
262 285
156 168
52 149
205 279
81 204
105 159
31 182
98 176
22 139
62 259
31 121
64 131
25 31
165 247
3 218
211 273
108 192
171 290
99 217
59 186
51 151
140 214
175 227
277 280
51 208
26 63
188 255
12 119
113 126
67 113
257 291
24 136
49 124
103 165
12 72
10 161
22 229
44 166
147 227
157 226
62 138
242 274
42 174
154 265
22 102
35 232
155 256
186 230
103 227
153 259
14 60
0 165
129 212
14 273
47 56
209 272
99 199
23 55
145 156
31 188
164 182
232 250
39 157
34 126
47 246
211 267
117 288
78 226
188 262
197 257
147 290
25 294
20 104
142 189
123 288
149 174
62 252
230 255
152 174
148 185
43 188
158 218
131 232
133 169
168 288
164 235
127 264
71 166
144 266
15 246
16 58
69 76
250 281
67 112
142 266
82 241
97 187
213 291
29 192
120 199
5 174
4 110
124 298
225 292
48 113
1 279
32 253
60 148
81 211
82 235
217 266
58 272
4 296
88 144
62 66
48 203
247 274
69 183
65 240
182 230
81 123
135 139
253 261
66 159
156 297
70 232
130 273
231 255
25 165
16 48
27 168
122 235
35 233
56 218
18 245
244 290
149 184
32 86
148 161
43 71
82 83
46 76
178 253
38 191
143 144
124 149
204 212
189 257
58 199
152 250
35 48
166 232
196 202
81 213
181 188
111 167
40 145
111 200
87 107
42 283
22 29
48 132
103 204
131 205
57 173
61 83
30 41
99 203
91 164
145 278
117 118
209 242
7 172
199 254
88 248
120 155
24 195
117 179
69 260
142 232
85 260
64 240
98 168
157 177
68 147
12 236
120 244
80 198
119 130
65 165
41 114
2 73
5 277
155 264
59 62
17 291
21 202
191 298
211 247
88 294
84 283
36 239
124 196
132 206
130 219
25 167
62 211
165 282
94 165
0 43
212 269
115 194
68 81
178 228
204 221
173 176
194 283
45 161
110 275
78 241
41 72
34 256
73 200
198 261
35 161
82 215
50 296
8 299
75 280
52 72
91 158
167 261
110 274
9 34
72 231
201 235
180 240
61 150
37 193
1 37
183 275
81 159
22 141
98 165
118 140
8 237
161 222
78 235
80 280
192 283
24 247
128 236
41 184
131 165
22 138
109 125
54 234
2 50
112 126
141 153
193 288
47 142
39 248
169 266
16 45
31 111
99 249
79 294
39 182
131 261
265 297
104 188
233 288
54 76
126 296
69 281
0 234
205 288
19 193
167 247
146 195
35 200
33 118
68 262
133 180
138 297
208 274
116 219
24 168
15 54
70 283
111 254
117 183
138 251
85 156
72 138
146 275
177 298
72 248
5 75
73 140
55 240
105 144
210 242
157 181
120 195
81 291
1 154
46 262
69 83
67 260
20 122
0 57
179 222
26 68
52 176
62 193
20 245
68 207
91 226
32 93
9 112
205 266
111 199
217 298
190 194
68 122
94 203
144 264
44 208
2 202
132 190
4 267
113 135
95 142
64 196
18 42
166 251
209 248
186 221
93 260
136 214
68 113
98 175
10 268
100 161
34 265
217 247
66 106
24 157
28 140
99 258
204 218
104 223
133 167
141 293
70 158
198 207
41 43
154 194
209 266
126 254
102 198
173 201
200 269
86 227
174 294
86 291
58 263
74 223
32 143
123 170
127 241
155 245
168 263
36 260
53 162
116 296
10 253
138 175
109 209
199 231
97 246
26 150
54 209
151 195
129 170
38 272
23 57
22 226
152 274
46 224
72 120
111 160
122 296
100 195
127 220
153 280
137 166
59 173
115 216
163 183
138 144
215 263
270 296
1 276
5 142
71 146
100 217
95 222
52 294
143 294
0 169
41 101
153 240
57 104
49 283
168 269
11 88
13 257
67 146
35 156
174 210
8 119
113 230
32 142
74 204
279 290
160 282
14 288
77 94
258 299
29 271
9 146
32 134
241 253
220 254
100 250
93 233
59 274
1 202
130 299
49 110
170 251
48 255
101 181
34 285
28 176
90 166
113 298
58 231
4 89
13 217
39 226
137 209
57 119
27 232
123 273
91 113
31 289
246 275
17 24
108 216
7 33
97 192
48 273
190 247
28 186
45 298
160 230
118 232
44 122
1 195
279 287
72 107
71 171
151 207
40 86
4 80
144 155
74 145
269 271
29 197
120 227
42 46
225 228
73 130
133 268
115 211
81 263
221 261
24 56
197 272
270 272
100 130
54 145
49 203
14 68
28 268
0 10
234 251
188 284
14 251
50 127
108 211
86 214
112 217
154 269
182 267
4 79
204 217
96 221
151 198
50 121
150 193
113 142
132 212
46 149
193 298
96 169
7 121
33 242
21 42
76 102
107 217
56 90
205 216
187 240
198 267
94 116
281 289
168 260
181 224
158 271
207 268
67 257
35 37
127 212
103 283
163 293
186 191
84 286
95 183
83 105
40 65
36 263
30 145
45 100
40 119
187 292
14 231
31 200
201 221
84 172
57 161
65 100
191 233
127 289
55 87
52 117
41 90
164 242
58 239
57 196
55 61
161 169
25 271
57 280
97 102
36 291
82 135
125 204
72 92
90 294
27 54
116 125
10 206
191 270
3 152
65 256
78 111
41 170
216 236
176 187
214 247
11 234
78 250
43 136
64 259
43 257
59 136
19 208
77 222
116 204
4 129
38 279
6 42
105 166
100 229
235 298
25 229
121 218
94 140
33 258
31 166
111 120
185 203
35 120
199 204
119 259
175 231
77 171
178 284
119 256
4 156
49 66
81 220
191 257
6 13
140 171
238 252
144 236
131 200
120 205
177 284
113 223
251 268
265 269
40 191
12 283
188 265
108 264
101 287
196 222
17 237
110 294
52 142
4 9
268 286
203 294
163 192
275 298
87 90
24 192
111 213
216 240
8 197
13 41
111 298
226 231
58 68
96 211
176 263
160 261
95 184
68 86
24 66
136 266
78 203
29 122
185 267
20 49
128 298
20 220
167 211
128 165
168 223
198 299
144 232
51 93
11 33
185 254
191 252
12 228
108 274
277 283
228 239
86 268
22 50
132 139
37 286
137 215
114 186
138 178
43 103
59 278
71 172
135 160
218 282
165 264
155 202
17 42
55 265
87 263
103 266
145 165
39 155
1 46
108 159
115 269
173 229
70 86
154 187
192 224
39 64
174 299
156 216
87 243
85 238
62 206
172 194
19 217
144 217
64 293
22 114
161 199
14 286
65 210
173 276
30 168
9 97
34 136
70 265
68 225
1 48
157 293
21 156
76 178
291 293
229 254
103 287
53 245
46 261
10 179
72 118
194 249
166 291
139 141
70 113
243 287
29 219
6 263
73 114
1 291
242 294
39 94
195 202
21 277
163 207
211 253
50 86
72 109
193 241
9 248
57 264
166 214
66 95
74 93
195 222
39 229
247 272
133 251
123 165
58 270
133 140
94 141
85 269
111 285
274 297
124 168
156 237
129 258
95 207
192 254
54 196
74 170
155 232
28 91
100 162
142 192
26 117
15 140
112 254
212 222
25 173
9 117
150 197
5 256
214 226
239 273
121 197
143 236
154 224
59 288
131 218
278 297
119 132
165 253
153 264
42 274
124 134
195 286
270 277
25 283
149 233
98 255
139 146
50 115
61 66
227 287
51 105
40 88
48 139
58 150
